ISO_CODE,AD,AL,AT,BA,BE,BG,BY,CH,CY,CZ,DE,DK,EE,ES,FI,FO,FR,GB,GI,GR,HR,HU,IE,IM,IS,IT,LI,LT,LU,LV,MC,MD,ME,MK,MT,NL,NO,PL,PT,RO,RS,RU,SE,SI,SK,SM,UA
AD,0.0,0.1152450481028543,0.1076343484335029,0.1376298727738248,0.1011094120530338,0.1583472658596202,0.1197440991621057,0.0973464318380918,0.1201479983312359,0.1187942839536131,0.1111129178363909,0.1252547210302946,0.1106057521877084,0.0920856587898096,0.1422207625412822,0.1626659154866339,0.0972755785096575,0.0964071823229151,0.1761927321818767,0.1262731427124719,0.1440644743434419,0.1213911216194287,0.1230942773760602,0.1437412420342451,0.1359683003173983,0.0970699755660539,0.2092474528157359,0.1462775396401179,0.0827589176093668,0.1036581839995416,0.2222779741446146,0.1113860676353566,0.1109229974040689,0.1255221146156323,0.1199296090469278,0.1126062422824814,0.1462599163462109,0.1307082302265714,0.0967633690251219,0.1425803073777957,0.1303983463539534,0.1116660985722699,0.1249553175896369,0.1225598634063462,0.1355266871944354,0.2704909045328072,0.1149918194425577
AL,0.1152450481028543,0.0,0.0962971563214397,0.0637900365105899,0.0872217180939861,0.1081671580876754,0.0715656605117645,0.0882209795027635,0.0746246373871114,0.0954120493678486,0.1005297271231777,0.1040933118970494,0.0877247277481741,0.0674025410646458,0.1267075958078969,0.2013876559517653,0.0966994736703366,0.0878875761070634,0.2304788727273587,0.0767619542417343,0.0869186521952125,0.0899399018029178,0.1020993200680883,0.162305583031694,0.1047222431948453,0.0564025161010174,0.2697410943100974,0.1188832597456088,0.0744831399139343,0.0762988832507831,0.2870197912573002,0.0616192438745115,0.047081143462739,0.0573172096290269,0.0981802524393025,0.0923676760885737,0.1395490491361722,0.0830673577325323,0.0873979628174981,0.0863803718664387,0.0580757229507561,0.0675009792992635,0.1184732584109539,0.0835471362542202,0.0905648670460346,0.3158888384949002,0.0837849599421518
AT,0.1076343484335029,0.0962971563214397,0.0,0.106745324585432,0.0391893273507543,0.1372660358657077,0.0928171114245608,0.032655142657505,0.0890429886866734,0.0695938242191176,0.020278024779667,0.0722451953606184,0.083846208179365,0.0557395489855628,0.0793381110504396,0.1657423878612083,0.0492967254713858,0.0661216538647914,0.2127707219754565,0.0954688832619492,0.0947795540362373,0.0669454196848787,0.0824318882339153,0.1432253429208775,0.1004576561500555,0.0645869688803111,0.2134447952281905,0.1013945373132646,0.048849803374583,0.0716899152291372,0.2797889131507601,0.0833557470754093,0.0972898606021589,0.0997086887833231,0.0983709414236266,0.0546090047238756,0.086319597073923,0.0800950310043029,0.0730844755665305,0.1160214301582066,0.1061241008576625,0.0842058311330253,0.0631644739914727,0.0677030724041796,0.084094433661505,0.3045687153422666,0.0897778704449421
BA,0.1376298727738248,0.0637900365105899,0.106745324585432,0.0,0.0994059963159224,0.0877714127316874,0.0850539737072212,0.1096536108534629,0.0700770798609851,0.0752991511390264,0.1148449896966548,0.1103782012568296,0.0840532122950955,0.0698987577638374,0.1389606672910935,0.2188087289033722,0.117042705628675,0.0855487094120783,0.2303065720112102,0.0726127435436367,0.0548778298496084,0.0729109079859914,0.0824736794931965,0.1710018045653617,0.1132995331284203,0.0741592358522305,0.2676666673203337,0.0877922856482162,0.0857482686071809,0.0612840167450661,0.3018646169365467,0.0537581263918849,0.0397511813087757,0.0495351416035716,0.0984868617199131,0.1022594693505599,0.1522411654373791,0.0559442458036008,0.0812448211798854,0.0713289391721669,0.0308729876720637,0.079073830261951,0.1158522414089965,0.0664904889965239,0.0724379397637856,0.3076790532076183,0.076089310607684
BE,0.1011094120530338,0.0872217180939861,0.0391893273507543,0.0994059963159224,0.0,0.127202912325493,0.086260162716884,0.026969129807544,0.0791171921638277,0.0760437558671668,0.0434961098004721,0.0568262173568416,0.0777555300744757,0.0514377279066758,0.0706732292313314,0.1657500471697807,0.0397628601096736,0.0617913491078111,0.1910660328181923,0.088964587598923,0.0977038132039189,0.069943713039893,0.0756299083639117,0.1350304575728046,0.1027544597430527,0.0535594395310249,0.2268946401645928,0.0930748470155566,0.0373311416614779,0.0643911279984227,0.2622240106477759,0.0759755319645147,0.0830976082661664,0.089692967489962,0.0886430282089094,0.0274390916839951,0.075574076726949,0.068297574526997,0.0680478872001533,0.1091453935078591,0.0936322544722678,0.0770157239949385,0.0545191200915409,0.0764495041095326,0.0907906961988275,0.301754998778044,0.0844255153348318
BG,0.1583472658596202,0.1081671580876754,0.1372660358657077,0.0877714127316874,0.127202912325493,0.0,0.1375064587792811,0.1478122745458628,0.0983273988967241,0.0892614276247023,0.1350223492315707,0.1341826972287085,0.1378416325420812,0.0994636826779873,0.176510724978843,0.2182785353872469,0.1337311507386328,0.1117723872999778,0.2213796316918623,0.0457185215627593,0.0703146768069208,0.0757350413321944,0.1235551413386911,0.2010720973111988,0.1555592826134665,0.0932490435635389,0.2645647388095421,0.1104620169508924,0.1126094997956591,0.1066990147429511,0.2746840429893508,0.1080542628506784,0.0944514188004422,0.0802583555304506,0.1244313366747844,0.1120034141291032,0.1892292561812554,0.0716774503413947,0.1008129895663141,0.0516604013827951,0.0658817765212405,0.1129116047774811,0.1384828095816307,0.0980151382397772,0.0721413900042213,0.2678599123640025,0.0890785037199439
BY,0.1197440991621057,0.0715656605117645,0.0928171114245608,0.0850539737072212,0.086260162716884,0.1375064587792811,0.0,0.0813321426254142,0.083251430849682,0.0867219500549207,0.1098153205801254,0.1070523454223071,0.0662574551980035,0.0788246499408236,0.1273567320490867,0.1883005201174195,0.0958709485675559,0.0773409194438702,0.2366047277290511,0.1081082218622732,0.107834251192088,0.0923870975273477,0.0960194794239884,0.1315943399135684,0.1100322061746789,0.082718722236651,0.2531905628066389,0.0898402011663861,0.0648467946873221,0.0518041805564525,0.2988998557618454,0.0379317680392753,0.0632186053408931,0.0727414077837328,0.1026184284619753,0.1063737445948461,0.130194323772278,0.0897866572591948,0.1004028678082623,0.1174980403215736,0.0848581032503303,0.0162588436772017,0.104479086697701,0.097907974266363,0.0870627929793627,0.3268621024497007,0.0378689952759085
CH,0.0973464318380918,0.0882209795027635,0.032655142657505,0.1096536108534629,0.026969129807544,0.1478122745458628,0.0813321426254142,0.0,0.0789270861158772,0.0848180294367911,0.0386275529987792,0.0715589434753158,0.0698902002054857,0.055013743228529,0.0821085340361252,0.1632080013809583,0.0502317619360255,0.0543413954575731,0.1974802989775449,0.104506112800719,0.112022614961829,0.0741348034787378,0.0763374011783259,0.130594895054622,0.0915406453472439,0.0499827184933839,0.2098699379244872,0.1027453983161094,0.0414771619650224,0.0614761602590582,0.2671838334033548,0.0769619046462505,0.0914234661804543,0.0968559778045646,0.09248626528247,0.0530489434357087,0.0809180399600922,0.0831643265047523,0.0742518683483666,0.1266248159991418,0.1097263632411036,0.0758973898677843,0.0657300246609249,0.0867629725366544,0.1052182847808578,0.3027595786965097,0.0880523278008225
CY,0.1201479983312359,0.0746246373871114,0.0890429886866734,0.0700770798609851,0.0791171921638277,0.0983273988967241,0.083251430849682,0.0789270861158772,0.0,0.0821230069566392,0.1101189701017222,0.1041181737260227,0.0844252077290198,0.0512023366988247,0.1226232955734933,0.205425427222464,0.0951693010845818,0.0708574006956604,0.1839024259786501,0.0508932711299557,0.0698526066008764,0.0640552289180771,0.066846075001224,0.1475857125940498,0.1141929170113482,0.0565772435978971,0.2403797043738493,0.0586269129052219,0.0637693523646151,0.0661271978592926,0.2695874684343975,0.0463824898763082,0.0600349418699238,0.059439111527343,0.0485304685471499,0.0842954478638765,0.1427826388532813,0.0737587408805767,0.0590137472151727,0.0783502221518477,0.0689487933089725,0.0751091108162866,0.1157329469092663,0.06580878509658,0.0740771526697174,0.2746352315384116,0.0723581013713068
CZ,0.1187942839536131,0.0954120493678486,0.0695938242191176,0.0752991511390264,0.0760437558671668,0.0892614276247023,0.0867219500549207,0.0848180294367911,0.0821230069566392,0.0,0.0735870112851567,0.0760377800179907,0.0794572814138655,0.0585544632545687,0.093655797837719,0.1649744278703722,0.0741442543973593,0.0614509886214763,0.2047537068702322,0.0674035877045737,0.0657083854654454,0.0426524024032819,0.072586271667619,0.1449828541924058,0.0995112951136196,0.0697334217099711,0.2339905692448003,0.0824688527584682,0.0616239111533095,0.0607794697368874,0.2772317811317822,0.0675878415203847,0.0702819244454077,0.0845847622243283,0.0922897837946884,0.0756939009572578,0.1047641834414085,0.0597684249587978,0.0583250741041856,0.0751138489882372,0.0637909794259827,0.0695999625258307,0.0695729815333423,0.0543570827983408,0.0260929888870966,0.2940593485957796,0.0581532213067175
DE,0.1111129178363909,0.1005297271231777,0.020278024779667,0.1148449896966548,0.0434961098004721,0.1350223492315707,0.1098153205801254,0.0386275529987792,0.1101189701017222,0.0735870112851567,0.0,0.0704886645945218,0.0929345249087987,0.0578126940896469,0.0741255784823922,0.1664167888994097,0.0476613565266519,0.0708838892663964,0.2208315768613959,0.0982798330467593,0.1062654549372505,0.0739217133006159,0.0950575631135668,0.1602279753480378,0.1128808887625515,0.0685740537591159,0.2220406496982764,0.1232517351754254,0.0619916461670568,0.0811013902539244,0.285837644276242,0.1022120597984121,0.1079283885262867,0.1111417047050431,0.1234889484371072,0.0516643700770481,0.085721908244856,0.0849419817542611,0.0819485290523857,0.1186768836173873,0.1128614168694065,0.0938812737615953,0.0612583994532819,0.0809892811794465,0.0911929968321808,0.3153195288133539,0.1016864468035517
DK,0.1252547210302946,0.1040933118970494,0.0722451953606184,0.1103782012568296,0.0568262173568416,0.1341826972287085,0.1070523454223071,0.0715589434753158,0.1041181737260227,0.0760377800179907,0.0704886645945218,0.0,0.0839767849143413,0.0753706782757818,0.0483688620136724,0.1684727768748285,0.0762074371823565,0.0834976437318847,0.2174754361697052,0.0950343206241565,0.1034317202896347,0.0818054264978654,0.0996619512326008,0.1533847046408382,0.1238074577703269,0.0806127230573581,0.244012865688044,0.1218975895108249,0.068105334288388,0.0719966502593834,0.2885999493072644,0.0960275962745994,0.0965746796478889,0.1063931995691261,0.1182508695336512,0.0596015051839233,0.0472418317547362,0.0799549281482473,0.0883161570207859,0.113473572660691,0.1000466719524959,0.0959224423736621,0.0461727528190122,0.0848009547577675,0.0902466687063887,0.314964399830733,0.0888472049755517
EE,0.1106057521877084,0.0877247277481741,0.083846208179365,0.0840532122950955,0.0777555300744757,0.1378416325420812,0.0662574551980035,0.0698902002054857,0.0844252077290198,0.0794572814138655,0.0929345249087987,0.0839767849143413,0.0,0.0762767590477414,0.0907808497028376,0.1944813385344596,0.0862390190631143,0.0706551258981148,0.2133116677701596,0.109462536584388,0.1132279320110541,0.0892999432283613,0.0891117787111478,0.1330217040510065,0.0996541038391581,0.077808927710545,0.2348560076184226,0.0938283055336088,0.057191328055259,0.0355421404547263,0.2865297518276363,0.0614205967411733,0.0712245136997387,0.0843224580458293,0.0935658219574255,0.0859437141098522,0.1049462298286058,0.0935145433349398,0.0863154056379742,0.1158997589246398,0.0864789770473943,0.0613263718919322,0.0832378440583381,0.0852917992037487,0.0982771383663628,0.3159931866262586,0.0736239547328496
ES,0.0920856587898096,0.0674025410646458,0.0557395489855628,0.0698987577638374,0.0514377279066758,0.0994636826779873,0.0788246499408236,0.055013743228529,0.0512023366988247,0.0585544632545687,0.0578126940896469,0.0753706782757818,0.0762767590477414,0.0,0.0896842739182693,0.1709174069716749,0.0538288314957707,0.0570693119187016,0.2005057748314972,0.0542273481713908,0.0668674862897271,0.0600507799212636,0.0672655760673979,0.1480011207050363,0.0945937430396574,0.0369379068536654,0.239692448476643,0.0785814525632997,0.0554047339028662,0.051443535056334,0.2716953303322799,0.0570850264351243,0.0618839184244069,0.0719615453991394,0.0773601321708037,0.0560065979016707,0.1026272757305488,0.0625402811158346,0.0338123872200439,0.0784426192986068,0.0616363603431059,0.0647705473453933,0.0771603348419385,0.0519435338078445,0.0673170193876886,0.2810009877953875,0.066696037750827
FI,0.1422207625412822,0.1267075958078969,0.0793381110504396,0.1389606672910935,0.0706732292313314,0.176510724978843,0.1273567320490867,0.0821085340361252,0.1226232955734933,0.093655797837719,0.0741255784823922,0.0483688620136724,0.0907808497028376,0.0896842739182693,0.0,0.1884440302806239,0.0831686654159602,0.1076267689472432,0.2472987785045003,0.1296264978097292,0.1403006588979007,0.1065217675363399,0.1181341310548172,0.1877595592807279,0.128491401781976,0.1103958227789462,0.2697472371570144,0.1448238314838803,0.0907426850180195,0.0881350898409218,0.3197496262011734,0.1231126928702682,0.1300361415521849,0.1420372713989777,0.1478508957073057,0.0679906010052897,0.0532746317945957,0.1068925240928685,0.105171582935579,0.1505398939450786,0.1358259275090104,0.110013930336716,0.0518916973568183,0.1024657277642331,0.1173288444346878,0.3449382671351997,0.1118025816922337
FO,0.1626659154866339,0.2013876559517653,0.1657423878612083,0.2188087289033722,0.1657500471697807,0.2182785353872469,0.1883005201174195,0.1632080013809583,0.205425427222464,0.1649744278703722,0.1664167888994097,0.1684727768748285,0.1944813385344596,0.1709174069716749,0.1884440302806239,0.0,0.1546197334710124,0.1458291869177551,0.2555108145770505,0.180541322885905,0.2055469252051083,0.1779517786517526,0.1842852054492593,0.1898311612844063,0.1528257386292633,0.1763152798073535,0.2356493763736808,0.2306095481825594,0.1560333576022694,0.1798623386464958,0.2650396086930364,0.2007457575286839,0.2063363970649281,0.2105655207759149,0.2109802412696964,0.1763598189920803,0.1730397942115578,0.1834405119613318,0.1745406990237574,0.2186252936439933,0.2022785355205558,0.1787700625332473,0.1605337842523443,0.1979798969875863,0.1864299127461571,0.2938644920997648,0.174241018129704
FR,0.0972755785096575,0.0966994736703366,0.0492967254713858,0.117042705628675,0.0397628601096736,0.1337311507386328,0.0958709485675559,0.0502317619360255,0.0951693010845818,0.0741442543973593,0.0476613565266519,0.0762074371823565,0.0862390190631143,0.0538288314957707,0.0831686654159602,0.1546197334710124,0.0,0.0655921326008732,0.2059444839859042,0.0924170023263727,0.1069991905895362,0.0804468614277995,0.0919846614791004,0.1497706056032084,0.0991451312901239,0.0627012358841727,0.2349948667208884,0.109935766243376,0.0459777982901996,0.0728396996270994,0.2562466583739322,0.0915153235795409,0.095680642264404,0.1034001626326625,0.1065363504120465,0.0614556075681611,0.0958675798700865,0.0818221263860273,0.0649871582020483,0.1145720938270187,0.1049519104211327,0.0819064852921183,0.0725542868832044,0.0780914871863585,0.0939460858568834,0.3045583849666733,0.0905214837275398
GB,0.0964071823229151,0.0878875761070634,0.0661216538647914,0.0855487094120783,0.0617913491078111,0.1117723872999778,0.0773409194438702,0.0543413954575731,0.0708574006956604,0.0614509886214763,0.0708838892663964,0.0834976437318847,0.0706551258981148,0.0570693119187016,0.1076267689472432,0.1458291869177551,0.0655921326008732,0.0,0.1614576387174677,0.0793168904098831,0.0918518351784045,0.0571023146567803,0.0341613699989939,0.0983373087489295,0.0851635477649995,0.0651683568215536,0.2110851095107706,0.0904925803742211,0.0486838500845898,0.0559957981718898,0.2476107143068671,0.0630560864931273,0.0731178340019648,0.0805092065411104,0.0681904080846644,0.0733148807200034,0.1111585485752205,0.0755802749435242,0.067423044769211,0.0973431899489389,0.0851213425536537,0.0694576530814355,0.0822178866486124,0.0768457468077291,0.0774632308838757,0.2698796951683497,0.0671436929414551
GI,0.1761927321818767,0.2304788727273587,0.2127707219754565,0.2303065720112102,0.1910660328181923,0.2213796316918623,0.2366047277290511,0.1974802989775449,0.1839024259786501,0.2047537068702322,0.2208315768613959,0.2174754361697052,0.2133116677701596,0.2005057748314972,0.2472987785045003,0.2555108145770505,0.2059444839859042,0.1614576387174677,0.0,0.1972774200088544,0.2195774424307203,0.1984354635023204,0.1798796821532036,0.1989610651077553,0.2493853490528668,0.1955957071950825,0.25806430204842,0.2115488735798067,0.1718096072259852,0.2033575284771863,0.2367689864417995,0.2037764563560702,0.2094542919970551,0.2071335253707427,0.167595188865223,0.1995373999274577,0.2518500750676987,0.2314958949174022,0.2063632055753542,0.2212073482501207,0.225843643260672,0.2166155755098741,0.2262773151916005,0.2115927668577699,0.2271305628233892,0.281471094646569,0.2079063834765813
GR,0.1262731427124719,0.0767619542417343,0.0954688832619492,0.0726127435436367,0.088964587598923,0.0457185215627593,0.1081082218622732,0.104506112800719,0.0508932711299557,0.0674035877045737,0.0982798330467593,0.0950343206241565,0.109462536584388,0.0542273481713908,0.1296264978097292,0.180541322885905,0.0924170023263727,0.0793168904098831,0.1972774200088544,0.0,0.0490091816800274,0.0551981028676457,0.0941729756533922,0.1684571714627868,0.1207160304423048,0.0531723021867701,0.247931841519026,0.0821276856105224,0.0823040613072138,0.0742639192625438,0.2606795183027769,0.0726639394905425,0.0709310853497906,0.06209550682661,0.0861943058014432,0.0786707554361192,0.1421229429832281,0.0578835612916251,0.0578738214709265,0.0461002577689221,0.0505598466577089,0.0875735728493662,0.1007245322225065,0.0609696029519517,0.0632628377012443,0.2656864363587861,0.0665407597423396
HR,0.1440644743434419,0.0869186521952125,0.0947795540362373,0.0548778298496084,0.0977038132039189,0.0703146768069208,0.107834251192088,0.112022614961829,0.0698526066008764,0.0657083854654454,0.1062654549372505,0.1034317202896347,0.1132279320110541,0.0668674862897271,0.1403006588979007,0.2055469252051083,0.1069991905895362,0.0918518351784045,0.2195774424307203,0.0490091816800274,0.0,0.0522206439804169,0.0906772052440243,0.1717420439924145,0.1194677493985854,0.0703943797433872,0.2529425043202391,0.088728740620251,0.0855844174320711,0.0835008893322738,0.2936973616111012,0.0674398454881528,0.0576626406774275,0.0626235764693567,0.0929261723278027,0.0971367136840338,0.1502341246082296,0.0562450783665096,0.0680242337888408,0.0532540080879169,0.0445168550863113,0.1000212309612654,0.1150402033217442,0.048474824989374,0.0569222164484053,0.2816138015024654,0.0832204900419995
HU,0.1213911216194287,0.0899399018029178,0.0669454196848787,0.0729109079859914,0.069943713039893,0.0757350413321944,0.0923870975273477,0.0741348034787378,0.0640552289180771,0.0426524024032819,0.0739217133006159,0.0818054264978654,0.0892999432283613,0.0600507799212636,0.1065217675363399,0.1779517786517526,0.0804468614277995,0.0571023146567803,0.1984354635023204,0.0551981028676457,0.0522206439804169,0.0,0.0624828994315566,0.1414145410863366,0.1051041682200041,0.0662694586230695,0.2297092109386201,0.0744862870471495,0.0616935648460404,0.0600723926696902,0.2753859961646169,0.0660170024166857,0.0772238459045537,0.0749435348329378,0.079939643112006,0.0739847072658402,0.1221002725946519,0.0517323879716691,0.0636350327647622,0.0682476494050086,0.0724707574212029,0.0783997957113851,0.0908821434679968,0.050805380671474,0.0413400247139528,0.2856335634980549,0.0686541477968107
IE,0.1230942773760602,0.1020993200680883,0.0824318882339153,0.0824736794931965,0.0756299083639117,0.1235551413386911,0.0960194794239884,0.0763374011783259,0.066846075001224,0.072586271667619,0.0950575631135668,0.0996619512326008,0.0891117787111478,0.0672655760673979,0.1181341310548172,0.1842852054492593,0.0919846614791004,0.0341613699989939,0.1798796821532036,0.0941729756533922,0.0906772052440243,0.0624828994315566,0.0,0.1245024095003384,0.1062000940869395,0.0842277055391884,0.2246265642222968,0.0872324400950438,0.0629221666944463,0.0760534019619912,0.2639447907635619,0.0696280169374428,0.0802397462125715,0.0929047275152937,0.061729515225393,0.0840843025069565,0.139636167466324,0.0768103281732023,0.0681164826608393,0.0989647638146706,0.0922162663801827,0.0919231232350221,0.1124534085323436,0.070339105345079,0.0771273261401097,0.2782753689012384,0.0864908692450099
IM,0.1437412420342451,0.162305583031694,0.1432253429208775,0.1710018045653617,0.1350304575728046,0.2010720973111988,0.1315943399135684,0.130594895054622,0.1475857125940498,0.1449828541924058,0.1602279753480378,0.1533847046408382,0.1330217040510065,0.1480011207050363,0.1877595592807279,0.1898311612844063,0.1497706056032084,0.0983373087489295,0.1989610651077553,0.1684571714627868,0.1717420439924145,0.1414145410863366,0.1245024095003384,0.0,0.1771761590384329,0.1365080852754662,0.2200244344920796,0.1559412058210715,0.1058921892071931,0.1316870145894395,0.2668503285987589,0.1234117557475545,0.1397892964470323,0.1475911347265011,0.115611004828466,0.161908690801585,0.1851927765757297,0.1659772862606132,0.1484340083915026,0.1772046891272574,0.170685293901593,0.1351225778778439,0.1619209503046473,0.1593026731497636,0.1552355940952334,0.296303094103292,0.1366013868348388
IS,0.1359683003173983,0.1047222431948453,0.1004576561500555,0.1132995331284203,0.1027544597430527,0.1555592826134665,0.1100322061746789,0.0915406453472439,0.1141929170113482,0.0995112951136196,0.1128808887625515,0.1238074577703269,0.0996541038391581,0.0945937430396574,0.128491401781976,0.1528257386292633,0.0991451312901239,0.0851635477649995,0.2493853490528668,0.1207160304423048,0.1194677493985854,0.1051041682200041,0.1062000940869395,0.1771761590384329,0.0,0.1023683557651568,0.2528755561098111,0.1389199520845693,0.088485991448864,0.0978677464345316,0.2938551971301418,0.115184883944468,0.1100186045826689,0.1184158405203485,0.1324963756171561,0.1126405756340354,0.1199760810257356,0.0998619612657998,0.1026930602507504,0.1478518917357767,0.1077396013628241,0.103416742071059,0.095754951530525,0.1129320234881197,0.1138776528057166,0.3187369817502696,0.1129403564559551
IT,0.0970699755660539,0.0564025161010174,0.0645869688803111,0.0741592358522305,0.0535594395310249,0.0932490435635389,0.082718722236651,0.0499827184933839,0.0565772435978971,0.0697334217099711,0.0685740537591159,0.0806127230573581,0.077808927710545,0.0369379068536654,0.1103958227789462,0.1763152798073535,0.0627012358841727,0.0651683568215536,0.1955957071950825,0.0531723021867701,0.0703943797433872,0.0662694586230695,0.0842277055391884,0.1365080852754662,0.1023683557651568,0.0,0.2232849148685434,0.0816605202205493,0.0553710467588676,0.0582973563986429,0.2516141169177186,0.0599791276895973,0.0589101655866668,0.0680429028441333,0.0718311005176413,0.0640839653286604,0.1160734714406989,0.0597170235884124,0.0499000692665075,0.0753837892916915,0.0613194422753284,0.0692446329509379,0.0900038812408835,0.0656652640038325,0.074441226720525,0.2451607453647082,0.0770576959118148
LI,0.2092474528157359,0.2697410943100974,0.2134447952281905,0.2676666673203337,0.2268946401645928,0.2645647388095421,0.2531905628066389,0.2098699379244872,0.2403797043738493,0.2339905692448003,0.2220406496982764,0.244012865688044,0.2348560076184226,0.239692448476643,0.2697472371570144,0.2356493763736808,0.2349948667208884,0.2110851095107706,0.25806430204842,0.247931841519026,0.2529425043202391,0.2297092109386201,0.2246265642222968,0.2200244344920796,0.2528755561098111,0.2232849148685434,0.0,0.2539099081258369,0.2055667689469872,0.2376685131730541,0.2786689746977546,0.2423316954148484,0.2576684213375099,0.2592368735810082,0.2202545790339879,0.2444747211160765,0.2677322817582003,0.2496777590407985,0.2322035588311837,0.2600066023424621,0.2717683616253847,0.2442601176975655,0.2484323690390871,0.2473696851951694,0.2425304045488392,0.28730716867128,0.2465291465808164
LT,0.1462775396401179,0.1188832597456088,0.1013945373132646,0.0877922856482162,0.0930748470155566,0.1104620169508924,0.0898402011663861,0.1027453983161094,0.0586269129052219,0.0824688527584682,0.1232517351754254,0.1218975895108249,0.0938283055336088,0.0785814525632997,0.1448238314838803,0.2306095481825594,0.109935766243376,0.0904925803742211,0.2115488735798067,0.0821276856105224,0.088728740620251,0.0744862870471495,0.0872324400950438,0.1559412058210715,0.1389199520845693,0.0816605202205493,0.2539099081258369,0.0,0.0807058423750683,0.0622304013484725,0.2927679211442228,0.0615422207464158,0.0883231291793492,0.0816977516658363,0.0774335534152412,0.1078823129637278,0.1669753077580735,0.0799744321485727,0.0788771013811658,0.0988922800514696,0.0888773277150135,0.0794460270452376,0.1277616359780955,0.0777123158873676,0.0819455442560432,0.2983824771697514,0.0742191971950511
LU,0.0827589176093668,0.0744831399139343,0.048849803374583,0.0857482686071809,0.0373311416614779,0.1126094997956591,0.0648467946873221,0.0414771619650224,0.0637693523646151,0.0616239111533095,0.0619916461670568,0.068105334288388,0.057191328055259,0.0554047339028662,0.0907426850180195,0.1560333576022694,0.0459777982901996,0.0486838500845898,0.1718096072259852,0.0823040613072138,0.0855844174320711,0.0616935648460404,0.0629221666944463,0.1058921892071931,0.088485991448864,0.0553710467588676,0.2055667689469872,0.0807058423750683,0.0,0.0534708394049974,0.2414293090962027,0.0534505845140441,0.0574486181434762,0.0726461300279712,0.0627478169890543,0.0579686586810478,0.0951406159837523,0.0723293444733972,0.0602586477587039,0.0943698188547741,0.0793662379300291,0.0599202686797338,0.0690680562986979,0.0665794820653833,0.0708659034004066,0.2832464121358452,0.0656047132655243
LV,0.1036581839995416,0.0762988832507831,0.0716899152291372,0.0612840167450661,0.0643911279984227,0.1066990147429511,0.0518041805564525,0.0614761602590582,0.0661271978592926,0.0607794697368874,0.0811013902539244,0.0719966502593834,0.0355421404547263,0.051443535056334,0.0881350898409218,0.1798623386464958,0.0728396996270994,0.0559957981718898,0.2033575284771863,0.0742639192625438,0.0835008893322738,0.0600723926696902,0.0760534019619912,0.1316870145894395,0.0978677464345316,0.0582973563986429,0.2376685131730541,0.0622304013484725,0.0534708394049974,0.0,0.2857842528637577,0.040948943050547,0.0594635267450576,0.0660047823294837,0.0894130227103154,0.0742573470987162,0.1010391540102152,0.0636624520364392,0.0670203756905499,0.08755836289607,0.0667010108396797,0.0434824676209077,0.0739286729477579,0.0675271806388445,0.0782639420561606,0.3013298448591888,0.0468533585985295
MC,0.2222779741446146,0.2870197912573002,0.2797889131507601,0.3018646169365467,0.2622240106477759,0.2746840429893508,0.2988998557618454,0.2671838334033548,0.2695874684343975,0.2772317811317822,0.285837644276242,0.2885999493072644,0.2865297518276363,0.2716953303322799,0.3197496262011734,0.2650396086930364,0.2562466583739322,0.2476107143068671,0.2367689864417995,0.2606795183027769,0.2936973616111012,0.2753859961646169,0.2639447907635619,0.2668503285987589,0.2938551971301418,0.2516141169177186,0.2786689746977546,0.2927679211442228,0.2414293090962027,0.2857842528637577,0.0,0.2867426537660125,0.2818462940846044,0.2811897306571554,0.2576949867069152,0.2775500670751087,0.3266969210992653,0.2869024943315011,0.2652341226584971,0.2802539589972398,0.2923426986762255,0.2746289435539674,0.3027913599484066,0.2886650001175853,0.2809505393497766,0.2898077201796799,0.2849190650674305
MD,0.1113860676353566,0.0616192438745115,0.0833557470754093,0.0537581263918849,0.0759755319645147,0.1080542628506784,0.0379317680392753,0.0769619046462505,0.0463824898763082,0.0675878415203847,0.1022120597984121,0.0960275962745994,0.0614205967411733,0.0570850264351243,0.1231126928702682,0.2007457575286839,0.0915153235795409,0.0630560864931273,0.2037764563560702,0.0726639394905425,0.0674398454881528,0.0660170024166857,0.0696280169374428,0.1234117557475545,0.115184883944468,0.0599791276895973,0.2423316954148484,0.0615422207464158,0.0534505845140441,0.040948943050547,0.2867426537660125,0.0,0.0351980692820725,0.0513470199137628,0.0597141199842508,0.091185811984692,0.1349179922310962,0.0647248647988829,0.0691705281249625,0.0715895248814316,0.0552533840763385,0.0412628675492248,0.1078890475188599,0.0560586482245428,0.0680762080904797,0.2945033519480337,0.0389398598166692
ME,0.1109229974040689,0.047081143462739,0.0972898606021589,0.0397511813087757,0.0830976082661664,0.0944514188004422,0.0632186053408931,0.0914234661804543,0.0600349418699238,0.0702819244454077,0.1079283885262867,0.0965746796478889,0.0712245136997387,0.0618839184244069,0.1300361415521849,0.2063363970649281,0.095680642264404,0.0731178340019648,0.2094542919970551,0.0709310853497906,0.0576626406774275,0.0772238459045537,0.0802397462125715,0.1397892964470323,0.1100186045826689,0.0589101655866668,0.2576684213375099,0.0883231291793492,0.0574486181434762,0.0594635267450576,0.2818462940846044,0.0351980692820725,0.0,0.034860682543903,0.0709629194910542,0.0878514131133832,0.1386557994321164,0.0641449291151966,0.0718109652479996,0.0659452777575528,0.0257738142656676,0.0629895334225485,0.1079712086721496,0.0620057827836754,0.0689304778416874,0.2966259938876768,0.0630739236102623
MK,0.1255221146156323,0.0573172096290269,0.0997086887833231,0.0495351416035716,0.089692967489962,0.0802583555304506,0.0727414077837328,0.0968559778045646,0.059439111527343,0.0845847622243283,0.1111417047050431,0.1063931995691261,0.0843224580458293,0.0719615453991394,0.1420372713989777,0.2105655207759149,0.1034001626326625,0.0805092065411104,0.2071335253707427,0.06209550682661,0.0626235764693567,0.0749435348329378,0.0929047275152937,0.1475911347265011,0.1184158405203485,0.0680429028441333,0.2592368735810082,0.0816977516658363,0.0726461300279712,0.0660047823294837,0.2811897306571554,0.0513470199137628,0.034860682543903,0.0,0.0791370066894178,0.089540778222638,0.1470359711577774,0.0697202487923661,0.0774018339624731,0.0662049062549594,0.0429154314990503,0.068207217565312,0.1109717812586974,0.0719524688882763,0.0791579333067471,0.2989446114903656,0.0608802099233249
MT,0.1199296090469278,0.0981802524393025,0.0983709414236266,0.0984868617199131,0.0886430282089094,0.1244313366747844,0.1026184284619753,0.09248626528247,0.0485304685471499,0.0922897837946884,0.1234889484371072,0.1182508695336512,0.0935658219574255,0.0773601321708037,0.1478508957073057,0.2109802412696964,0.1065363504120465,0.0681904080846644,0.167595188865223,0.0861943058014432,0.0929261723278027,0.079939643112006,0.061729515225393,0.115611004828466,0.1324963756171561,0.0718311005176413,0.2202545790339879,0.0774335534152412,0.0627478169890543,0.0894130227103154,0.2576949867069152,0.0597141199842508,0.0709629194910542,0.0791370066894178,0.0,0.1008208062307065,0.1671451288098048,0.0998731560950706,0.0737209796524486,0.0970363514995935,0.0938726040286974,0.1006443945712798,0.1377639004760484,0.0743825660812042,0.0874838451691711,0.2657753297640295,0.0942914592183774
NL,0.1126062422824814,0.0923676760885737,0.0546090047238756,0.1022594693505599,0.0274390916839951,0.1120034141291032,0.1063737445948461,0.0530489434357087,0.0842954478638765,0.0756939009572578,0.0516643700770481,0.0596015051839233,0.0859437141098522,0.0560065979016707,0.0679906010052897,0.1763598189920803,0.0614556075681611,0.0733148807200034,0.1995373999274577,0.0786707554361192,0.0971367136840338,0.0739847072658402,0.0840843025069565,0.161908690801585,0.1126405756340354,0.0640839653286604,0.2444747211160765,0.1078823129637278,0.0579686586810478,0.0742573470987162,0.2775500670751087,0.091185811984692,0.0878514131133832,0.089540778222638,0.1008208062307065,0.0,0.0812267137205543,0.0695875473023055,0.0681155169034709,0.0982094763849384,0.0905936223244789,0.0889322628489017,0.0535714009884735,0.0734683666624633,0.0900306598632099,0.3036140354885548,0.085135046269321
NO,0.1462599163462109,0.1395490491361722,0.086319597073923,0.1522411654373791,0.075574076726949,0.1892292561812554,0.130194323772278,0.0809180399600922,0.1427826388532813,0.1047641834414085,0.085721908244856,0.0472418317547362,0.1049462298286058,0.1026272757305488,0.0532746317945957,0.1730397942115578,0.0958675798700865,0.1111585485752205,0.2518500750676987,0.1421229429832281,0.1502341246082296,0.1221002725946519,0.139636167466324,0.1851927765757297,0.1199760810257356,0.1160734714406989,0.2677322817582003,0.1669753077580735,0.0951406159837523,0.1010391540102152,0.3266969210992653,0.1349179922310962,0.1386557994321164,0.1470359711577774,0.1671451288098048,0.0812267137205543,0.0,0.1198997527746473,0.1203101195552246,0.1662765955021882,0.1412551560900401,0.1172437995339524,0.0449762077310134,0.1293338003476385,0.1345671148243384,0.3529616893335942,0.1150231358515374
PL,0.1307082302265714,0.0830673577325323,0.0800950310043029,0.0559442458036008,0.068297574526997,0.0716774503413947,0.0897866572591948,0.0831643265047523,0.0737587408805767,0.0597684249587978,0.0849419817542611,0.0799549281482473,0.0935145433349398,0.0625402811158346,0.1068925240928685,0.1834405119613318,0.0818221263860273,0.0755802749435242,0.2314958949174022,0.0578835612916251,0.0562450783665096,0.0517323879716691,0.0768103281732023,0.1659772862606132,0.0998619612657998,0.0597170235884124,0.2496777590407985,0.0799744321485727,0.0723293444733972,0.0636624520364392,0.2869024943315011,0.0647248647988829,0.0641449291151966,0.0697202487923661,0.0998731560950706,0.0695875473023055,0.1198997527746473,0.0,0.0702037924544292,0.0608751349692713,0.0511946676622453,0.0778621964987937,0.0832592031023805,0.0656830136669927,0.055690094012776,0.2738199521836091,0.0666430396547315
PT,0.0967633690251219,0.0873979628174981,0.0730844755665305,0.0812448211798854,0.0680478872001533,0.1008129895663141,0.1004028678082623,0.0742518683483666,0.0590137472151727,0.0583250741041856,0.0819485290523857,0.0883161570207859,0.0863154056379742,0.0338123872200439,0.105171582935579,0.1745406990237574,0.0649871582020483,0.067423044769211,0.2063632055753542,0.0578738214709265,0.0680242337888408,0.0636350327647622,0.0681164826608393,0.1484340083915026,0.1026930602507504,0.0499000692665075,0.2322035588311837,0.0788771013811658,0.0602586477587039,0.0670203756905499,0.2652341226584971,0.0691705281249625,0.0718109652479996,0.0774018339624731,0.0737209796524486,0.0681155169034709,0.1203101195552246,0.0702037924544292,0.0,0.0742718732344122,0.0658743926498364,0.0873557587652688,0.0887410771714675,0.0525258032209573,0.0663637268330709,0.2749237843447258,0.0756155278037173
RO,0.1425803073777957,0.0863803718664387,0.1160214301582066,0.0713289391721669,0.1091453935078591,0.0516604013827951,0.1174980403215736,0.1266248159991418,0.0783502221518477,0.0751138489882372,0.1186768836173873,0.113473572660691,0.1158997589246398,0.0784426192986068,0.1505398939450786,0.2186252936439933,0.1145720938270187,0.0973431899489389,0.2212073482501207,0.0461002577689221,0.0532540080879169,0.0682476494050086,0.0989647638146706,0.1772046891272574,0.1478518917357767,0.0753837892916915,0.2600066023424621,0.0988922800514696,0.0943698188547741,0.08755836289607,0.2802539589972398,0.0715895248814316,0.0659452777575528,0.0662049062549594,0.0970363514995935,0.0982094763849384,0.1662765955021882,0.0608751349692713,0.0742718732344122,0.0,0.0496300105319263,0.1024201572648475,0.1271682275581411,0.0670689150948669,0.0662149942680391,0.2794251476427156,0.0768245009093274
RS,0.1303983463539534,0.0580757229507561,0.1061241008576625,0.0308729876720637,0.0936322544722678,0.0658817765212405,0.0848581032503303,0.1097263632411036,0.0689487933089725,0.0637909794259827,0.1128614168694065,0.1000466719524959,0.0864789770473943,0.0616363603431059,0.1358259275090104,0.2022785355205558,0.1049519104211327,0.0851213425536537,0.225843643260672,0.0505598466577089,0.0445168550863113,0.0724707574212029,0.0922162663801827,0.170685293901593,0.1077396013628241,0.0613194422753284,0.2717683616253847,0.0888773277150135,0.0793662379300291,0.0667010108396797,0.2923426986762255,0.0552533840763385,0.0257738142656676,0.0429154314990503,0.0938726040286974,0.0905936223244789,0.1412551560900401,0.0511946676622453,0.0658743926498364,0.0496300105319263,0.0,0.0783576468737882,0.1022658441308425,0.06210413143225,0.0631123642191376,0.2943081764223147,0.0642415184980653
RU,0.1116660985722699,0.0675009792992635,0.0842058311330253,0.079073830261951,0.0770157239949385,0.1129116047774811,0.0162588436772017,0.0758973898677843,0.0751091108162866,0.0695999625258307,0.0938812737615953,0.0959224423736621,0.0613263718919322,0.0647705473453933,0.110013930336716,0.1787700625332473,0.0819064852921183,0.0694576530814355,0.2166155755098741,0.0875735728493662,0.1000212309612654,0.0783997957113851,0.0919231232350221,0.1351225778778439,0.103416742071059,0.0692446329509379,0.2442601176975655,0.0794460270452376,0.0599202686797338,0.0434824676209077,0.2746289435539674,0.0412628675492248,0.0629895334225485,0.068207217565312,0.1006443945712798,0.0889322628489017,0.1172437995339524,0.0778621964987937,0.0873557587652688,0.1024201572648475,0.0783576468737882,0.0,0.0840281360706629,0.0884272516551867,0.0729977923528204,0.3068430421794156,0.0281171055103355
SE,0.1249553175896369,0.1184732584109539,0.0631644739914727,0.1158522414089965,0.0545191200915409,0.1384828095816307,0.104479086697701,0.0657300246609249,0.1157329469092663,0.0695729815333423,0.0612583994532819,0.0461727528190122,0.0832378440583381,0.0771603348419385,0.0518916973568183,0.1605337842523443,0.0725542868832044,0.0822178866486124,0.2262773151916005,0.1007245322225065,0.1150402033217442,0.0908821434679968,0.1124534085323436,0.1619209503046473,0.095754951530525,0.0900038812408835,0.2484323690390871,0.1277616359780955,0.0690680562986979,0.0739286729477579,0.3027913599484066,0.1078890475188599,0.1079712086721496,0.1109717812586974,0.1377639004760484,0.0535714009884735,0.0449762077310134,0.0832592031023805,0.0887410771714675,0.1271682275581411,0.1022658441308425,0.0840281360706629,0.0,0.1026349641258139,0.0950706156508317,0.3300205467712526,0.0787246158629285
SI,0.1225598634063462,0.0835471362542202,0.0677030724041796,0.0664904889965239,0.0764495041095326,0.0980151382397772,0.097907974266363,0.0867629725366544,0.06580878509658,0.0543570827983408,0.0809892811794465,0.0848009547577675,0.0852917992037487,0.0519435338078445,0.1024657277642331,0.1979798969875863,0.0780914871863585,0.0768457468077291,0.2115927668577699,0.0609696029519517,0.048474824989374,0.050805380671474,0.070339105345079,0.1593026731497636,0.1129320234881197,0.0656652640038325,0.2473696851951694,0.0777123158873676,0.0665794820653833,0.0675271806388445,0.2886650001175853,0.0560586482245428,0.0620057827836754,0.0719524688882763,0.0743825660812042,0.0734683666624633,0.1293338003476385,0.0656830136669927,0.0525258032209573,0.0670689150948669,0.06210413143225,0.0884272516551867,0.1026349641258139,0.0,0.0594402174297227,0.2952039072804472,0.0722602756054915
SK,0.1355266871944354,0.0905648670460346,0.084094433661505,0.0724379397637856,0.0907906961988275,0.0721413900042213,0.0870627929793627,0.1052182847808578,0.0740771526697174,0.0260929888870966,0.0911929968321808,0.0902466687063887,0.0982771383663628,0.0673170193876886,0.1173288444346878,0.1864299127461571,0.0939460858568834,0.0774632308838757,0.2271305628233892,0.0632628377012443,0.0569222164484053,0.0413400247139528,0.0771273261401097,0.1552355940952334,0.1138776528057166,0.074441226720525,0.2425304045488392,0.0819455442560432,0.0708659034004066,0.0782639420561606,0.2809505393497766,0.0680762080904797,0.0689304778416874,0.0791579333067471,0.0874838451691711,0.0900306598632099,0.1345671148243384,0.055690094012776,0.0663637268330709,0.0662149942680391,0.0631123642191376,0.0729977923528204,0.0950706156508317,0.0594402174297227,0.0,0.2895043786371656,0.0651172917141792
