ISO_CODE,AO,BF,BI,BJ,BW,CD,CF,CG,CI,CM,CV,DJ,DZ,EG,ER,ET,GA,GH,GM,GN,GQ,GW,KE,KM,LR,LS,LY,MA,MG,ML,MR,MU,MW,MZ,NA,NE,NG,RE,RW,SC,SL,SN,SO,SS,ST,SZ,TD,TG,TN,TZ,UG,YT,ZA,ZM,ZW
AO,0.0,0.1148871103434108,0.0754355845491996,0.0772169909806793,0.1322600740924383,0.0735395566350832,0.0865898723394799,0.0748698029970812,0.1116479709369325,0.0877764373306893,0.0847129426141615,0.0892489649985089,0.128282229438619,0.1897117674941383,0.1670792121000008,0.0890482757992213,0.0747310005519586,0.0923480167852067,0.0855522399948692,0.0873525325669675,0.1414207425995421,0.0960438277878846,0.1116264059724566,0.124837402253742,0.0786421762624305,0.0858711821882147,0.1795916529554018,0.1628517809108975,0.0920998723526476,0.0917584915541612,0.0909946469015076,0.1648970704438181,0.0814148679698144,0.0529745799865875,0.0994583356855943,0.0854014766188485,0.0874963240758303,0.146925105878184,0.0869461206156966,0.1454099531334829,0.1424259005748548,0.0892044028568033,0.1007108390877442,0.1075030598668337,0.0887288572419395,0.0993442455866876,0.1037354849732682,0.0753785919804522,0.203455482915041,0.1082543182987869,0.0911980606581989,0.1179205780972776,0.0839936172181562,0.0842136060114635,0.0855467798156436
BF,0.1148871103434108,0.0,0.0640424408483542,0.0535304391215091,0.1280327332960779,0.0592594591266278,0.0794558121950896,0.0599002477298881,0.0522618773686514,0.0648563268713497,0.1274181369570604,0.0766525427862064,0.1012845967506015,0.1767280436659921,0.1711776956348663,0.0825012684591325,0.0497541125097381,0.0810567256348511,0.0738707201836988,0.048142315946428,0.1392203067850234,0.1003381359315539,0.0838020806610638,0.1145830927092832,0.0681166536305705,0.0760121870485941,0.1320863703158894,0.1253458413203411,0.0786155685542373,0.0499551904987694,0.0576885829755945,0.1446909968388845,0.0849109888626055,0.0810916900969344,0.0744950106310399,0.0451438625311825,0.0695609134304583,0.1356252166423774,0.0783008406445138,0.1244533867261562,0.1419701526261164,0.0590453441049503,0.0717534285834083,0.0976970874277965,0.1160152723396457,0.088976650925545,0.1025371666469202,0.0603080088062358,0.175872640724209,0.0929629943637864,0.0736812897365365,0.1065059956516837,0.071282549169574,0.0698560437034027,0.069871096757809
BI,0.0754355845491996,0.0640424408483542,0.0,0.0266878952323633,0.1280730690634159,0.0187166364688876,0.0246969524879442,0.0203517797580166,0.0751774849712301,0.0494396833905537,0.1106744034744839,0.0390165073961114,0.1072456642496344,0.1938926384629906,0.1105677629191232,0.037633395104755,0.0311710008347932,0.0577218606848127,0.035786355350671,0.0414621647547456,0.0896246429788224,0.0444612470700409,0.082604566484101,0.0618655887064121,0.0247666576644627,0.0502273969102681,0.1749722632741526,0.1351673807017207,0.0486952302788616,0.0425572951778696,0.0372272416397431,0.1730798828519746,0.0397351203543209,0.048910929543257,0.0776440945441037,0.0330199848321269,0.0506339578937886,0.1392531291659967,0.0314087129552638,0.1259376979011528,0.0982117860193543,0.0623622334452805,0.0499327353898345,0.057689428116788,0.0587618425107162,0.0580503782694662,0.0549628838804866,0.0193237554289115,0.204184567986899,0.0636886928010278,0.0572131764217872,0.0780382808866683,0.0569395216926736,0.0567930139011072,0.053067247983737
BJ,0.0772169909806793,0.0535304391215091,0.0266878952323633,0.0,0.1471579101184916,0.0194827469037561,0.0290194767802285,0.025199371752802,0.049487603984422,0.0486775466342458,0.1136704696733502,0.0335051483565225,0.0903422271148136,0.1733215258495225,0.0861751657530174,0.0339674865026685,0.0231829279393305,0.0552383614563718,0.0334671281306999,0.0485364506174762,0.0702052419518458,0.0363956535464088,0.0656452060441853,0.0450905600330949,0.0420870459953615,0.0464811498176692,0.1665145211544584,0.117226064394217,0.0692057182925464,0.0331206590442877,0.0298072899043145,0.1717476233815181,0.031794726291262,0.0524316030205753,0.0783439716126809,0.0264271807552169,0.0376257224805782,0.1316878554172744,0.024169772848177,0.1320530431786091,0.1296838874359511,0.0380452598484554,0.0598539375955163,0.0780752923436002,0.0547009056989513,0.0437844566967473,0.0388426959368269,0.01335855190949,0.1895013884933438,0.0598777058094321,0.0698164660121625,0.0601210260691832,0.0373471106148475,0.0586831873560467,0.0470162670518052
BW,0.1322600740924383,0.1280327332960779,0.1280730690634159,0.1471579101184916,0.0,0.1307837285490534,0.1609127871746618,0.1269070877902114,0.130443925184848,0.105990870582117,0.1304772718222407,0.1637675704323072,0.1455785020843497,0.1842384154615329,0.3089658418655719,0.1520084960908271,0.1157872522850974,0.0705171714861899,0.1420059037985387,0.0962613780249729,0.265997126060829,0.217646842196494,0.1015083167943634,0.2555214840597054,0.0961570678648817,0.0782912226049286,0.1330464601800107,0.1746316378795812,0.0860599989235377,0.1324547657145285,0.155645497404795,0.1033831510846249,0.1293720873223709,0.0992539186357042,0.0645053735487378,0.137293979054928,0.0923864518039299,0.1495887194364322,0.1563315358120396,0.1086959669867639,0.0835129139287516,0.1477041910649226,0.1102213972609285,0.0870331463808856,0.2123987352922407,0.1148522827024404,0.2216345003401524,0.149584141747568,0.1714178812968513,0.1253929079803053,0.059106820423263,0.2064924358033507,0.115888305277032,0.0565826679636252,0.091878354608033
CD,0.0735395566350832,0.0592594591266278,0.0187166364688876,0.0194827469037561,0.1307837285490534,0.0,0.0271698431714367,0.0135010082265377,0.0662205382547379,0.0437801938752613,0.1069608413755084,0.038052191998549,0.1093742743206366,0.1989156213429797,0.0988462291450034,0.0348486727675769,0.0237807094060265,0.0566530017079303,0.0347158022137457,0.0412511963842892,0.0806527403221161,0.0416790302623285,0.0817797096301902,0.0555888939201,0.0324638481895658,0.0437479705893597,0.1742565258447121,0.1383012986333955,0.0541671137586563,0.0376505881260491,0.0354653127421783,0.1795172957382002,0.0337878406116138,0.0442112484312885,0.0733726127639824,0.0333947594759345,0.0480277624218886,0.146950283616318,0.0288780782170356,0.1329795006347117,0.1038605251910378,0.0557812516686661,0.0573672725132018,0.0629069642718693,0.058123490525657,0.0460678805353881,0.0445028026857096,0.0151529127341578,0.2093607169537708,0.0524850823356425,0.0620009067515054,0.0735286416897362,0.0515907386779219,0.053051450556985,0.0451191941113473
CF,0.0865898723394799,0.0794558121950896,0.0246969524879442,0.0290194767802285,0.1609127871746618,0.0271698431714367,0.0,0.0309129764771906,0.0847145319117612,0.0634836090343045,0.1250618190647674,0.0393603985225891,0.1160010368465074,0.1955462269429815,0.0865436894293811,0.0369944677717489,0.0404180541571733,0.0734815398051224,0.0373515924120968,0.0621957749581771,0.0719290694263562,0.0366773764626126,0.0927028483200298,0.0472087528619687,0.0426916666755929,0.0565118215982868,0.1921288741770854,0.1439165383136839,0.0652376196897964,0.0540981258867473,0.0384730380492864,0.1957590469317337,0.043388032003,0.0624888860182738,0.0970648486151368,0.0401469230634741,0.0583102896594109,0.1531573494745685,0.033384313365583,0.1431273026099196,0.1205724328345499,0.0647376973976606,0.0640355903008352,0.0715202699739688,0.0512160089653147,0.0590756988142023,0.0429244683486692,0.0221379936700633,0.2170549030298982,0.0677776253903293,0.0808261982625382,0.0703159328947041,0.0620270669232752,0.0761357622102464,0.059412700669287
CG,0.0748698029970812,0.0599002477298881,0.0203517797580166,0.025199371752802,0.1269070877902114,0.0135010082265377,0.0309129764771906,0.0,0.0682463743013078,0.0468055650138017,0.1078567335906998,0.0392264191187706,0.1087650146706229,0.1930287536816669,0.1145519184857198,0.0460913235835162,0.022863896297925,0.0611048108307966,0.0381389768343808,0.03293894109864,0.0890366583112798,0.048097759329871,0.0892962231005189,0.0636665534863764,0.0347936638666055,0.0511119966791763,0.1689843748850095,0.1336721308310503,0.0522386783751547,0.0349623141141195,0.0392397669591318,0.1714814502408331,0.041822114474741,0.0522269587411398,0.0767485068978846,0.0321571498261461,0.0535440416419268,0.1354053715503458,0.0379963794534151,0.1280899192814524,0.1022500579788729,0.0503469281306162,0.0592959140965934,0.0668755493337986,0.0647182458015442,0.0564181171935681,0.0505946259999248,0.0174855426244905,0.2006733366710049,0.0682327057536935,0.0645651095810521,0.0755395377339068,0.0581165762167199,0.0558750760093158,0.0532239572674515
CI,0.1116479709369325,0.0522618773686514,0.0751774849712301,0.049487603984422,0.130443925184848,0.0662205382547379,0.0847145319117612,0.0682463743013078,0.0,0.0559812234155517,0.1213671418527523,0.0823708165028493,0.0973957350252295,0.1715497713085498,0.1687061735413011,0.0810352696201378,0.0580275551787785,0.0677396677943169,0.0788587265738226,0.0622764091076941,0.1403554772634997,0.1051346245709875,0.0784077779543919,0.1173585546669603,0.0714836183342957,0.0786756168694802,0.1450876076420876,0.1025681232880285,0.0917787183812827,0.0434702037534714,0.0693287595715148,0.1382031170183579,0.0803206678955,0.0768974086905842,0.0815203591536204,0.0625932548811758,0.0612845619517025,0.1277240200991972,0.0769045659586726,0.1229457663588365,0.1523961539332529,0.0376112253346773,0.0805859257593966,0.1086481329510713,0.1179015923241509,0.0882440845833456,0.1104270509129002,0.0675809332363717,0.1534490409722438,0.092642264594286,0.0717888908606487,0.1042678155678831,0.0609930604885163,0.0688691561689293,0.0701774483131112
CM,0.0877764373306893,0.0648563268713497,0.0494396833905537,0.0486775466342458,0.105990870582117,0.0437801938752613,0.0634836090343045,0.0468055650138017,0.0559812234155517,0.0,0.109669474845352,0.0679380396943877,0.1030138054102743,0.1747767746997645,0.1538330385558352,0.0614565104114057,0.038334445628771,0.0531971192016209,0.06266932884268,0.0413101660150925,0.1243260047429001,0.089040485538963,0.0738132485034916,0.1071860317388356,0.0491806844862128,0.060822917544858,0.1417124597373226,0.1299356740059781,0.0661282612760909,0.0584240967001997,0.0584189788715595,0.14644686991719,0.0664632060617352,0.0553550993075339,0.0746543362516213,0.0525649681383955,0.0496953062059978,0.1216109966792453,0.058490296247001,0.1185089043944244,0.1133035433183444,0.0663833860658839,0.061259221818413,0.0742521506845556,0.0962369420475125,0.0733452704276559,0.098888482838495,0.0505989563716295,0.1832221505207687,0.0769048797995243,0.0611001913941865,0.0947374853357289,0.0582067273696268,0.046756266758935,0.0550382185420357
CV,0.0847129426141615,0.1274181369570604,0.1106744034744839,0.1136704696733502,0.1304772718222407,0.1069608413755084,0.1250618190647674,0.1078567335906998,0.1213671418527523,0.109669474845352,0.0,0.1165336230067977,0.1383573278077372,0.1926604002488412,0.2180390857561603,0.1271121497538769,0.0974423912379502,0.1127359158185149,0.116943722534623,0.1032517316861322,0.1892078652257829,0.1400549601251643,0.1254612615035333,0.1697796999138868,0.1063884431901436,0.1054846229499304,0.1650527777187396,0.1669238095256011,0.1195095494010908,0.1150125546185396,0.1206239080810518,0.1429812463452446,0.1136895233725172,0.0848616753864194,0.0965063721378346,0.1109851741405569,0.1103335458576743,0.144442840713322,0.1223922925428211,0.1304866633212664,0.1619831019548209,0.1218782255143763,0.1180378385204953,0.1261417016518261,0.1317956513249535,0.1201606433239288,0.1539411084679008,0.1142563324177857,0.1954035602425118,0.1414681249184026,0.1059286439273071,0.143139585585431,0.0957155894539176,0.0973402795689438,0.1056153477682757
DJ,0.0892489649985089,0.0766525427862064,0.0390165073961114,0.0335051483565225,0.1637675704323072,0.038052191998549,0.0393603985225891,0.0392264191187706,0.0823708165028493,0.0679380396943877,0.1165336230067977,0.0,0.0918637431839313,0.1798187186574859,0.0889490065402766,0.0356524565211113,0.0395610452931547,0.0817197964056969,0.026694112808467,0.0559412571129263,0.069351125841747,0.0335971582126791,0.0837930012275135,0.0359706856067626,0.0557442536137015,0.0600956113057935,0.178214278631113,0.1232824523328086,0.0817463490978404,0.0457275326088987,0.0291791619760952,0.1624486757470978,0.0403933474514425,0.0645011940714719,0.0873432436504626,0.0300025119502153,0.0604517658343748,0.1230106068278389,0.0268992547444872,0.1176289419473355,0.1455702262623481,0.0502821660473374,0.0507735072754539,0.0872061713451487,0.0620708588282438,0.0592666927102255,0.0328954735420327,0.0254704895955125,0.1925688856466678,0.0718431434726054,0.0880232926586883,0.0434496494784507,0.0421714551974748,0.080241494724948,0.0594644660920231
DZ,0.128282229438619,0.1012845967506015,0.1072456642496344,0.0903422271148136,0.1455785020843497,0.1093742743206366,0.1160010368465074,0.1087650146706229,0.0973957350252295,0.1030138054102743,0.1383573278077372,0.0918637431839313,0.0,0.102466528577063,0.2003381148646447,0.1060960396447332,0.0844765801429654,0.0987458244229851,0.0990138297158151,0.0917526147507948,0.1685047680748653,0.1321398035524014,0.0808525663543775,0.1458178501460588,0.1024468340719834,0.0981077640613397,0.1039461926928549,0.0860358565702735,0.120940074235723,0.0879156475084057,0.0780140130220194,0.124500566905547,0.1065553814119301,0.098110016534659,0.0983521608310642,0.0890973302599402,0.0820312887811579,0.1188082461580085,0.108087087353453,0.130270654612104,0.1774472665628366,0.0867215860598857,0.0891141571244921,0.1264787821685782,0.1457419787409501,0.1099755246865531,0.1310513822152844,0.1016027207837824,0.1071247964269737,0.1198935179960506,0.1030908364647057,0.1179051037434306,0.0717007919180191,0.0949418506195188,0.0982081574382389
EG,0.1897117674941383,0.1767280436659921,0.1938926384629906,0.1733215258495225,0.1842384154615329,0.1989156213429797,0.1955462269429815,0.1930287536816669,0.1715497713085498,0.1747767746997645,0.1926604002488412,0.1798187186574859,0.102466528577063,0.0,0.3001825506139415,0.1931220120921766,0.1642612443006472,0.1565298611431486,0.1832710002129098,0.1653687934640419,0.263117832857647,0.2289168316821933,0.1355394788571368,0.2473340544642447,0.1814203532002077,0.1671027578064556,0.1111730244164725,0.1477037892577188,0.1890097431669249,0.1737451593714816,0.1642336057364342,0.1475456358907232,0.1827656870093937,0.1634905704347306,0.1537987012835057,0.1717350338373354,0.1435448167141371,0.1623877539293541,0.1955554278620069,0.1716499914496541,0.2357797063672437,0.160949262624944,0.1632964557495325,0.1956245397987251,0.235752234135792,0.1768512832654966,0.2242377802292261,0.1880639063763991,0.1332254009218325,0.1981093747194285,0.1639754460440664,0.2011025351399458,0.1349954156959665,0.148577062215731,0.1714365142740823
ER,0.1670792121000008,0.1711776956348663,0.1105677629191232,0.0861751657530174,0.3089658418655719,0.0988462291450034,0.0865436894293811,0.1145519184857198,0.1687061735413011,0.1538330385558352,0.2180390857561603,0.0889490065402766,0.2003381148646447,0.3001825506139415,0.0,0.0729654449915163,0.1194318526751112,0.1698898027167157,0.0794141618813155,0.1628328627044584,0.0627454421200418,0.0556201980660352,0.1857006830673971,0.0426964921658786,0.1460902650285276,0.1277996781104476,0.3069166654413805,0.2316923740832357,0.1649490882988299,0.1290530488964074,0.0879196471050562,0.3249421922608405,0.0937489916162518,0.144829694503707,0.1923601793734884,0.1024877453963525,0.1404630337866212,0.2615203498077809,0.0661688886045067,0.257179412203133,0.228593159935894,0.1265802701659812,0.1385001359719145,0.1593373404504688,0.0875453444557063,0.1110774642261718,0.0626362962848916,0.0751110106355505,0.3417459649086314,0.1183442338438144,0.1893394092137654,0.1004444887916153,0.1211690179819325,0.1793852194718063,0.1216818951150378
ET,0.0890482757992213,0.0825012684591325,0.037633395104755,0.0339674865026685,0.1520084960908271,0.0348486727675769,0.0369944677717489,0.0460913235835162,0.0810352696201378,0.0614565104114057,0.1271121497538769,0.0356524565211113,0.1060960396447332,0.1931220120921766,0.0729654449915163,0.0,0.0515802417897127,0.0573266099946415,0.0201705410605299,0.0620469218879143,0.0677163339432558,0.0389232546816701,0.0736858921706603,0.0429429201711762,0.045345933203539,0.0435905757012172,0.1895373703912521,0.1447959705603934,0.0617811003630852,0.0550967556065097,0.0314190780400674,0.1932039847648002,0.0320675246744303,0.0562727769750271,0.0915395338941423,0.0341746557885751,0.0426686717267661,0.1672699676082434,0.0150678939618531,0.1522178733929682,0.1029895044195816,0.060179357362476,0.0385019758861381,0.051714222885758,0.0620682144547384,0.0476511553177191,0.038348597353488,0.0253931174674276,0.2223924103070191,0.0401666257070407,0.0644086432825415,0.0724511635964089,0.0524288250742229,0.0686437349225045,0.0374356263822648
GA,0.0747310005519586,0.0497541125097381,0.0311710008347932,0.0231829279393305,0.1157872522850974,0.0237807094060265,0.0404180541571733,0.022863896297925,0.0580275551787785,0.038334445628771,0.0974423912379502,0.0395610452931547,0.0844765801429654,0.1642612443006472,0.1194318526751112,0.0515802417897127,0.0,0.0594382962538907,0.041568337841371,0.036637031855971,0.0969201310598393,0.0568277742999211,0.070935610689124,0.0716784657248043,0.0389677230616721,0.0447147877943178,0.1384826251048404,0.116239905466785,0.0617984278794535,0.0381404136239302,0.0361757458070848,0.1352420344118696,0.0412254053703305,0.0487216141831282,0.0577496972418409,0.0327682804462066,0.0463056884319321,0.100123457925356,0.0410499458319977,0.1046732723526977,0.1201267214015439,0.0463284202821085,0.0581325623787366,0.0778767132085779,0.0707696304588791,0.0519239624997132,0.0620795889017469,0.02493667130254,0.169141151715258,0.0687698214509558,0.0633239887173607,0.0642522180485372,0.0375142469721615,0.0475344980458783,0.0436089996039831
GH,0.0923480167852067,0.0810567256348511,0.0577218606848127,0.0552383614563718,0.0705171714861899,0.0566530017079303,0.0734815398051224,0.0611048108307966,0.0677396677943169,0.0531971192016209,0.1127359158185149,0.0817197964056969,0.0987458244229851,0.1565298611431486,0.1698898027167157,0.0573266099946415,0.0594382962538907,0.0,0.0576641592753232,0.0523388090573532,0.1431175253939742,0.1081350718735317,0.0477696720170484,0.1301745682441095,0.050294626912099,0.0381527258167964,0.1419125297972707,0.1217385052007216,0.0405981772401837,0.0566566737254988,0.0763629474185235,0.1368499200563604,0.0599932770986318,0.0479441829731839,0.0659455217261487,0.0611152611943278,0.0196298824012197,0.1369378785240119,0.054454623226484,0.1169699090171769,0.0515885466049453,0.06889984036299,0.0524432043841248,0.0358184897078885,0.1157444037619567,0.0524211957189137,0.1111987477382575,0.0599925533575061,0.1680178028091482,0.0480514996254187,0.0308855659645249,0.1214203152467858,0.0610107168938625,0.0369846615338407,0.0431440192114586
GM,0.0855522399948692,0.0738707201836988,0.035786355350671,0.0334671281306999,0.1420059037985387,0.0347158022137457,0.0373515924120968,0.0381389768343808,0.0788587265738226,0.06266932884268,0.116943722534623,0.026694112808467,0.0990138297158151,0.1832710002129098,0.0794141618813155,0.0201705410605299,0.041568337841371,0.0576641592753232,0.0,0.0490440797303479,0.064215156951937,0.0357752454921262,0.0792902063904842,0.0405757252963014,0.0426860642831077,0.0379974279794274,0.1725211026327748,0.1288466823978056,0.0570195389912249,0.0390488202042791,0.024794002364021,0.1734407196065895,0.0290784006018683,0.055919358437423,0.0786480575764942,0.0270190731187615,0.0455570947024586,0.147755797018307,0.0178689550762317,0.1339936361242882,0.0970307784765597,0.0454538651659709,0.0368809861442015,0.0525161238041281,0.0633667710411293,0.0461776471493684,0.0340846722147115,0.0195286668181395,0.2029456942864882,0.0432041089822319,0.0650161575854458,0.0605712823232661,0.0463294112467366,0.0656710352753209,0.0381122349967747
GN,0.0873525325669675,0.048142315946428,0.0414621647547456,0.0485364506174762,0.0962613780249729,0.0412511963842892,0.0621957749581771,0.03293894109864,0.0622764091076941,0.0413101660150925,0.1032517316861322,0.0559412571129263,0.0917526147507948,0.1653687934640419,0.1628328627044584,0.0620469218879143,0.036637031855971,0.0523388090573532,0.0490440797303479,0.0,0.1282406014647342,0.0838487409051528,0.077147349217681,0.1043403776106656,0.0373484280226845,0.0547573544319299,0.1246060545819256,0.1182036680763664,0.0501143082188425,0.0337753163917952,0.0481400875026983,0.1349485338236248,0.0651025992276188,0.0547035226753341,0.0623632659074693,0.033649497637344,0.050218450103962,0.125375203752415,0.0580043596120768,0.1118346958125718,0.0868998214244313,0.0500996412399707,0.0402222049548003,0.0589069881005441,0.1028135552048741,0.0677037013317924,0.0850779884150764,0.0420770612006954,0.167210085121919,0.0687564891486932,0.0553439417225198,0.1004021783600754,0.0631271990266042,0.0507018646762579,0.0570531070434091
GQ,0.1414207425995421,0.1392203067850234,0.0896246429788224,0.0702052419518458,0.265997126060829,0.0806527403221161,0.0719290694263562,0.0890366583112798,0.1403554772634997,0.1243260047429001,0.1892078652257829,0.069351125841747,0.1685047680748653,0.263117832857647,0.0627454421200418,0.0677163339432558,0.0969201310598393,0.1431175253939742,0.064215156951937,0.1282406014647342,0.0,0.0497742629111291,0.1589550515368823,0.0424195889953434,0.1186291482586863,0.1115578548240826,0.2679109906744664,0.2006170174717765,0.1359649270190056,0.0984910952062187,0.0734782138987276,0.2773634786514033,0.0784264523126254,0.1179673473332404,0.1698590562697194,0.0804119307097471,0.1178836678551744,0.2175555338171718,0.0587299950663853,0.2244716943044243,0.2037166454714432,0.0980345925946852,0.1204877198809005,0.1403514477703719,0.0774198485488598,0.1009710811203979,0.0527805325329572,0.0597370536087291,0.2882173728397047,0.1050935593770896,0.1605311211844444,0.0821889811251087,0.1011078562009315,0.1533357743570471,0.1087492645932124
GW,0.0960438277878846,0.1003381359315539,0.0444612470700409,0.0363956535464088,0.217646842196494,0.0416790302623285,0.0366773764626126,0.048097759329871,0.1051346245709875,0.089040485538963,0.1400549601251643,0.0335971582126791,0.1321398035524014,0.2289168316821933,0.0556201980660352,0.0389232546816701,0.0568277742999211,0.1081350718735317,0.0357752454921262,0.0838487409051528,0.0497742629111291,0.0,0.1189890703087244,0.020812353431638,0.0697185442913885,0.0775450927541432,0.2286092729595561,0.1628478200193422,0.0991541183049151,0.0636548554891101,0.0391045473874392,0.2317002881941758,0.0480946784071556,0.0767931524925658,0.1241423273400531,0.0457964177091013,0.0842376387270795,0.1779465063278696,0.0296892981505918,0.1714968707286486,0.1687638346263631,0.0684471441585585,0.0791607941856784,0.1040388843042744,0.0437498044274028,0.0694802144566488,0.0284840350325775,0.0256498407956751,0.253832697750483,0.0796599472780413,0.1177091242272816,0.0595642415565615,0.0653259381763207,0.1097689880652151,0.0778950465572467
KE,0.1116264059724566,0.0838020806610638,0.082604566484101,0.0656452060441853,0.1015083167943634,0.0817797096301902,0.0927028483200298,0.0892962231005189,0.0784077779543919,0.0738132485034916,0.1254612615035333,0.0837930012275135,0.0808525663543775,0.1355394788571368,0.1857006830673971,0.0736858921706603,0.070935610689124,0.0477696720170484,0.0792902063904842,0.077147349217681,0.1589550515368823,0.1189890703087244,0.0,0.1388225798435611,0.0672626861878751,0.061640330998132,0.1260997246526205,0.1266522322026909,0.0852711262722731,0.0887660838526266,0.0787716743577066,0.1163678803642096,0.0709327796554182,0.0660874858212756,0.0623809057712183,0.0745737612092287,0.0369552349596249,0.122453168772221,0.0732988380504201,0.1003740976150976,0.1296804070096076,0.0829820413760195,0.0714496155529812,0.0820261966358411,0.1297101115071127,0.0568065675896131,0.1205257829215009,0.0820352973037326,0.1601910893234952,0.0775421494409207,0.0555178814573378,0.1216238994328549,0.0456254484541587,0.0510721999728414,0.0626313330678717
KM,0.124837402253742,0.1145830927092832,0.0618655887064121,0.0450905600330949,0.2555214840597054,0.0555888939201,0.0472087528619687,0.0636665534863764,0.1173585546669603,0.1071860317388356,0.1697796999138868,0.0359706856067626,0.1458178501460588,0.2473340544642447,0.0426964921658786,0.0429429201711762,0.0716784657248043,0.1301745682441095,0.0405757252963014,0.1043403776106656,0.0424195889953434,0.020812353431638,0.1388225798435611,0.0,0.0930281732596914,0.0924809346759426,0.2568819823209675,0.1763591277685814,0.1218642646260589,0.0734908775030783,0.0444122940048304,0.2610087502190908,0.0577423554095287,0.1010195015578832,0.1483290232249676,0.0525975707299001,0.1005945625866692,0.1964799821962261,0.0331583957880323,0.1977589850587497,0.1979786029547412,0.074036587447848,0.0916630374599287,0.1274052124059091,0.0560410060381129,0.0810732834315361,0.0238987310587343,0.0339104166648198,0.2772626617898257,0.0890652638262324,0.145076632817184,0.0541032391634112,0.0746241976059463,0.1353953895080112,0.0893366995386574
LR,0.0786421762624305,0.0681166536305705,0.0247666576644627,0.0420870459953615,0.0961570678648817,0.0324638481895658,0.0426916666755929,0.0347936638666055,0.0714836183342957,0.0491806844862128,0.1063884431901436,0.0557442536137015,0.1024468340719834,0.1814203532002077,0.1460902650285276,0.045345933203539,0.0389677230616721,0.050294626912099,0.0426860642831077,0.0373484280226845,0.1186291482586863,0.0697185442913885,0.0672626861878751,0.0930281732596914,0.0,0.0449315283171356,0.1516536179870824,0.1361967719850318,0.0524331080812985,0.0537368528128711,0.0463442758327676,0.1443250310155428,0.0455098968921309,0.0464436703528079,0.0570498223596498,0.045658670592487,0.0426700427444943,0.1362618950870162,0.0472195693665415,0.1061293465510848,0.0855293553483396,0.0677581628618937,0.0460212921593286,0.0494562943773434,0.0807081966351669,0.0559259472819587,0.0821726811295784,0.0368143603502916,0.1884704873742352,0.0638539558241222,0.0441697548754,0.0971386212062828,0.0566117420229755,0.0435109446548789,0.0486028900361584
LS,0.0858711821882147,0.0760121870485941,0.0502273969102681,0.0464811498176692,0.0782912226049286,0.0437479705893597,0.0565118215982868,0.0511119966791763,0.0786756168694802,0.060822917544858,0.1054846229499304,0.0600956113057935,0.0981077640613397,0.1671027578064556,0.1277996781104476,0.0435905757012172,0.0447147877943178,0.0381527258167964,0.0379974279794274,0.0547573544319299,0.1115578548240826,0.0775450927541432,0.061640330998132,0.0924809346759426,0.0449315283171356,0.0,0.1423352891587233,0.1361803300695836,0.0460899638332252,0.0571914431001391,0.048914120433855,0.1395085232230288,0.0403091588830917,0.0430034298496296,0.0461000961674347,0.0469652491687305,0.0327468839687055,0.137184299050177,0.0403737200094349,0.1122588404674218,0.0669762385011555,0.0651083482609857,0.0450689311776283,0.0409997365394577,0.0918460860363699,0.0291047246300386,0.0778265590197417,0.0443667915232179,0.1847897830194625,0.0374429648451938,0.0421203603902563,0.0956857216724541,0.0411870853743551,0.0403226789739195,0.0255355567246012
LY,0.1795916529554018,0.1320863703158894,0.1749722632741526,0.1665145211544584,0.1330464601800107,0.1742565258447121,0.1921288741770854,0.1689843748850095,0.1450876076420876,0.1417124597373226,0.1650527777187396,0.178214278631113,0.1039461926928549,0.1111730244164725,0.3069166654413805,0.1895373703912521,0.1384826251048404,0.1419125297972707,0.1725211026327748,0.1246060545819256,0.2679109906744664,0.2286092729595561,0.1260997246526205,0.2568819823209675,0.1516536179870824,0.1423352891587233,0.0,0.1467108977912663,0.160332540768206,0.1545900528881889,0.1447580996350125,0.118363902122033,0.1768211585410646,0.1407520684414749,0.1086564258321858,0.1508643099799765,0.1328776544485317,0.1488685237687582,0.1941938506350154,0.1468604876670909,0.1967762607480787,0.1532114858825017,0.1401186617088674,0.16327693438423,0.2329802150715466,0.1604857971888874,0.2308596797030156,0.178109244339545,0.1301705477971551,0.1768585799100005,0.1350916238417349,0.2040784136647838,0.1282007779954534,0.1147605914082203,0.144259739047563
MA,0.1628517809108975,0.1253458413203411,0.1351673807017207,0.117226064394217,0.1746316378795812,0.1383012986333955,0.1439165383136839,0.1336721308310503,0.1025681232880285,0.1299356740059781,0.1669238095256011,0.1232824523328086,0.0860358565702735,0.1477037892577188,0.2316923740832357,0.1447959705603934,0.116239905466785,0.1217385052007216,0.1288466823978056,0.1182036680763664,0.2006170174717765,0.1628478200193422,0.1266522322026909,0.1763591277685814,0.1361967719850318,0.1361803300695836,0.1467108977912663,0.0,0.1488520447561612,0.0971116150249501,0.1115378521518044,0.1565796801300316,0.1424952967411205,0.1335427838448947,0.1319438418106265,0.1175516075517126,0.1122575410149231,0.1557909715743569,0.1380979546575543,0.1572791413412115,0.1985750152699529,0.1052933676215955,0.121951965860098,0.1522983473448123,0.1770923962764331,0.146636632279304,0.1644600666479687,0.1306993489595116,0.1241899528629468,0.1561162429000635,0.1314964649191435,0.1498557830020764,0.1122868527203737,0.128149281578849,0.1347011416120506
MG,0.0920998723526476,0.0786155685542373,0.0486952302788616,0.0692057182925464,0.0860599989235377,0.0541671137586563,0.0652376196897964,0.0522386783751547,0.0917787183812827,0.0661282612760909,0.1195095494010908,0.0817463490978404,0.120940074235723,0.1890097431669249,0.1649490882988299,0.0617811003630852,0.0617984278794535,0.0405981772401837,0.0570195389912249,0.0501143082188425,0.1359649270190056,0.0991541183049151,0.0852711262722731,0.1218642646260589,0.0524331080812985,0.0460899638332252,0.160332540768206,0.1488520447561612,0.0,0.0646392190658379,0.0742499893816693,0.1540635025809758,0.0711309035797571,0.057756102554357,0.0824187891898193,0.0649597152621711,0.0552905798018598,0.1352424306633148,0.0665836641438426,0.1284497022297719,0.0429829060422343,0.0774463965714111,0.0601092407801108,0.0378848852352732,0.1073794364035234,0.0697733439452807,0.1015402272568328,0.0555760198237678,0.1867346029299068,0.0582389018805833,0.0386180070706805,0.1235190742474419,0.0882594036669449,0.0593926495418954,0.0587797066420712
ML,0.0917584915541612,0.0499551904987694,0.0425572951778696,0.0331206590442877,0.1324547657145285,0.0376505881260491,0.0540981258867473,0.0349623141141195,0.0434702037534714,0.0584240967001997,0.1150125546185396,0.0457275326088987,0.0879156475084057,0.1737451593714816,0.1290530488964074,0.0550967556065097,0.0381404136239302,0.0566566737254988,0.0390488202042791,0.0337753163917952,0.0984910952062187,0.0636548554891101,0.0887660838526266,0.0734908775030783,0.0537368528128711,0.0571914431001391,0.1545900528881889,0.0971116150249501,0.0646392190658379,0.0,0.0398305433607049,0.1607574770333401,0.0576647130249833,0.0597873062105868,0.0805632419927571,0.0322990059408268,0.050975699114952,0.1378572678934101,0.046889745110909,0.1382202938552469,0.1108918004199782,0.0268083630859619,0.0529627704913471,0.0743517938307811,0.088382772598905,0.0690747611219052,0.059614408652451,0.0339579615940854,0.1581765759504684,0.0662859257234552,0.0641057674015682,0.0808887446085114,0.0597737398727339,0.0667852023482103,0.0551823194473152
MR,0.0909946469015076,0.0576885829755945,0.0372272416397431,0.0298072899043145,0.155645497404795,0.0354653127421783,0.0384730380492864,0.0392397669591318,0.0693287595715148,0.0584189788715595,0.1206239080810518,0.0291791619760952,0.0780140130220194,0.1642336057364342,0.0879196471050562,0.0314190780400674,0.0361757458070848,0.0763629474185235,0.024794002364021,0.0481400875026983,0.0734782138987276,0.0391045473874392,0.0787716743577066,0.0444122940048304,0.0463442758327676,0.048914120433855,0.1447580996350125,0.1115378521518044,0.0742499893816693,0.0398305433607049,0.0,0.1717356732748211,0.0439993512331631,0.0611837980612505,0.0817195093830213,0.0266962878786929,0.0531356114655016,0.1400520433518508,0.0303388839865076,0.1362485374794463,0.1304464442674836,0.044593859135381,0.0417153570705813,0.0730752834241442,0.0634093321934353,0.0564238380798267,0.0409746164164305,0.0242196273313238,0.1837389496986438,0.0593871322687507,0.078323561958075,0.0607495667657864,0.0453264597751515,0.0714425905277768,0.0487553159108546
MU,0.1648970704438181,0.1446909968388845,0.1730798828519746,0.1717476233815181,0.1033831510846249,0.1795172957382002,0.1957590469317337,0.1714814502408331,0.1382031170183579,0.14644686991719,0.1429812463452446,0.1624486757470978,0.124500566905547,0.1475456358907232,0.3249421922608405,0.1932039847648002,0.1352420344118696,0.1368499200563604,0.1734407196065895,0.1349485338236248,0.2773634786514033,0.2317002881941758,0.1163678803642096,0.2610087502190908,0.1443250310155428,0.1395085232230288,0.118363902122033,0.1565796801300316,0.1540635025809758,0.1607574770333401,0.1717356732748211,0.0,0.1673949658791916,0.1353063685348434,0.0871661857084173,0.1592830083736013,0.1356420940876688,0.0818364333190244,0.1925754495028278,0.0832334144822295,0.1992123271143522,0.1505047338189483,0.1450084141342583,0.1717508306441996,0.227831559717511,0.1628589293251253,0.2401862304482702,0.1829140874357153,0.1262202133986409,0.1828598422404618,0.1173356718543485,0.1861555150494551,0.109087929862507,0.1104684037771882,0.1438006781840397
MW,0.0814148679698144,0.0849109888626055,0.0397351203543209,0.031794726291262,0.1293720873223709,0.0337878406116138,0.043388032003,0.041822114474741,0.0803206678955,0.0664632060617352,0.1136895233725172,0.0403933474514425,0.1065553814119301,0.1827656870093937,0.0937489916162518,0.0320675246744303,0.0412254053703305,0.0599932770986318,0.0290784006018683,0.0651025992276188,0.0784264523126254,0.0480946784071556,0.0709327796554182,0.0577423554095287,0.0455098968921309,0.0403091588830917,0.1768211585410646,0.1424952967411205,0.0711309035797571,0.0576647130249833,0.0439993512331631,0.1673949658791916,0.0,0.0496305628979393,0.0670544513781273,0.0431228699214966,0.0478455028264511,0.1451847074037769,0.0254329935218244,0.1251301390418699,0.117531119623781,0.0591899022016865,0.0601833844663233,0.0689939387780246,0.0687067955369187,0.0410834400202044,0.0499481644453596,0.0272575723166423,0.2074369547083655,0.0536412673670753,0.0659340816857453,0.0716432974936736,0.0411725594444348,0.0499854051215968,0.0382963024887075
MZ,0.0529745799865875,0.0810916900969344,0.048910929543257,0.0524316030205753,0.0992539186357042,0.0442112484312885,0.0624888860182738,0.0522269587411398,0.0768974086905842,0.0553550993075339,0.0848616753864194,0.0645011940714719,0.098110016534659,0.1634905704347306,0.144829694503707,0.0562727769750271,0.0487216141831282,0.0479441829731839,0.055919358437423,0.0547035226753341,0.1179673473332404,0.0767931524925658,0.0660874858212756,0.1010195015578832,0.0464436703528079,0.0430034298496296,0.1407520684414749,0.1335427838448947,0.057756102554357,0.0597873062105868,0.0611837980612505,0.1353063685348434,0.0496305628979393,0.0,0.0611414324927468,0.0558585913951019,0.0450696236314069,0.1282328419510129,0.0506811234506636,0.1092343827272295,0.0993677885146595,0.0714083768666505,0.0601586749110329,0.0656990040920392,0.0858648903270863,0.051366665602995,0.087048801748171,0.0508987349499781,0.1760657050046465,0.0624418466176182,0.0535149604897743,0.0958408819882069,0.0477432872449523,0.0475829329178494,0.0488051309571447
NA,0.0994583356855943,0.0744950106310399,0.0776440945441037,0.0783439716126809,0.0645053735487378,0.0733726127639824,0.0970648486151368,0.0767485068978846,0.0815203591536204,0.0746543362516213,0.0965063721378346,0.0873432436504626,0.0983521608310642,0.1537987012835057,0.1923601793734884,0.0915395338941423,0.0577496972418409,0.0659455217261487,0.0786480575764942,0.0623632659074693,0.1698590562697194,0.1241423273400531,0.0623809057712183,0.1483290232249676,0.0570498223596498,0.0461000961674347,0.1086564258321858,0.1319438418106265,0.0824187891898193,0.0805632419927571,0.0817195093830213,0.0871661857084173,0.0670544513781273,0.0611414324927468,0.0,0.0726989770078077,0.0601629911116265,0.1177473978762606,0.0842013465609932,0.0780366920998015,0.1096478722857543,0.0870008184100092,0.0699402988628159,0.07917674058331,0.1295893913122684,0.0568674099943774,0.1292323298118525,0.0818842372474977,0.1585990348355539,0.0839781389217417,0.0538068700776849,0.1213098324472371,0.0453284032347547,0.0360401468808282,0.0515682427885278
NE,0.0854014766188485,0.0451438625311825,0.0330199848321269,0.0264271807552169,0.137293979054928,0.0333947594759345,0.0401469230634741,0.0321571498261461,0.0625932548811758,0.0525649681383955,0.1109851741405569,0.0300025119502153,0.0890973302599402,0.1717350338373354,0.1024877453963525,0.0341746557885751,0.0327682804462066,0.0611152611943278,0.0270190731187615,0.033649497637344,0.0804119307097471,0.0457964177091013,0.0745737612092287,0.0525975707299001,0.045658670592487,0.0469652491687305,0.1508643099799765,0.1175516075517126,0.0649597152621711,0.0322990059408268,0.0266962878786929,0.1592830083736013,0.0431228699214966,0.0558585913951019,0.0726989770078077,0.0,0.0436353224190355,0.135733912163668,0.0280668553520426,0.1275186376623296,0.1125419313895516,0.0413361380918696,0.0393139206901512,0.0632846969926508,0.0711228568663013,0.0526954961467848,0.0414583485097733,0.0216814374023319,0.1896503090401942,0.056044827426507,0.0698689758969144,0.065899042745214,0.0453520765557562,0.0624082820747325,0.0460473993464951
NG,0.0874963240758303,0.0695609134304583,0.0506339578937886,0.0376257224805782,0.0923864518039299,0.0480277624218886,0.0583102896594109,0.0535440416419268,0.0612845619517025,0.0496953062059978,0.1103335458576743,0.0604517658343748,0.0820312887811579,0.1435448167141371,0.1404630337866212,0.0426686717267661,0.0463056884319321,0.0196298824012197,0.0455570947024586,0.050218450103962,0.1178836678551744,0.0842376387270795,0.0369552349596249,0.1005945625866692,0.0426700427444943,0.0327468839687055,0.1328776544485317,0.1122575410149231,0.0552905798018598,0.050975699114952,0.0531356114655016,0.1356420940876688,0.0478455028264511,0.0450696236314069,0.0601629911116265,0.0436353224190355,0.0,0.1292895239131047,0.0407676519513904,0.1107333653413318,0.0814203332192879,0.0557869010592595,0.0459300479482889,0.0453708382991951,0.0948306904488065,0.0420304584690445,0.0860716422719684,0.0458555264635224,0.1670195729085987,0.0476362328926154,0.0411006300186036,0.0974265417473236,0.0403216434879865,0.0370428850395979,0.0376819724321426
RE,0.146925105878184,0.1356252166423774,0.1392531291659967,0.1316878554172744,0.1495887194364322,0.146950283616318,0.1531573494745685,0.1354053715503458,0.1277240200991972,0.1216109966792453,0.144442840713322,0.1230106068278389,0.1188082461580085,0.1623877539293541,0.2615203498077809,0.1672699676082434,0.100123457925356,0.1369378785240119,0.147755797018307,0.125375203752415,0.2175555338171718,0.1779465063278696,0.122453168772221,0.1964799821962261,0.1362618950870162,0.137184299050177,0.1488685237687582,0.1557909715743569,0.1352424306633148,0.1378572678934101,0.1400520433518508,0.0818364333190244,0.1451847074037769,0.1282328419510129,0.1177473978762606,0.135733912163668,0.1292895239131047,0.0,0.1578129426067285,0.0987295201622521,0.2154569617304815,0.1216397475648646,0.1475785299136677,0.179226685743017,0.1840523559760061,0.157832814722898,0.1896829078956616,0.1411696849523324,0.1436664575626109,0.1711500125181385,0.1295643073061446,0.1196012769823777,0.0956162859529896,0.1231095563289244,0.1380483626351868
