ISO_CODE,AG,AI,AR,AW,BB,BM,BO,BQ,BR,BS,BZ,CA,CL,CO,CR,CW,DM,DO,EC,GD,GF,GL,GP,GT,GY,HN,HT,JM,KN,KY,LC,MQ,MS,MX,NI,PA,PE,PM,PR,PY,SR,SV,SX,TC,TT,US,UY,VC,VE,VG,VI
AG,0.0,0.5210982057640405,0.7436755181561814,0.5037851713751081,0.2940238981343197,0.4890711224187378,0.6940453039711059,0.551095038570309,0.7535806724700402,0.3533002145419945,0.3888378539715011,0.5171826757569429,0.6674966952706048,0.7270768811522367,0.6685354861905306,0.483522154940865,0.416876213817662,0.6772098072959053,0.6853626149121311,0.3192759724025125,0.5405075214928831,0.559281925377241,0.5672269919332393,0.7037247412846586,0.3109910404200344,0.6787131682074248,0.637429701219291,0.3705884004891889,0.3924534538865937,0.4805108081404413,0.3070719051134566,0.5683113372822728,0.5622588834274036,0.7007275409610861,0.6513547532970748,0.626008084574999,0.7126149085802204,0.8340028395216368,0.6208958742378899,0.6895490782516336,0.4441952456957448,0.6699196638388462,0.376690562534127,0.4928127651049805,0.3254768154010232,0.451134766350576,0.7059555098481207,0.3616812074310691,0.6900008980105342,0.4821325637096665,0.4520780872205823
AI,0.5210982057640405,0.0,0.7286270096185059,0.5668069908078599,0.5235897593344924,0.5638578507518648,0.6937907377312424,0.5797220120608636,0.7669980846088896,0.5351229992868463,0.513957868631808,0.5875064116887956,0.683422580201225,0.7330203373045263,0.6827979138764233,0.5737059311603727,0.5496937050344392,0.6841921428707582,0.6924824108990097,0.5216265249278899,0.5296250681958319,0.6151942946785653,0.5399839009288325,0.7173832320208196,0.5360943011902493,0.7038619322451334,0.6793506422061847,0.6047721967874856,0.525631055243458,0.5705609770441674,0.5182371751376127,0.5459279913696391,0.7061112127935709,0.7218419051232261,0.6722483640068604,0.673039935425657,0.713517905756804,0.7775684760291685,0.6685063918828749,0.6918930585654297,0.6242955210105804,0.6821924437213625,0.4772293160983053,0.5395177123618377,0.5286068263025079,0.5702742502663927,0.702433324970628,0.5551918017194201,0.6962599934876991,0.5484336105953507,0.5310693002976508
AR,0.7436755181561814,0.7286270096185059,0.0,0.5993159505192477,0.7110078090485381,0.7308605614070608,0.3139131056727429,0.6921584563662071,0.583763984769224,0.7420716202914646,0.5356688666965685,0.6505837568760477,0.3334259202898251,0.4129208363323916,0.4125426619197485,0.5824069724509027,0.7599082807492529,0.5009174495675193,0.3476413070110443,0.7389188113444436,0.5873248361218846,0.6707124729290832,0.578689674176845,0.325109763918449,0.6681901463999391,0.3626189718135673,0.6078761652331247,0.7648146992750401,0.7562069018577873,0.7428110544993638,0.726779302507865,0.5857600846695397,0.9005599998015292,0.4427886326094236,0.3484885427940047,0.3724777333702171,0.370481028337542,0.8195578158162969,0.4768663176311037,0.299846878409585,0.6324953291636732,0.3514191493223478,0.7233606635979485,0.7803791875378574,0.6459274928401941,0.648027836269182,0.2656186161980214,0.7627013200457866,0.394611373411961,0.7875089392311724,0.756121081183057
AW,0.5037851713751081,0.5668069908078599,0.5993159505192477,0.0,0.500112738650492,0.527909893426513,0.5235386813999261,0.4828741474962964,0.6846029685271784,0.5358162583828354,0.427001594676009,0.5406195238852285,0.5420269239736537,0.5357922007922141,0.5189457479324204,0.3005626003198536,0.5901855043757214,0.5622183872898576,0.5077667222860086,0.4958172725905264,0.4919896223622555,0.5309163786718392,0.5406779951186758,0.5533454300193823,0.4847455213468603,0.5233644051195083,0.6234751379969055,0.6153514750346181,0.5262141604548387,0.4972671765899791,0.4764554596410781,0.5301211394631411,0.7573014208558603,0.5803127279232092,0.4863588556314169,0.48951743330332,0.5446632560867617,0.7791109955618319,0.5193519469172141,0.5464360215439362,0.517995815814126,0.5249658833822678,0.4578023803626041,0.5635571156378154,0.4851353682438297,0.4979709741658623,0.5711807899407719,0.5471712040400605,0.4878663626911969,0.5722468929323935,0.5186877836751695
BB,0.2940238981343197,0.5235897593344924,0.7110078090485381,0.500112738650492,0.0,0.4586869198726357,0.6704549270023705,0.5522258274048564,0.7076232928885597,0.2835454828427075,0.3507584358169205,0.4254852909220877,0.6252705687673431,0.6997433797338894,0.6298599023314713,0.4489724287250834,0.4134196410241741,0.6801389246357419,0.6681892581977775,0.248629564139289,0.4886228646293846,0.5442006301114753,0.4900977446757283,0.6584942010994868,0.2022959651465325,0.6357112968779594,0.5733544978726695,0.2591307049513084,0.3857007606462428,0.4490690714687558,0.2239040896813237,0.4864589968221094,0.526631356572591,0.6789806451672137,0.6367466849125851,0.5855891979438006,0.6838122368857593,0.7763275916110017,0.6040010200886744,0.6675959249561961,0.4686826837179795,0.6411086102693911,0.3915582990638847,0.5094327382651356,0.1896026841889843,0.3774345196013207,0.6773254087699667,0.2988004026921945,0.6897624967905789,0.4894493505736326,0.4464318467920189
BM,0.4890711224187378,0.5638578507518648,0.7308605614070608,0.527909893426513,0.4586869198726357,0.0,0.7125640805671813,0.597699754544881,0.7360947202644351,0.4825669032416938,0.4842434693319731,0.4796197021707826,0.6544758809060771,0.7398670007286827,0.6850759571215221,0.5342079446296576,0.5411949873857722,0.7223684257958598,0.7043245107730278,0.4504680206482018,0.576313681303967,0.5420374007382303,0.6224975249014375,0.6983128555685864,0.47004316241438,0.6968345768414874,0.7010532206246758,0.5872870206998348,0.5166096050868962,0.4471746567207301,0.4512720700962371,0.6127199985839418,0.7111183052745679,0.7172381956357381,0.6876006927610967,0.6466406679116242,0.7153158913435977,0.7892397530128725,0.6406555253053605,0.7082808034650632,0.5956940296096587,0.6876879214016053,0.4909876050312253,0.5511699297417131,0.4645968825407954,0.4554601228012966,0.6933272538903268,0.5161382019794949,0.721552220671863,0.55555307634425,0.4590459805271232
BO,0.6940453039711059,0.6937907377312424,0.3139131056727429,0.5235386813999261,0.6704549270023705,0.7125640805671813,0.0,0.6293279446239368,0.5526383646474844,0.7088586092335101,0.4224703418594415,0.6278430323949684,0.2811627002030785,0.2733758637981368,0.2889972753240422,0.5235303517901864,0.7315017719244967,0.3830535742390641,0.1619931028333364,0.7070077329587461,0.5378074298108089,0.6278483425316972,0.5976736721385356,0.2163962976898318,0.6150916017458092,0.2054298196635555,0.5372171912799732,0.7341008522983663,0.6892145399363292,0.6824642557211709,0.6766078685308927,0.592909295890355,0.8790222190431256,0.3365676440404559,0.1668986154228486,0.2198942435739759,0.2403274399371376,0.8069389674386593,0.3844948787804882,0.2260705866881118,0.5734348934763225,0.1942275482430546,0.6649390581598057,0.7179528777065866,0.6075340699654757,0.6184178069768107,0.2900700883155828,0.7236981849370305,0.223164701402253,0.7384690564580123,0.7123889128283236
BQ,0.551095038570309,0.5797220120608636,0.6921584563662071,0.4828741474962964,0.5522258274048564,0.597699754544881,0.6293279446239368,0.0,0.7083101813592266,0.5683187868438581,0.5088830594493438,0.6257251519153816,0.6380404549152345,0.6454069063572161,0.5975159144034379,0.4751016050228783,0.5909874146607116,0.608351248103628,0.6187707170725507,0.5479354217317959,0.583710845740164,0.60784121060694,0.6426114539799352,0.6414348757358299,0.5525753541401783,0.6244533561589716,0.6969241285333948,0.6389529097543813,0.5547693655395325,0.5811603950306707,0.549750462391936,0.6339711699871721,0.744176921532365,0.6707313093158187,0.58274409999306,0.6067313241288986,0.6263681224953621,0.8391971967327299,0.604848729807403,0.6203635536123236,0.6168237014866181,0.6062593060736698,0.5143289511785881,0.5644502513168839,0.5504446568409357,0.5792227680256281,0.6569820383894824,0.5811147269605603,0.6100730547534503,0.5923517553388004,0.5707721308523
BR,0.7535806724700402,0.7669980846088896,0.583763984769224,0.6846029685271784,0.7076232928885597,0.7360947202644351,0.5526383646474844,0.7083101813592266,0.0,0.7309758443792718,0.6141564808864322,0.6420109992603075,0.5803983428004,0.6283270661874099,0.5980356702868748,0.6675521713145505,0.7742543664914536,0.6927003930088359,0.5909302323746666,0.7361690996279,0.5626726206569924,0.6933091806000009,0.6845197099155589,0.5593706736415787,0.6498644122399743,0.5841914389472405,0.6531040545981963,0.7523353968859712,0.7866501121665003,0.7622524913629365,0.725319311280231,0.6838528470694765,0.890640547974871,0.6345402533469686,0.5844867232819252,0.5627745474893651,0.600720104768335,0.8257901216624126,0.6569990331649836,0.5227139426543349,0.6499207795178705,0.555078943424326,0.7615189652480581,0.798758280564442,0.6437907826084385,0.6466356286972277,0.572674531794162,0.7593722301208458,0.6226125849384123,0.8019850527878505,0.7724264833811385
BS,0.3533002145419945,0.5351229992868463,0.7420716202914646,0.5358162583828354,0.2835454828427075,0.4825669032416938,0.7088586092335101,0.5683187868438581,0.7309758443792718,0.0,0.3510834022366554,0.4663791902620471,0.654957246484231,0.7401472894198764,0.6741835349902684,0.4888031184320782,0.4346909283245879,0.6922853936796973,0.7080502940005893,0.3349259344001835,0.5646810995876903,0.5989076395326245,0.5631308730028388,0.6974032194212325,0.2799804307928488,0.6800605653720786,0.6316315881954832,0.3506255036834502,0.4186265449076434,0.4725361466246647,0.3067744060614094,0.5729059819563221,0.5467582891497403,0.706405284595781,0.6874007591585134,0.626643727926588,0.7175171229364795,0.8422032229035262,0.6165648116178243,0.7129253574642747,0.5126772183229877,0.6769442587296951,0.4326929751055537,0.4980488387893347,0.2685261124954615,0.3664405601766243,0.7136708862077579,0.3983876014645885,0.7188702720706912,0.5032809756918102,0.4486842700465804
BZ,0.3888378539715011,0.513957868631808,0.5356688666965685,0.427001594676009,0.3507584358169205,0.4842434693319731,0.4224703418594415,0.5088830594493438,0.6141564808864322,0.3510834022366554,0.0,0.4154296702026445,0.4271006755156248,0.4783198834601188,0.4328061819841968,0.3863322584568385,0.4693522602280784,0.4746579520470209,0.417535870702219,0.3893980278632565,0.4527719320542301,0.4895369919532002,0.5043854387503497,0.4311785658135262,0.2864738831620743,0.3982579213912014,0.4935122762891908,0.4199966416902803,0.4397242988550733,0.4674518372098446,0.3351021698216864,0.5098251040783993,0.643558932577311,0.4778146518561658,0.3636234937866447,0.3598902521143116,0.469101697897436,0.7840243910726102,0.4407782952895954,0.443967747110952,0.4230199104179939,0.386353166542725,0.4251875725491802,0.5056625784127877,0.292258767011324,0.3641579489744948,0.5057229138010113,0.4234988253971854,0.4381470014510894,0.5171933214203452,0.4744659088071902
CA,0.5171826757569429,0.5875064116887956,0.6505837568760477,0.5406195238852285,0.4254852909220877,0.4796197021707826,0.6278430323949684,0.6257251519153816,0.6420109992603075,0.4663791902620471,0.4154296702026445,0.0,0.5103067212892951,0.6626028364938921,0.5769302442904941,0.5064405845814899,0.5686899277054123,0.6570308185007576,0.6137100365876633,0.4638693861844614,0.5744824005440297,0.5167132397655054,0.587642781363005,0.5877420650641323,0.3777931606996587,0.5839816813545757,0.6257140698256815,0.5415033878369824,0.5383433433796152,0.5033084089439317,0.4717053257158154,0.5888932122502495,0.7154667612765481,0.6080560027647561,0.5892163510278641,0.5133527674924298,0.6319048936911082,0.7264927518894547,0.5132277666105078,0.6102349073959301,0.5150306198229505,0.5692906740571341,0.5267691326045721,0.610795557701749,0.3450590414276896,0.1575927286415035,0.6038014137262815,0.5281079445958915,0.6426640893170832,0.5915902532425663,0.5247762193414933
CL,0.6674966952706048,0.683422580201225,0.3334259202898251,0.5420269239736537,0.6252705687673431,0.6544758809060771,0.2811627002030785,0.6380404549152345,0.5803983428004,0.654957246484231,0.4271006755156248,0.5103067212892951,0.0,0.3579795236084556,0.3347267361056636,0.5216326048227371,0.6970724828254702,0.4139600284927243,0.2713252683767091,0.6596253128306659,0.5563777358347353,0.6136014874545168,0.5774712474280658,0.2984433781150031,0.568358265522235,0.2880833890425121,0.5792676531325661,0.6941100119578103,0.6715840691447859,0.6665914170065306,0.6455527476570737,0.5770007914825728,0.8487385965049707,0.4036939020111671,0.2798955565220329,0.2423788046805866,0.3058949192433233,0.8024914621850201,0.3635830000775806,0.2898773851518255,0.5841768204967047,0.2726628034181499,0.648856148701997,0.7140758292069993,0.5566038962822669,0.522662856374561,0.309259704507939,0.6962028922536857,0.3245691336399291,0.7207280898815984,0.684306523849378
CO,0.7270768811522367,0.7330203373045263,0.4129208363323916,0.5357922007922141,0.6997433797338894,0.7398670007286827,0.2733758637981368,0.6454069063572161,0.6283270661874099,0.7401472894198764,0.4783198834601188,0.6626028364938921,0.3579795236084556,0.0,0.34151150075754,0.5537793801890842,0.7452478907259168,0.4325163449984757,0.2504224355160532,0.7281235318186643,0.5934747055559622,0.6587289994978909,0.6447177180291253,0.3131633999133905,0.6469869954114726,0.2872491334636136,0.5738369866699371,0.7484907831480008,0.715414923285772,0.7257757254599917,0.7094990735935409,0.6405681944748842,0.8891789141779122,0.4287939066934547,0.2562168064638337,0.2791259129629109,0.3377532115717633,0.8284279618189891,0.4458499939322964,0.3167779619130464,0.6087181579881058,0.2848432091623625,0.6957780293853923,0.747694210196624,0.635992516181143,0.6482844439210262,0.3941173246910192,0.7478140483171052,0.2687941883166637,0.7812069556520431,0.743381929616606
CR,0.6685354861905306,0.6827979138764233,0.4125426619197485,0.5189457479324204,0.6298599023314713,0.6850759571215221,0.2889972753240422,0.5975159144034379,0.5980356702868748,0.6741835349902684,0.4328061819841968,0.5769302442904941,0.3347267361056636,0.34151150075754,0.0,0.5257764679205421,0.704213023540202,0.4517520426731279,0.2870483376191766,0.6666993524899505,0.5346512369675436,0.608090709406116,0.5782331504823701,0.2952870775193071,0.587701540070946,0.2649575368442246,0.5350928213956474,0.6951325103363211,0.6724812242197038,0.6593628207412063,0.6403601157615864,0.5689091994162809,0.8562431880611933,0.3776611644904021,0.2371985951700272,0.2395754447031256,0.339851823530128,0.7805064865238295,0.4155691067932853,0.300049730215573,0.5838396532139016,0.2460019615766322,0.6432822010233181,0.6914485143649173,0.5629271205976945,0.5677771322877294,0.3627971573092304,0.6855084038228443,0.3355149621251631,0.7247333157640603,0.6870087571340382
CW,0.483522154940865,0.5737059311603727,0.5824069724509027,0.3005626003198536,0.4489724287250834,0.5342079446296576,0.5235303517901864,0.4751016050228783,0.6675521713145505,0.4888031184320782,0.3863322584568385,0.5064405845814899,0.5216326048227371,0.5537793801890842,0.5257764679205421,0.0,0.5663056161252082,0.5486465476336156,0.5088509884193138,0.4737628896009264,0.4900060935346243,0.5469468486254936,0.5081401656143345,0.515853715884685,0.4264803653928518,0.4946143948756683,0.5824886910038408,0.5588710249793526,0.5153776500072338,0.5193327276154619,0.45204814931153,0.50779984300903,0.729572768490669,0.5790685164259246,0.4708358622308972,0.4588971887927024,0.5461845217354248,0.8083454081851702,0.5115423647449011,0.5312207479599426,0.4550569263518732,0.511052187544836,0.4451338246703187,0.5775570546305512,0.4286507397618728,0.4790757874479273,0.5559227077520283,0.5248626711374179,0.4736576780092847,0.5921641358393241,0.5395017876286644
DM,0.416876213817662,0.5496937050344392,0.7599082807492529,0.5901855043757214,0.4134196410241741,0.5411949873857722,0.7315017719244967,0.5909874146607116,0.7742543664914536,0.4346909283245879,0.4693522602280784,0.5686899277054123,0.6970724828254702,0.7452478907259168,0.704213023540202,0.5663056161252082,0.0,0.7346851134857011,0.7245118544320613,0.4026514609167746,0.5852432835342727,0.6056396330000858,0.6021508554105748,0.7136405221357843,0.4152275450489299,0.7071336859950852,0.6557736943260492,0.4828403555873937,0.4661936385245054,0.5616524481638648,0.3964826535591291,0.5977686508224521,0.6376274301627852,0.744955561168005,0.6975556516034238,0.6763910465012688,0.7403493700622091,0.85146314141863,0.6922759572393952,0.7287415007061802,0.5790660317863753,0.7034582631721551,0.4651577031467491,0.530057125287217,0.4137020905111033,0.5154433449386178,0.7247389125898185,0.4474154205541482,0.7284446039844298,0.5346921543809259,0.5224878835910893
DO,0.6772098072959053,0.6841921428707582,0.5009174495675193,0.5622183872898576,0.6801389246357419,0.7223684257958598,0.3830535742390641,0.608351248103628,0.6927003930088359,0.6922853936796973,0.4746579520470209,0.6570308185007576,0.4139600284927243,0.4325163449984757,0.4517520426731279,0.5486465476336156,0.7346851134857011,0.0,0.3389798316611542,0.7064055271601812,0.6101884005845527,0.7126292913844547,0.6493525382583889,0.4243564954651567,0.6258967219493069,0.3658009040192249,0.6456568446774683,0.7406370036454893,0.6770082482832243,0.6902323382786941,0.7000424081449766,0.6480561430775607,0.8556740841586863,0.4989384621770818,0.3283223862891251,0.3708426932393716,0.4451278741112447,0.8498940375801218,0.3715949158260224,0.408356712610982,0.6322228937455674,0.3902493489958395,0.6443968552627564,0.6912783702565906,0.635736692975485,0.6050701407042179,0.4876463770211166,0.7409632264418287,0.3485364446722201,0.7240132993066165,0.6676388488874403
EC,0.6853626149121311,0.6924824108990097,0.3476413070110443,0.5077667222860086,0.6681892581977775,0.7043245107730278,0.1619931028333364,0.6187707170725507,0.5909302323746666,0.7080502940005893,0.417535870702219,0.6137100365876633,0.2713252683767091,0.2504224355160532,0.2870483376191766,0.5088509884193138,0.7245118544320613,0.3389798316611542,0.0,0.6999891624136483,0.5490073579668049,0.627170997904291,0.6032642941922468,0.2248546374871352,0.6036904583512759,0.1905197671622206,0.5532689154289417,0.7262812605286946,0.6802138444555947,0.6820379865169233,0.6729926446058807,0.5955681076819005,0.876157762348334,0.3392573529654752,0.1593202956986193,0.1988730958344721,0.243255025840215,0.8142809920340723,0.3539968570579827,0.2351753642553494,0.5720853458240638,0.1916478973006535,0.6593941217375725,0.7127020451122361,0.5996589292915706,0.5996572082587642,0.3022869995794743,0.7160745547441789,0.204762221973994,0.7336191639955281,0.702966790810641
GD,0.3192759724025125,0.5216265249278899,0.7389188113444436,0.4958172725905264,0.248629564139289,0.4504680206482018,0.7070077329587461,0.5479354217317959,0.7361690996279,0.3349259344001835,0.3893980278632565,0.4638693861844614,0.6596253128306659,0.7281235318186643,0.6666993524899505,0.4737628896009264,0.4026514609167746,0.7064055271601812,0.6999891624136483,0.0,0.5098945996416175,0.5094078426635488,0.5360024446042115,0.6848327474419494,0.2858751438300821,0.6684797922187455,0.6113879317908789,0.3448040411265647,0.3741136092636032,0.4411074544304076,0.2551831046747712,0.5358247181248589,0.5593770856492756,0.7123702834752635,0.6684461349809637,0.6253829009992614,0.7163733366689798,0.8039627649306688,0.6350022171154697,0.7068888486093685,0.5074519106404871,0.6701234535129704,0.3829674032890425,0.4841277571281787,0.2932341438359302,0.4103712422661388,0.7007528295271288,0.3295178810663633,0.7141351742016713,0.482464611692553,0.4319058810907836
GF,0.5405075214928831,0.5296250681958319,0.5873248361218846,0.4919896223622555,0.4886228646293846,0.576313681303967,0.5378074298108089,0.583710845740164,0.5626726206569924,0.5646810995876903,0.4527719320542301,0.5744824005440297,0.5563777358347353,0.5934747055559622,0.5346512369675436,0.4900060935346243,0.5852432835342727,0.6101884005845527,0.5490073579668049,0.5098945996416175,0.0,0.527065363527488,0.2593578534168792,0.578547296997696,0.4749483183256767,0.5616449459897356,0.497062954872254,0.5741872358958642,0.5688507848780152,0.5691312940871294,0.4649904790559152,0.2270760679431579,0.764845420619908,0.6001707969583636,0.5179346894523149,0.5319335404230471,0.5473100241751776,0.6610778695282402,0.5867790079937621,0.5438352887264779,0.4796768725954305,0.5443739670162904,0.5105095049308077,0.5824407011469259,0.4852959439312952,0.5879540031243904,0.5571742241498844,0.5580638387207639,0.570209507930763,0.6185417592976437,0.561713283006767
GL,0.559281925377241,0.6151942946785653,0.6707124729290832,0.5309163786718392,0.5442006301114753,0.5420374007382303,0.6278483425316972,0.60784121060694,0.6933091806000009,0.5989076395326245,0.4895369919532002,0.5167132397655054,0.6136014874545168,0.6587289994978909,0.608090709406116,0.5469468486254936,0.6056396330000858,0.7126292913844547,0.627170997904291,0.5094078426635488,0.527065363527488,0.0,0.5928046460780046,0.6239856339160701,0.5359898784327156,0.6198891820061252,0.6198888539942036,0.667803293475069,0.5711129587868934,0.5367736841247996,0.5133681380982271,0.598123434482196,0.7993758127062957,0.6506586782000183,0.5839812428847003,0.5865851915685814,0.6424888258135323,0.7502841319178013,0.6423425944560006,0.6308929029860644,0.5623145025691633,0.615685958563754,0.5497522057820752,0.6007012551414799,0.5265533819781717,0.5234264542541908,0.6357749157584014,0.566812844201398,0.6521726730546318,0.6120398854806243,0.5844829802875326
GP,0.5672269919332393,0.5399839009288325,0.578689674176845,0.5406779951186758,0.4900977446757283,0.6224975249014375,0.5976736721385356,0.6426114539799352,0.6845197099155589,0.5631308730028388,0.5043854387503497,0.587642781363005,0.5774712474280658,0.6447177180291253,0.5782331504823701,0.5081401656143345,0.6021508554105748,0.6493525382583889,0.6032642941922468,0.5360024446042115,0.2593578534168792,0.5928046460780046,0.0,0.6210906477627478,0.4920027905571568,0.6163389799182664,0.543423621585795,0.5595181491790489,0.607123994392875,0.6224922212021526,0.4840543691404386,0.1351891448365839,0.7545873294734906,0.6293256219507442,0.5839866086199079,0.5796831390022945,0.6036510564766123,0.6622986683743635,0.6104569561382307,0.5890002880184171,0.5241308784525005,0.5941568369868504,0.5555288561464913,0.6267791190605443,0.4868876207216203,0.5905894756746533,0.5735637099759312,0.5759483058180902,0.6215297791183245,0.6578391917304978,0.603806059535148
GT,0.7037247412846586,0.7173832320208196,0.325109763918449,0.5533454300193823,0.6584942010994868,0.6983128555685864,0.2163962976898318,0.6414348757358299,0.5593706736415787,0.6974032194212325,0.4311785658135262,0.5877420650641323,0.2984433781150031,0.3131633999133905,0.2952870775193071,0.515853715884685,0.7136405221357843,0.4243564954651567,0.2248546374871352,0.6848327474419494,0.578547296997696,0.6239856339160701,0.6210906477627478,0.0,0.6108256987652281,0.1595646719737642,0.4826664555497564,0.7120668117393751,0.7104276032456924,0.6927553960273133,0.6722207238833221,0.6301897880460466,0.8678725499593101,0.3448378795534593,0.1915926110356861,0.2105589354177374,0.2970560082489829,0.8163488239128598,0.413872211072043,0.2748331514874894,0.5801663056581504,0.1717932439223946,0.6811169504891412,0.7185449004440974,0.5775893262062324,0.5681061546409987,0.3337340425482099,0.7208371409170822,0.3109073366421279,0.7541537478875324,0.7127704072107834
GY,0.3109910404200344,0.5360943011902493,0.6681901463999391,0.4847455213468603,0.2022959651465325,0.47004316241438,0.6150916017458092,0.5525753541401783,0.6498644122399743,0.2799804307928488,0.2864738831620743,0.3777931606996587,0.568358265522235,0.6469869954114726,0.587701540070946,0.4264803653928518,0.4152275450489299,0.6258967219493069,0.6036904583512759,0.2858751438300821,0.4749483183256767,0.5359898784327156,0.4920027905571568,0.6108256987652281,0.0,0.5796812993274476,0.5223629765547657,0.2698380493733874,0.4035266226645927,0.4759179290199063,0.2483678956307579,0.4892473826684059,0.5288254185947189,0.6256049053773274,0.5652453878962989,0.528365920716983,0.6195970169288489,0.7934038096677272,0.5406023949186309,0.6091166580999382,0.3568393735928755,0.5714087378796727,0.3936092099926545,0.5080054468914093,0.1609441869742629,0.3229033955967426,0.625294703443346,0.3253519351646741,0.6165780164214926,0.4785687679703233,0.468253622602817
HN,0.6787131682074248,0.7038619322451334,0.3626189718135673,0.5233644051195083,0.6357112968779594,0.6968345768414874,0.2054298196635555,0.6244533561589716,0.5841914389472405,0.6800605653720786,0.3982579213912014,0.5839816813545757,0.2880833890425121,0.2872491334636136,0.2649575368442246,0.4946143948756683,0.7071336859950852,0.3658009040192249,0.1905197671622206,0.6684797922187455,0.5616449459897356,0.6198891820061252,0.6163389799182664,0.1595646719737642,0.5796812993274476,0.0,0.4529668853505734,0.6990608733566182,0.6795439483794018,0.6676700239523046,0.6531094489830962,0.6157839163886996,0.8570575678906239,0.3524087150522887,0.1299399984231789,0.15131364367704,0.291559986452563,0.8148641069037972,0.3732712112004512,0.2507592689059592,0.5550738099845864,0.1322224693508378,0.6609057659097538,0.7006363529596855,0.566432041102555,0.5557023406731861,0.3279065433731317,0.7031153479722623,0.2280580764176158,0.7398146116885738,0.6962169979934755
HT,0.637429701219291,0.6793506422061847,0.6078761652331247,0.6234751379969055,0.5733544978726695,0.7010532206246758,0.5372171912799732,0.6969241285333948,0.6531040545981963,0.6316315881954832,0.4935122762891908,0.6257140698256815,0.5792676531325661,0.5738369866699371,0.5350928213956474,0.5824886910038408,0.6557736943260492,0.6456568446774683,0.5532689154289417,0.6113879317908789,0.497062954872254,0.6198888539942036,0.543423621585795,0.4826664555497564,0.5223629765547657,0.4529668853505734,0.0,0.6070000994994037,0.6714542608883527,0.6921707190171414,0.5807233430260453,0.5404999403358626,0.7977489292096962,0.6418114750630923,0.4302496830555621,0.42869737127994,0.5681534498215277,0.7875494140358026,0.6350389448789806,0.5278580788584224,0.4931397837260256,0.4719816284529776,0.6361390769672988,0.6462320951048702,0.5493991271460459,0.5919623650874328,0.5749909261747818,0.6267271073907674,0.569294292730596,0.7234284838941043,0.6834799534572479
JM,0.3705884004891889,0.6047721967874856,0.7648146992750401,0.6153514750346181,0.2591307049513084,0.5872870206998348,0.7341008522983663,0.6389529097543813,0.7523353968859712,0.3506255036834502,0.4199966416902803,0.5415033878369824,0.6941100119578103,0.7484907831480008,0.6951325103363211,0.5588710249793526,0.4828403555873937,0.7406370036454893,0.7262812605286946,0.3448040411265647,0.5741872358958642,0.667803293475069,0.5595181491790489,0.7120668117393751,0.2698380493733874,0.6990608733566182,0.6070000994994037,0.0,0.4818171947619671,0.5579858443608919,0.3174017819622486,0.5449327933607392,0.5365769578422203,0.7405364009028099,0.6924998936121726,0.6458847580471503,0.7398645817981744,0.848065079371346,0.6823747719092416,0.7267439179091669,0.5258940390921647,0.6979709882062352,0.5177974765850262,0.5754303961879723,0.2730174155965257,0.4807006157959709,0.733795107088282,0.3666548998590808,0.7455973797112425,0.588217446083631,0.5640434643475367
KN,0.3924534538865937,0.525631055243458,0.7562069018577873,0.5262141604548387,0.3857007606462428,0.5166096050868962,0.6892145399363292,0.5547693655395325,0.7866501121665003,0.4186265449076434,0.4397242988550733,0.5383433433796152,0.6715840691447859,0.715414923285772,0.6724812242197038,0.5153776500072338,0.4661936385245054,0.6770082482832243,0.6802138444555947,0.3741136092636032,0.5688507848780152,0.5711129587868934,0.607123994392875,0.7104276032456924,0.4035266226645927,0.6795439483794018,0.6714542608883527,0.4818171947619671,0.0,0.4991670025104177,0.3699512604180717,0.6053023725983644,0.6159968134798472,0.709837352034659,0.6519505170769229,0.6344215153605466,0.7121769611117124,0.8307759457309933,0.6248335099070028,0.6993305888338488,0.5775621277421283,0.6633378191510102,0.4029525553798062,0.4966915769754024,0.4177542087603568,0.4900017360938413,0.7149137880722829,0.419296081127297,0.6750371404035367,0.4993358896879627,0.4467481995650632
KY,0.4805108081404413,0.5705609770441674,0.7428110544993638,0.4972671765899791,0.4490690714687558,0.4471746567207301,0.6824642557211709,0.5811603950306707,0.7622524913629365,0.4725361466246647,0.4674518372098446,0.5033084089439317,0.6665914170065306,0.7257757254599917,0.6593628207412063,0.5193327276154619,0.5616524481638648,0.6902323382786941,0.6820379865169233,0.4411074544304076,0.5691312940871294,0.5367736841247996,0.6224922212021526,0.6927553960273133,0.4759179290199063,0.6676700239523046,0.6921707190171414,0.5579858443608919,0.4991670025104177,0.0,0.4390119861445918,0.6214613310428141,0.7044561183847962,0.6872379900317888,0.6504780342386465,0.6269556612079825,0.7038920970837166,0.8114455507782283,0.6239239541325672,0.6863469070699575,0.5940980243157146,0.6608007490506682,0.4753046577700415,0.514531629196648,0.4807991136389082,0.4754970800341166,0.7065134606656694,0.5106613103555689,0.6911581617451026,0.5451384015754677,0.4686341050606425
LC,0.3070719051134566,0.5182371751376127,0.726779302507865,0.4764554596410781,0.2239040896813237,0.4512720700962371,0.6766078685308927,0.549750462391936,0.725319311280231,0.3067744060614094,0.3351021698216864,0.4717053257158154,0.6455527476570737,0.7094990735935409,0.6403601157615864,0.45204814931153,0.3964826535591291,0.7000424081449766,0.6729926446058807,0.2551831046747712,0.4649904790559152,0.5133681380982271,0.4840543691404386,0.6722207238833221,0.2483678956307579,0.6531094489830962,0.5807233430260453,0.3174017819622486,0.3699512604180717,0.4390119861445918,0.0,0.4831227299865492,0.5310304860697252,0.695515515495421,0.6431485403520056,0.607764408089593,0.6869271723981619,0.8002949465772079,0.6305858805176959,0.686782416781646,0.472783002721052,0.6459046724652646,0.3843118852926288,0.4892459764982102,0.2535514127171706,0.4221226503703611,0.6859256164928241,0.3049182421595291,0.6947708044785811,0.4831575983845442,0.4257084089590481
MQ,0.5683113372822728,0.5459279913696391,0.5857600846695397,0.5301211394631411,0.4864589968221094,0.6127199985839418,0.592909295890355,0.6339711699871721,0.6838528470694765,0.5729059819563221,0.5098251040783993,0.5888932122502495,0.5770007914825728,0.6405681944748842,0.5689091994162809,0.50779984300903,0.5977686508224521,0.6480561430775607,0.5955681076819005,0.5358247181248589,0.2270760679431579,0.598123434482196,0.1351891448365839,0.6301897880460466,0.4892473826684059,0.6157839163886996,0.5404999403358626,0.5449327933607392,0.6053023725983644,0.6214613310428141,0.4831227299865492,0.0,0.7523114620012525,0.6315704304080962,0.5762335854386118,0.5790732255556525,0.5961940340589491,0.6615556880674579,0.6105709184946826,0.5879101474948836,0.5082240935032809,0.5975409516167624,0.5584266060762203,0.6274997365980497,0.4841895031699628,0.6080261271145475,0.5694735611185016,0.5716540611335563,0.6095797250230519,0.6580448491070002,0.6130647639405322
MS,0.5622588834274036,0.7061112127935709,0.9005599998015292,0.7573014208558603,0.526631356572591,0.7111183052745679,0.8790222190431256,0.744176921532365,0.890640547974871,0.5467582891497403,0.643558932577311,0.7154667612765481,0.8487385965049707,0.8891789141779122,0.8562431880611933,0.729572768490669,0.6376274301627852,0.8556740841586863,0.876157762348334,0.5593770856492756,0.764845420619908,0.7993758127062957,0.7545873294734906,0.8678725499593101,0.5288254185947189,0.8570575678906239,0.7977489292096962,0.5365769578422203,0.6159968134798472,0.7044561183847962,0.5310304860697252,0.7523114620012525,0.0,0.8693528613571093,0.8602624448665258,0.8289794377273864,0.8842949610246909,0.9276531113476044,0.8103471644389879,0.8842967482137489,0.7437812455997915,0.8617610484325686,0.6269507731473012,0.6741804548369106,0.5441645954882548,0.6698065691233844,0.8751377453724332,0.5798725466586643,0.8799182476130062,0.6819886053156994,0.678901823814158
MX,0.7007275409610861,0.7218419051232261,0.4427886326094236,0.5803127279232092,0.6789806451672137,0.7172381956357381,0.3365676440404559,0.6707313093158187,0.6345402533469686,0.706405284595781,0.4778146518561658,0.6080560027647561,0.4036939020111671,0.4287939066934547,0.3776611644904021,0.5790685164259246,0.744955561168005,0.4989384621770818,0.3392573529654752,0.7123702834752635,0.6001707969583636,0.6506586782000183,0.6293256219507442,0.3448378795534593,0.6256049053773274,0.3524087150522887,0.6418114750630923,0.7405364009028099,0.709837352034659,0.6872379900317888,0.695515515495421,0.6315704304080962,0.8693528613571093,0.0,0.3412166617608605,0.3710511772386317,0.3888871726738961,0.8195172263524172,0.4684420918557574,0.3810432318307971,0.6112856638928795,0.3255469320069947,0.6699300608613411,0.7269565503024809,0.6111862331587115,0.5811787520800862,0.447957362520044,0.737962610457529,0.3944754067063988,0.7575636523646463,0.7131847256768198
NI,0.6513547532970748,0.6722483640068604,0.3484885427940047,0.4863588556314169,0.6367466849125851,0.6876006927610967,0.1668986154228486,0.58274409999306,0.5844867232819252,0.6874007591585134,0.3636234937866447,0.5892163510278641,0.2798955565220329,0.2562168064638337,0.2371985951700272,0.4708358622308972,0.6975556516034238,0.3283223862891251,0.1593202956986193,0.6684461349809637,0.5179346894523149,0.5839812428847003,0.5839866086199079,0.1915926110356861,0.5652453878962989,0.1299399984231789,0.4302496830555621,0.6924998936121726,0.6519505170769229,0.6504780342386465,0.6431485403520056,0.5762335854386118,0.8602624448665258,0.3412166617608605,0.0,0.1543718318246856,0.2559738261317453,0.8058024056086945,0.3450984340816726,0.2004240170256653,0.5057637692644646,0.1358271071996775,0.629930460393068,0.6746717641154116,0.5741183611020856,0.5591491901837112,0.3003033543010875,0.686183898047809,0.1707765753589288,0.7156418158291289,0.672148432287784
PA,0.626008084574999,0.673039935425657,0.3724777333702171,0.48951743330332,0.5855891979438006,0.6466406679116242,0.2198942435739759,0.6067313241288986,0.5627745474893651,0.626643727926588,0.3598902521143116,0.5133527674924298,0.2423788046805866,0.2791259129629109,0.2395754447031256,0.4588971887927024,0.6763910465012688,0.3708426932393716,0.1988730958344721,0.6253829009992614,0.5319335404230471,0.5865851915685814,0.5796831390022945,0.2105589354177374,0.528365920716983,0.15131364367704,0.42869737127994,0.6458847580471503,0.6344215153605466,0.6269556612079825,0.607764408089593,0.5790732255556525,0.8289794377273864,0.3710511772386317,0.1543718318246856,0.0,0.2749665582940439,0.79141888884032,0.3324824072378274,0.2210892451395895,0.5231766426144231,0.1730917462435474,0.6165669287759219,0.6639181771154902,0.5132351847518686,0.4957872653812553,0.2700967098799803,0.6535206984542018,0.244682626522245,0.7005114916816004,0.6656245037678468
PE,0.7126149085802204,0.713517905756804,0.370481028337542,0.5446632560867617,0.6838122368857593,0.7153158913435977,0.2403274399371376,0.6263681224953621,0.600720104768335,0.7175171229364795,0.469101697897436,0.6319048936911082,0.3058949192433233,0.3377532115717633,0.339851823530128,0.5461845217354248,0.7403493700622091,0.4451278741112447,0.243255025840215,0.7163733366689798,0.5473100241751776,0.6424888258135323,0.6036510564766123,0.2970560082489829,0.6195970169288489,0.291559986452563,0.5681534498215277,0.7398645817981744,0.7121769611117124,0.7038920970837166,0.6869271723981619,0.5961940340589491,0.8842949610246909,0.3888871726738961,0.2559738261317453,0.2749665582940439,0.0,0.8030742112011093,0.4347575204388645,0.296580410269929,0.5946995792991678,0.2597714009059181,0.6898607953987073,0.73503533354259,0.61774180722324,0.6287424807878104,0.3433557912312884,0.732492542105311,0.3147535637949006,0.753238532139732,0.7257599870678832
PM,0.8340028395216368,0.7775684760291685,0.8195578158162969,0.7791109955618319,0.7763275916110017,0.7892397530128725,0.8069389674386593,0.8391971967327299,0.8257901216624126,0.8422032229035262,0.7840243910726102,0.7264927518894547,0.8024914621850201,0.8284279618189891,0.7805064865238295,0.8083454081851702,0.85146314141863,0.8498940375801218,0.8142809920340723,0.8039627649306688,0.6610778695282402,0.7502841319178013,0.6622986683743635,0.8163488239128598,0.7934038096677272,0.8148641069037972,0.7875494140358026,0.848065079371346,0.8307759457309933,0.8114455507782283,0.8002949465772079,0.6615556880674579,0.9276531113476044,0.8195172263524172,0.8058024056086945,0.79141888884032,0.8030742112011093,0.0,0.8092510148832769,0.8004505483940999,0.8079979442375969,0.8099139644228196,0.8120085929274992,0.8056604268011074,0.7805365005611862,0.7814862802580775,0.8018363093896048,0.8186240416248081,0.8272527295027452,0.829831105501838,0.7957379112064049
PR,0.6208958742378899,0.6685063918828749,0.4768663176311037,0.5193519469172141,0.6040010200886744,0.6406555253053605,0.3844948787804882,0.604848729807403,0.6569990331649836,0.6165648116178243,0.4407782952895954,0.5132277666105078,0.3635830000775806,0.4458499939322964,0.4155691067932853,0.5115423647449011,0.6922759572393952,0.3715949158260224,0.3539968570579827,0.6350022171154697,0.5867790079937621,0.6423425944560006,0.6104569561382307,0.413872211072043,0.5406023949186309,0.3732712112004512,0.6350389448789806,0.6823747719092416,0.6248335099070028,0.6239239541325672,0.6305858805176959,0.6105709184946826,0.8103471644389879,0.4684420918557574,0.3450984340816726,0.3324824072378274,0.4347575204388645,0.8092510148832769,0.0,0.3973433537280888,0.5794515207662704,0.3753144207973413,0.5980026811797807,0.6710977472598274,0.5338858508316948,0.4702413291111643,0.4325723630741303,0.6809091768988448,0.364560732687749,0.6969126392627464,0.6131000417008319
PY,0.6895490782516336,0.6918930585654297,0.299846878409585,0.5464360215439362,0.6675959249561961,0.7082808034650632,0.2260705866881118,0.6203635536123236,0.5227139426543349,0.7129253574642747,0.443967747110952,0.6102349073959301,0.2898773851518255,0.3167779619130464,0.300049730215573,0.5312207479599426,0.7287415007061802,0.408356712610982,0.2351753642553494,0.7068888486093685,0.5438352887264779,0.6308929029860644,0.5890002880184171,0.2748331514874894,0.6091166580999382,0.2507592689059592,0.5278580788584224,0.7267439179091669,0.6993305888338488,0.6863469070699575,0.686782416781646,0.5879101474948836,0.8842967482137489,0.3810432318307971,0.2004240170256653,0.2210892451395895,0.296580410269929,0.8004505483940999,0.3973433537280888,0.0,0.5735871858104623,0.2343071102114071,0.6708989629404634,0.7177811138671137,0.6068605607402238,0.6043987718471695,0.2839379488415899,0.720565274749168,0.2875766660027022,0.7395992212958278,0.7109316485426301
SR,0.4441952456957448,0.6242955210105804,0.6324953291636732,0.517995815814126,0.4686826837179795,0.5956940296096587,0.5734348934763225,0.6168237014866181,0.6499207795178705,0.5126772183229877,0.4230199104179939,0.5150306198229505,0.5841768204967047,0.6087181579881058,0.5838396532139016,0.4550569263518732,0.5790660317863753,0.6322228937455674,0.5720853458240638,0.5074519106404871,0.4796768725954305,0.5623145025691633,0.5241308784525005,0.5801663056581504,0.3568393735928755,0.5550738099845864,0.4931397837260256,0.5258940390921647,0.5775621277421283,0.5940980243157146,0.472783002721052,0.5082240935032809,0.7437812455997915,0.6112856638928795,0.5057637692644646,0.5231766426144231,0.5946995792991678,0.8079979442375969,0.5794515207662704,0.5735871858104623,0.0,0.5458289880687683,0.5237563592361816,0.6192884739210539,0.3973328633358117,0.4867611188370917,0.6004290799443186,0.5337421869368231,0.5712228337348133,0.6284612255680548,0.6144432577073209
