ISO_CODE,AE,AF,AM,AZ,BD,BH,BN,BT,CN,GE,HK,ID,IL,IN,IQ,JO,JP,KG,KH,KR,KW,KZ,LA,LB,LK,MM,MN,MO,MV,MY,NP,OM,PH,PK,PS,QA,SA,SG,TH,TJ,TM,TR,TW,UZ,VN,YE
AE,0.0,0.1462163217174561,0.1005740531930758,0.0679909399935192,0.1272484080236389,0.0267341459426021,0.0756312700672591,0.1302431234501333,0.0539628009379806,0.0899553750695562,0.1729501665077359,0.1565589608879553,0.0655948345554215,0.0673176593996294,0.1719803408352757,0.1108024945024535,0.1266676271052511,0.073736533212223,0.0759719531190399,0.2309318172220703,0.0509139135863626,0.0826272261291888,0.2015357740980328,0.0452122838769162,0.0536035198137733,0.0643960394865333,0.119475240569061,0.1661580967579295,0.08142206666686,0.1353547178524577,0.0731718146511617,0.0465046872586932,0.0861046693153891,0.0576394302877195,0.0923983391280556,0.0320224164644824,0.0499925100774251,0.0405435883674493,0.218192461643361,0.0866430819686533,0.4122511773121809,0.0714394776673917,0.186203225226409,0.0773139275010197,0.2648449674595386,0.1351872066926847
AF,0.1462163217174561,0.0,0.194285612340434,0.1639198144570177,0.2017916423254118,0.1296340217012896,0.1357986856905634,0.2281144235954643,0.1451565954825827,0.1966808620741528,0.1913029320713649,0.1900119370102403,0.140552138016394,0.1532629264544318,0.1307222791057154,0.1686171323934636,0.2136763674224184,0.1532180793328935,0.1769391189168844,0.239568827596612,0.1339683122984959,0.1693095873274684,0.2460542321294593,0.1412123909394343,0.177059050014673,0.188283742839794,0.2490380696854572,0.2023276833802325,0.1685390454437344,0.1402691307271246,0.1872052629589584,0.1439520242639682,0.1469132553469967,0.1490508251938833,0.1310712738940516,0.1436155071154526,0.1248506283484942,0.153634940725417,0.2107888788600562,0.1551546415992187,0.4808136461865915,0.1526194184200351,0.2071028279522399,0.1417806323664785,0.2650465779642109,0.1522217874918285
AM,0.1005740531930758,0.194285612340434,0.0,0.0453260612486798,0.1718122337037534,0.1027337100378245,0.1978952103696165,0.1229848864994114,0.0716440050456392,0.0414144518401508,0.2906481702341137,0.272210546150153,0.1008799616464176,0.0834986718386127,0.2847031626882345,0.2173042434270473,0.2057980254221795,0.1032567947552526,0.1092858152635077,0.3091803249659911,0.1217381510720355,0.1069764833308153,0.2953491464526849,0.0936478534436817,0.0854744489382609,0.1095030172289047,0.0734575403234001,0.2702182091070091,0.0982208057200086,0.2592064486423712,0.094099422011983,0.1199567758094364,0.1658241061879232,0.0951570708013964,0.17041735399418,0.0908833631256058,0.1112463075879303,0.1288601772482772,0.3262343036210315,0.0820781659464992,0.4409253028201482,0.0827082634885905,0.3180853879913047,0.0963243678654066,0.3628458486816431,0.1913697002328753
AZ,0.0679909399935192,0.1639198144570177,0.0453260612486798,0.0,0.1190917524985855,0.0653094391402178,0.1530724706624043,0.089289205915878,0.0406814070042711,0.039770413279674,0.2393744887574637,0.2278426527334622,0.0732409793369643,0.0558503424552851,0.2287721522623423,0.1834956114194788,0.1594686921495909,0.0746943132654271,0.1013332271741502,0.2778350929791361,0.0847735266873754,0.0727674160652472,0.2657046020892896,0.0592092346058327,0.0642733326272629,0.0800871843891852,0.0718870940160246,0.2257804139240788,0.0731909108672149,0.2147893266259932,0.0731982345910122,0.0828996284501386,0.1330028131472553,0.0619281954182846,0.1300010916878693,0.0536205123871372,0.0584161442651292,0.0932228220089801,0.2910119812382573,0.0674807822217054,0.4485986102205712,0.0575453743413038,0.2580931761322875,0.0627584071052587,0.3355389264699905,0.1421055257254472
BD,0.1272484080236389,0.2017916423254118,0.1718122337037534,0.1190917524985855,0.0,0.1170030064662339,0.1848339893119538,0.1734951752897989,0.1124582911470161,0.1569511808820786,0.279568514425623,0.2363902758779442,0.1679197739088014,0.099623359512687,0.2457513827566066,0.2351721718514489,0.2148802890538912,0.1781397495230154,0.1428392012691013,0.3145062147663455,0.156800771324891,0.1967131556324587,0.3036835122282427,0.1344185452102566,0.0967797659462655,0.1333226192696396,0.1837912711508541,0.2682281380128742,0.1336042542555007,0.2359727537911889,0.1436959540917975,0.119906688214183,0.1673852344727696,0.1031138722350883,0.148672089562149,0.1216068349589489,0.0901698535653918,0.1464490766511978,0.3196931258568116,0.1665993937011619,0.4592423396425236,0.1562839244500222,0.3073595782798641,0.1770969615820349,0.3665000356444512,0.1484179940374849
BH,0.0267341459426021,0.1296340217012896,0.1027337100378245,0.0653094391402178,0.1170030064662339,0.0,0.0701985489017398,0.110500839213947,0.0387172987664063,0.0874007110058208,0.164263135929093,0.1279618254446495,0.0581345603262019,0.0485169449546551,0.1592793943807277,0.1137225187521185,0.1094386883133321,0.0646523046743113,0.0784774547025791,0.2062685497745369,0.0390028415890281,0.0759189479354764,0.1825196769121718,0.0350902817133225,0.0520136910419282,0.0740456875433009,0.1249510076583069,0.1580420225264242,0.0789110652605167,0.117117943861387,0.079663498011551,0.0189231596933734,0.071243092804017,0.0452822854494017,0.0791377326013409,0.0269111011801602,0.0354867340025966,0.0495761319060441,0.2048684352271157,0.0727642842892771,0.4158592144314001,0.059560135560484,0.1812381658718246,0.0648073660270593,0.2615593551801056,0.1112555382583382
BN,0.0756312700672591,0.1357986856905634,0.1978952103696165,0.1530724706624043,0.1848339893119538,0.0701985489017398,0.0,0.1919125502315087,0.0928359818303752,0.1721571936996565,0.114617825499769,0.0593214531934596,0.0770697125370128,0.1091164276503781,0.1417537264697754,0.1239760231017944,0.0930705377550102,0.0911985048703121,0.1287893876105222,0.1489995940466872,0.0837830771968082,0.1147906019429076,0.1467332836925469,0.0729403790081894,0.1194837928523665,0.1239640696514464,0.2047181003264662,0.1186496997631197,0.1492372994261845,0.0460860289158194,0.1383768655010899,0.0798141947044029,0.0775118730943296,0.105564070882912,0.098162286365215,0.0923147352058014,0.0954142191681796,0.0574797447793806,0.1495250860807482,0.1226667259716743,0.4246022273562864,0.1062111134430351,0.1086830975731095,0.113690833817581,0.1840336935422407,0.1301081457591166
BT,0.1302431234501333,0.2281144235954643,0.1229848864994114,0.089289205915878,0.1734951752897989,0.110500839213947,0.1919125502315087,0.0,0.0647436237123437,0.1098603834319202,0.2730518466008469,0.2532931168810258,0.1130494283900916,0.0533455146586389,0.3303767736806839,0.2804670381248579,0.1772096188160412,0.108482636317193,0.1767303830176032,0.313064935568789,0.1438252792882443,0.0989588291907966,0.3244844178417122,0.1304034005393962,0.0871247916395906,0.1228618987396865,0.132155080924014,0.2579855341491381,0.1236712363607068,0.254765224831061,0.0570013898167369,0.1173269183251481,0.1755559409911186,0.1041495416229659,0.1929185562862457,0.091987291439478,0.1164634380127016,0.1305650876220163,0.3370213127092188,0.1083112977686524,0.4555996086606497,0.1049696096902393,0.2896805257334,0.1102467899782606,0.3685401376067959,0.1939395553899132
CN,0.0539628009379806,0.1451565954825827,0.0716440050456392,0.0406814070042711,0.1124582911470161,0.0387172987664063,0.0928359818303752,0.0647436237123437,0.0,0.0488891945842012,0.1803784690760228,0.1558678008285401,0.0534102402934213,0.0235884661382075,0.2194898966533894,0.1792045238877807,0.0922533905415506,0.0560092331150828,0.0823902296440691,0.207432751570094,0.0676975015935605,0.0649930651533493,0.2139879006464526,0.0539300273982894,0.0406647155639688,0.060428238944085,0.0869294196956468,0.1672796371135481,0.0757336835724649,0.1528936964478459,0.0496560660458513,0.0473784761622005,0.0756984028814583,0.0385267198211461,0.110406339962724,0.0362770530484156,0.0429010423063529,0.0554538128728364,0.2352837119800874,0.0581944775335316,0.4203427906281776,0.0391998631654822,0.1910730903677432,0.0627108481092517,0.2693021173068882,0.1299726531725344
GE,0.0899553750695562,0.1966808620741528,0.0414144518401508,0.039770413279674,0.1569511808820786,0.0874007110058208,0.1721571936996565,0.1098603834319202,0.0488891945842012,0.0,0.2663851760188691,0.2506287404448912,0.0836733606073107,0.0728676369938075,0.2869687085972753,0.2215339933170206,0.1638292484079461,0.1040565453662984,0.1087931576046017,0.2999760372430083,0.115611151062227,0.0989760211076394,0.2890966024926369,0.08344181503675,0.0797640096525594,0.1107552698567528,0.0747175638713163,0.2588395472421347,0.0868663040492886,0.2447682027725363,0.0889408070845799,0.1018035960987404,0.1456375868395135,0.0716957781548717,0.1682395775977878,0.0798083113307891,0.0938639915423434,0.1096951265152982,0.3179285479829599,0.0888182753323088,0.4420325328289799,0.086317586560126,0.286617938315135,0.0959800091732753,0.3860137144417014,0.1863068484184575
HK,0.1729501665077359,0.1913029320713649,0.2906481702341137,0.2393744887574637,0.279568514425623,0.164263135929093,0.114617825499769,0.2730518466008469,0.1803784690760228,0.2663851760188691,0.0,0.1746217287379742,0.1204261700767658,0.2190657850015362,0.1454648453073856,0.1375397397544274,0.1264365249161986,0.1433812591202234,0.2030548326904216,0.116869190830761,0.1794909504503165,0.1517999164959965,0.1532546673766509,0.1556115589062492,0.2218548755153967,0.1808492611869561,0.2812095237546803,0.0273177848450327,0.2298922087287512,0.0798314505937004,0.2240482301014501,0.1772153973108727,0.1302913321510821,0.2123951166194034,0.13878414934355,0.2065012270924225,0.2013323822121531,0.1011172314011956,0.0835966753247353,0.1965570672852785,0.4311214673311873,0.185790961372586,0.0384261220431013,0.1586007332242189,0.1617043146730548,0.1999065138434188
ID,0.1565589608879553,0.1900119370102403,0.272210546150153,0.2278426527334622,0.2363902758779442,0.1279618254446495,0.0593214531934596,0.2532931168810258,0.1558678008285401,0.2506287404448912,0.1746217287379742,0.0,0.12917726085036,0.16049328209071,0.1782148600358496,0.1770383327256217,0.0938763459687677,0.1509856450729541,0.1638843902066877,0.1434953412436974,0.1230300325567969,0.182481833411663,0.150109708828851,0.1137730029762222,0.1983368062554802,0.1915287718577496,0.2797302946093205,0.1716723202997997,0.2347908426963769,0.0712594952051084,0.2195426192037092,0.1225600346918077,0.110319998808879,0.1676536655533506,0.1402261936354704,0.1659755900200524,0.1373818073098557,0.1193162998358314,0.1870407032296838,0.1712831932986331,0.4825103838241558,0.1627336275043731,0.1551435416631907,0.1810850901387447,0.19077200614771,0.1484015600291102
IL,0.0655948345554215,0.140552138016394,0.1008799616464176,0.0732409793369643,0.1679197739088014,0.0581345603262019,0.0770697125370128,0.1130494283900916,0.0534102402934213,0.0836733606073107,0.1204261700767658,0.12917726085036,0.0,0.0689501657177753,0.1567845621735392,0.120701096363788,0.0734833503820828,0.0376310031572446,0.0885307305633512,0.1536109571867009,0.0704675000891132,0.038943503198781,0.1637211413171295,0.0388634532947207,0.0870892761075513,0.0745831322949338,0.129865676340511,0.112314575157037,0.0931220698967334,0.0941616609036588,0.0747255430199842,0.0654690246997745,0.0846985782951216,0.0776368662375809,0.0830873048723023,0.0638787143713642,0.0753661086411308,0.0427608700336218,0.1545102531302242,0.0505047734923851,0.3900121711004835,0.071670905126823,0.1262881029274223,0.0424407817094606,0.2006460924741795,0.1076617560104311
IN,0.0673176593996294,0.1532629264544318,0.0834986718386127,0.0558503424552851,0.099623359512687,0.0485169449546551,0.1091164276503781,0.0533455146586389,0.0235884661382075,0.0728676369938075,0.2190657850015362,0.16049328209071,0.0689501657177753,0.0,0.2516147613416113,0.2083046040754671,0.1196433663480799,0.0644796269436528,0.1122087885376104,0.2390274155032263,0.0741553540714841,0.0704561831152684,0.2496718258035068,0.0694240803318814,0.0341699335195808,0.0722002181025932,0.1011888696980776,0.2053012708255248,0.0868654366452666,0.1774130446984611,0.0456733052790523,0.0496530924599778,0.1033847669715191,0.0492172692605227,0.1193213275375731,0.0384955702923702,0.0483395814659204,0.0763596589207248,0.2786268401360455,0.0672392125334717,0.4374055024007902,0.0577906827676281,0.2384909321754055,0.0718194122154297,0.3129458704487291,0.1260132775421141
IQ,0.1719803408352757,0.1307222791057154,0.2847031626882345,0.2287721522623423,0.2457513827566066,0.1592793943807277,0.1417537264697754,0.3303767736806839,0.2194898966533894,0.2869687085972753,0.1454648453073856,0.1782148600358496,0.1567845621735392,0.2516147613416113,0.0,0.07089701292767,0.1923685296803576,0.1739286039079079,0.1754303895704169,0.2078536382694409,0.1668663144255816,0.2146386677983426,0.16272436188164,0.1392156381172724,0.2512778589637467,0.2227368460870527,0.3164893012265782,0.1470354528746692,0.2324502338544787,0.1017973552520853,0.2733767754705123,0.1657977588590172,0.1454305496938691,0.2217412489262455,0.0918235352048697,0.2067797804463831,0.1681948546686018,0.1505894335796201,0.1356004604142655,0.1928035158605114,0.4822345927498553,0.2148575241575312,0.1537004597865546,0.1857812653581025,0.1819736850889473,0.1377662093738065
JO,0.1108024945024535,0.1686171323934636,0.2173042434270473,0.1834956114194788,0.2351721718514489,0.1137225187521185,0.1239760231017944,0.2804670381248579,0.1792045238877807,0.2215339933170206,0.1375397397544274,0.1770383327256217,0.120701096363788,0.2083046040754671,0.07089701292767,0.0,0.1738615783812601,0.135237281093322,0.132790268948329,0.2159005884582758,0.1257793923603946,0.1627770560409569,0.167275767897572,0.0868618518947101,0.1911631188598249,0.1553480994954139,0.2311864046383777,0.1307200949091331,0.180515704655075,0.1051303358315046,0.207477798128169,0.1231957868489921,0.1235349267032028,0.1742252662740981,0.0573653929113284,0.1518758066141861,0.1479977707301442,0.1107798785865102,0.1508823674301596,0.1639730574566691,0.4684092974590932,0.1744584827670148,0.1547625389274604,0.1477277051286546,0.2110479901540631,0.1233754171032806
JP,0.1266676271052511,0.2136763674224184,0.2057980254221795,0.1594686921495909,0.2148802890538912,0.1094386883133321,0.0930705377550102,0.1772096188160412,0.0922533905415506,0.1638292484079461,0.1264365249161986,0.0938763459687677,0.0734833503820828,0.1196433663480799,0.1923685296803576,0.1738615783812601,0.0,0.0892838912833411,0.1224107638735011,0.125905537673667,0.1253126186807245,0.1060751353275631,0.1416481229507509,0.0930047861202387,0.1491567457222049,0.1314982034966203,0.1970350483252197,0.1235674365379397,0.1801438876785882,0.1081419259279398,0.1526093607631424,0.1057302800836471,0.0950820316626874,0.1344954379912354,0.1247129075002151,0.1241704302393034,0.1112505369295189,0.0692420956270714,0.1604856615620986,0.1126536359479761,0.4314150822331268,0.1176472480197656,0.113086459703849,0.1215496175764864,0.1885345570989239,0.1559842223369021
KG,0.073736533212223,0.1532180793328935,0.1032567947552526,0.0746943132654271,0.1781397495230154,0.0646523046743113,0.0911985048703121,0.108482636317193,0.0560092331150828,0.1040565453662984,0.1433812591202234,0.1509856450729541,0.0376310031572446,0.0644796269436528,0.1739286039079079,0.135237281093322,0.0892838912833411,0.0,0.0954428526509172,0.1658787351929618,0.0705574680150578,0.0223460907025935,0.1631691547365403,0.0579222882805794,0.0740823479189707,0.066511020818204,0.1312300587756599,0.1215714350779668,0.1128834691778889,0.1278128144779682,0.0759710075798999,0.0776579494291,0.0865501658338473,0.0869817240095141,0.0919032812003268,0.0604186583481205,0.0746388459075007,0.0609937217765435,0.183929150501342,0.0392803155488311,0.3977751258508833,0.0627082287582461,0.1570568837687804,0.0277546408082247,0.2177078741506163,0.115974087582876
KH,0.0759719531190399,0.1769391189168844,0.1092858152635077,0.1013332271741502,0.1428392012691013,0.0784774547025791,0.1287893876105222,0.1767303830176032,0.0823902296440691,0.1087931576046017,0.2030548326904216,0.1638843902066877,0.0885307305633512,0.1122087885376104,0.1754303895704169,0.132790268948329,0.1224107638735011,0.0954428526509172,0.0,0.203808189490265,0.0773573708955718,0.1269578642076055,0.1419938148503321,0.0643780356643242,0.0988306723080418,0.0782064707942788,0.1334584383840484,0.1781638910529013,0.1153229608260637,0.1565926848029217,0.1250358415401765,0.092816880587044,0.0833818626032756,0.0828417925497858,0.1006276878088423,0.0899445990736671,0.0749423996141416,0.0779573030650605,0.2006380543831051,0.0935162794100685,0.4430893027637246,0.100014832700442,0.2109497914433641,0.1230318991014909,0.2564764522371945,0.1499792986537457
KR,0.2309318172220703,0.239568827596612,0.3091803249659911,0.2778350929791361,0.3145062147663455,0.2062685497745369,0.1489995940466872,0.313064935568789,0.207432751570094,0.2999760372430083,0.116869190830761,0.1434953412436974,0.1536109571867009,0.2390274155032263,0.2078536382694409,0.2159005884582758,0.125905537673667,0.1658787351929618,0.203808189490265,0.0,0.2087794583032074,0.1938967632641998,0.1468412717165119,0.187625131366795,0.2495907387367169,0.2117447902861586,0.3257416715401399,0.109049165040893,0.2872517853297487,0.1296948818948922,0.2614421230087058,0.2214557075903032,0.167204849687757,0.237622137141271,0.1906797958612112,0.2390892921479812,0.2222219867683783,0.157070241427213,0.1243813929418655,0.1995472843220017,0.4571275903094768,0.2120078030938441,0.1166895873763581,0.2067771863256708,0.1541389507433364,0.2308770264896946
KW,0.0509139135863626,0.1339683122984959,0.1217381510720355,0.0847735266873754,0.156800771324891,0.0390028415890281,0.0837830771968082,0.1438252792882443,0.0676975015935605,0.115611151062227,0.1794909504503165,0.1230300325567969,0.0704675000891132,0.0741553540714841,0.1668663144255816,0.1257793923603946,0.1253126186807245,0.0705574680150578,0.0773573708955718,0.2087794583032074,0.0,0.0848402131737999,0.1714583109249429,0.0539794528526581,0.0759231120393337,0.0823308660485923,0.1488184919554213,0.1747020239158526,0.1135768789526817,0.1315451759384422,0.1052898246180464,0.0492782029756452,0.083861216240659,0.0705495748496602,0.0892368141578255,0.0489531820428688,0.050831344599427,0.0712706294700817,0.203035747401985,0.0801975208744517,0.4400407404813586,0.0751535141595417,0.1981040462317906,0.080779448969341,0.2722639905435093,0.1219430420633816
KZ,0.0826272261291888,0.1693095873274684,0.1069764833308153,0.0727674160652472,0.1967131556324587,0.0759189479354764,0.1147906019429076,0.0989588291907966,0.0649930651533493,0.0989760211076394,0.1517999164959965,0.182481833411663,0.038943503198781,0.0704561831152684,0.2146386677983426,0.1627770560409569,0.1060751353275631,0.0223460907025935,0.1269578642076055,0.1938967632641998,0.0848402131737999,0.0,0.2079497861621907,0.0729512699100947,0.0817388434600263,0.0745902752910845,0.136751153145926,0.1351763584209744,0.122620522544163,0.1573279853174348,0.0698275954652989,0.0952894606751265,0.1147148393068732,0.0986602994927313,0.1211541570974537,0.0653801166716512,0.0889768875557776,0.0702787828262277,0.2120080961500235,0.0503280045957834,0.4282593486473477,0.0759263137406155,0.1686873297395562,0.0248142501434994,0.2594269008779828,0.138795585737431
LA,0.2015357740980328,0.2460542321294593,0.2953491464526849,0.2657046020892896,0.3036835122282427,0.1825196769121718,0.1467332836925469,0.3244844178417122,0.2139879006464526,0.2890966024926369,0.1532546673766509,0.150109708828851,0.1637211413171295,0.2496718258035068,0.16272436188164,0.167275767897572,0.1416481229507509,0.1631691547365403,0.1419938148503321,0.1468412717165119,0.1714583109249429,0.2079497861621907,0.0,0.1632421676021733,0.2550498745900644,0.1961284306018499,0.2965450777402263,0.1376931482444954,0.273035874028924,0.119713522301555,0.2725450582852463,0.1825386453809275,0.1294248364022675,0.2263742467692082,0.1617770208491711,0.2297161458899125,0.2025958812675736,0.1491258527088255,0.0767169463419021,0.2087628409517934,0.50124463625288,0.2332920116156313,0.1495105696318357,0.2140788815866957,0.1545640733822245,0.2212008594018696
LB,0.0452122838769162,0.1412123909394343,0.0936478534436817,0.0592092346058327,0.1344185452102566,0.0350902817133225,0.0729403790081894,0.1304034005393962,0.0539300273982894,0.08344181503675,0.1556115589062492,0.1137730029762222,0.0388634532947207,0.0694240803318814,0.1392156381172724,0.0868618518947101,0.0930047861202387,0.0579222882805794,0.0643780356643242,0.187625131366795,0.0539794528526581,0.0729512699100947,0.1632421676021733,0.0,0.0795784859515936,0.0779999199312747,0.1188032867350336,0.1454739740353468,0.073516440636365,0.1006221278245098,0.0921988840932716,0.0458907246853985,0.0788089514974454,0.0619685062754187,0.0600350845175242,0.0471521800116344,0.0486099219980514,0.052975892030568,0.1857711020087081,0.0623299564183388,0.434149284809086,0.0654058954490289,0.1682951459090966,0.0626783830871118,0.236733756352131,0.0902892510914272
LK,0.0536035198137733,0.177059050014673,0.0854744489382609,0.0642733326272629,0.0967797659462655,0.0520136910419282,0.1194837928523665,0.0871247916395906,0.0406647155639688,0.0797640096525594,0.2218548755153967,0.1983368062554802,0.0870892761075513,0.0341699335195808,0.2512778589637467,0.1911631188598249,0.1491567457222049,0.0740823479189707,0.0988306723080418,0.2495907387367169,0.0759231120393337,0.0817388434600263,0.2550498745900644,0.0795784859515936,0.0,0.0604634537487935,0.098028551443816,0.2060179187552736,0.0854897948693947,0.1978408280922017,0.0489905448437064,0.0689160292557757,0.1031060896560832,0.0447768912242173,0.1335742188258304,0.0430384100878864,0.0719409378952579,0.0749166269953467,0.2809742476014436,0.0826773729392782,0.4239751921707996,0.0636128910134867,0.2477293794147383,0.0821944670045409,0.3292833963661107,0.1747010765311026
MM,0.0643960394865333,0.188283742839794,0.1095030172289047,0.0800871843891852,0.1333226192696396,0.0740456875433009,0.1239640696514464,0.1228618987396865,0.060428238944085,0.1107552698567528,0.1808492611869561,0.1915287718577496,0.0745831322949338,0.0722002181025932,0.2227368460870527,0.1553480994954139,0.1314982034966203,0.066511020818204,0.0782064707942788,0.2117447902861586,0.0823308660485923,0.0745902752910845,0.1961284306018499,0.0779999199312747,0.0604634537487935,0.0,0.1160682303848802,0.1503392848762357,0.10199573162682,0.1712938829079865,0.0533840538410718,0.0822184994941295,0.0924117796249363,0.0681537522094554,0.0993388638477085,0.0509155241335139,0.0762742437632245,0.0725902716043663,0.2186697536562787,0.0737862311245989,0.4088584534703308,0.0854531463889448,0.2016177961791869,0.0812739124818182,0.2749679807532322,0.1468469176469811
MN,0.119475240569061,0.2490380696854572,0.0734575403234001,0.0718870940160246,0.1837912711508541,0.1249510076583069,0.2047181003264662,0.132155080924014,0.0869294196956468,0.0747175638713163,0.2812095237546803,0.2797302946093205,0.129865676340511,0.1011888696980776,0.3164893012265782,0.2311864046383777,0.1970350483252197,0.1312300587756599,0.1334584383840484,0.3257416715401399,0.1488184919554213,0.136751153145926,0.2965450777402263,0.1188032867350336,0.098028551443816,0.1160682303848802,0.0,0.2702566927112955,0.1236057314697978,0.2674819580090428,0.0989475455445451,0.1440961041775735,0.1648418726682486,0.1072911479692269,0.1962169495882221,0.1137441389344353,0.1511750428676361,0.127999858536025,0.3351501566368053,0.1364915813585894,0.4985513339854593,0.1160687545112021,0.3124540653548313,0.1277446044634752,0.3846972361076983,0.2405625823375213
MO,0.1661580967579295,0.2023276833802325,0.2702182091070091,0.2257804139240788,0.2682281380128742,0.1580420225264242,0.1186496997631197,0.2579855341491381,0.1672796371135481,0.2588395472421347,0.0273177848450327,0.1716723202997997,0.112314575157037,0.2053012708255248,0.1470354528746692,0.1307200949091331,0.1235674365379397,0.1215714350779668,0.1781638910529013,0.109049165040893,0.1747020239158526,0.1351763584209744,0.1376931482444954,0.1454739740353468,0.2060179187552736,0.1503392848762357,0.2702566927112955,0.0,0.2210149274010731,0.0952634681139512,0.1980113009255879,0.1701114609798752,0.1155683978678648,0.2013482561293733,0.1245081599337173,0.1911459906616566,0.1870793795415005,0.096183122199609,0.0989311167174809,0.1658084399821785,0.4311994831514213,0.1760524117328598,0.0592850585627585,0.1438705150127606,0.1639308527931576,0.1878363962319447
MV,0.08142206666686,0.1685390454437344,0.0982208057200086,0.0731909108672149,0.1336042542555007,0.0789110652605167,0.1492372994261845,0.1236712363607068,0.0757336835724649,0.0868663040492886,0.2298922087287512,0.2347908426963769,0.0931220698967334,0.0868654366452666,0.2324502338544787,0.180515704655075,0.1801438876785882,0.1128834691778889,0.1153229608260637,0.2872517853297487,0.1135768789526817,0.122620522544163,0.273035874028924,0.073516440636365,0.0854897948693947,0.10199573162682,0.1236057314697978,0.2210149274010731,0.0,0.1960236104937676,0.0836652954941908,0.0958378509820612,0.1323093154766185,0.0607549910424543,0.1236169499415641,0.0625779989093875,0.0897958850767008,0.1041152534875879,0.2780963913437417,0.1031799701504526,0.428084187538736,0.0913186660391029,0.2546795312997729,0.1081633673130969,0.3286032363406905,0.1564944297781416
MY,0.1353547178524577,0.1402691307271246,0.2592064486423712,0.2147893266259932,0.2359727537911889,0.117117943861387,0.0460860289158194,0.254765224831061,0.1528936964478459,0.2447682027725363,0.0798314505937004,0.0712594952051084,0.0941616609036588,0.1774130446984611,0.1017973552520853,0.1051303358315046,0.1081419259279398,0.1278128144779682,0.1565926848029217,0.1296948818948922,0.1315451759384422,0.1573279853174348,0.119713522301555,0.1006221278245098,0.1978408280922017,0.1712938829079865,0.2674819580090428,0.0952634681139512,0.1960236104937676,0.0,0.1986811945810701,0.1241538257034481,0.087274240892638,0.166572169068513,0.1009354413410028,0.1589257307517655,0.14780004012508,0.0783061050572543,0.0845729001391495,0.1627433293402921,0.4372074137198475,0.1656157095022188,0.0675225262772822,0.1484276067465122,0.1155624582650458,0.134026599066534
NP,0.0731718146511617,0.1872052629589584,0.094099422011983,0.0731982345910122,0.1436959540917975,0.079663498011551,0.1383768655010899,0.0570013898167369,0.0496560660458513,0.0889408070845799,0.2240482301014501,0.2195426192037092,0.0747255430199842,0.0456733052790523,0.2733767754705123,0.207477798128169,0.1526093607631424,0.0759710075798999,0.1250358415401765,0.2614421230087058,0.1052898246180464,0.0698275954652989,0.2725450582852463,0.0921988840932716,0.0489905448437064,0.0533840538410718,0.0989475455445451,0.1980113009255879,0.0836652954941908,0.1986811945810701,0.0,0.0918194799103461,0.121326666395105,0.06146595296539,0.1357779395372907,0.049644151458123,0.091196553373932,0.0826845958044699,0.2817316074931739,0.0767777658552534,0.4093085795814348,0.0883359548951271,0.2399276739064665,0.0845801177994357,0.3102107502273629,0.1716391548408405
OM,0.0465046872586932,0.1439520242639682,0.1199567758094364,0.0828996284501386,0.119906688214183,0.0189231596933734,0.0798141947044029,0.1173269183251481,0.0473784761622005,0.1018035960987404,0.1772153973108727,0.1225600346918077,0.0654690246997745,0.0496530924599778,0.1657977588590172,0.1231957868489921,0.1057302800836471,0.0776579494291,0.092816880587044,0.2214557075903032,0.0492782029756452,0.0952894606751265,0.1825386453809275,0.0458907246853985,0.0689160292557757,0.0822184994941295,0.1440961041775735,0.1701114609798752,0.0958378509820612,0.1241538257034481,0.0918194799103461,0.0,0.0829071327975413,0.0605579597037662,0.0763149109369599,0.0407405914342362,0.0404024164687291,0.0680166433730244,0.2134882767608962,0.0832083192533252,0.4106108724170171,0.071741251861628,0.1958010794738441,0.0850201862984179,0.261730103269352,0.1066699944147955
PH,0.0861046693153891,0.1469132553469967,0.1658241061879232,0.1330028131472553,0.1673852344727696,0.071243092804017,0.0775118730943296,0.1755559409911186,0.0756984028814583,0.1456375868395135,0.1302913321510821,0.110319998808879,0.0846985782951216,0.1033847669715191,0.1454305496938691,0.1235349267032028,0.0950820316626874,0.0865501658338473,0.0833818626032756,0.167204849687757,0.083861216240659,0.1147148393068732,0.1294248364022675,0.0788089514974454,0.1031060896560832,0.0924117796249363,0.1648418726682486,0.1155683978678648,0.1323093154766185,0.087274240892638,0.121326666395105,0.0829071327975413,0.0,0.0849294008046025,0.1001183606383886,0.0973925184239293,0.0943615627870867,0.051996136633742,0.164560885460839,0.1084857410502644,0.4322098773382616,0.1081002066495089,0.1423642502450058,0.1099094394427743,0.1965277715516693,0.1484555590941361
PK,0.0576394302877195,0.1490508251938833,0.0951570708013964,0.0619281954182846,0.1031138722350883,0.0452822854494017,0.105564070882912,0.1041495416229659,0.0385267198211461,0.0716957781548717,0.2123951166194034,0.1676536655533506,0.0776368662375809,0.0492172692605227,0.2217412489262455,0.1742252662740981,0.1344954379912354,0.0869817240095141,0.0828417925497858,0.237622137141271,0.0705495748496602,0.0986602994927313,0.2263742467692082,0.0619685062754187,0.0447768912242173,0.0681537522094554,0.1072911479692269,0.2013482561293733,0.0607549910424543,0.166572169068513,0.06146595296539,0.0605579597037662,0.0849294008046025,0.0,0.1088663108729194,0.0406657831052339,0.0513651642110294,0.0787475801460511,0.2538960763002532,0.0838623859130031,0.4187725673819059,0.0679714592468079,0.2247785280676815,0.0955853146768628,0.2961198394874796,0.1450806072208068
PS,0.0923983391280556,0.1310712738940516,0.17041735399418,0.1300010916878693,0.148672089562149,0.0791377326013409,0.098162286365215,0.1929185562862457,0.110406339962724,0.1682395775977878,0.13878414934355,0.1402261936354704,0.0830873048723023,0.1193213275375731,0.0918235352048697,0.0573653929113284,0.1247129075002151,0.0919032812003268,0.1006276878088423,0.1906797958612112,0.0892368141578255,0.1211541570974537,0.1617770208491711,0.0600350845175242,0.1335742188258304,0.0993388638477085,0.1962169495882221,0.1245081599337173,0.1236169499415641,0.1009354413410028,0.1357779395372907,0.0763149109369599,0.1001183606383886,0.1088663108729194,0.0,0.0890772492775433,0.0808720558797403,0.0889514706899895,0.1623276241540545,0.0978090637054803,0.4426847226241178,0.1218091869116632,0.1604013097996541,0.1070711042547974,0.2144876137386373,0.0652059321350493
QA,0.0320224164644824,0.1436155071154526,0.0908833631256058,0.0536205123871372,0.1216068349589489,0.0269111011801602,0.0923147352058014,0.091987291439478,0.0362770530484156,0.0798083113307891,0.2065012270924225,0.1659755900200524,0.0638787143713642,0.0384955702923702,0.2067797804463831,0.1518758066141861,0.1241704302393034,0.0604186583481205,0.0899445990736671,0.2390892921479812,0.0489531820428688,0.0653801166716512,0.2297161458899125,0.0471521800116344,0.0430384100878864,0.0509155241335139,0.1137441389344353,0.1911459906616566,0.0625779989093875,0.1589257307517655,0.049644151458123,0.0407405914342362,0.0973925184239293,0.0406657831052339,0.0890772492775433,0.0,0.0354174405360316,0.0674221241483543,0.2551569436230583,0.0618224940151495,0.4251732652122413,0.0528735090299679,0.2214200081621321,0.0637957403726799,0.3041262705496841,0.1169985642266967
SA,0.0499925100774251,0.1248506283484942,0.1112463075879303,0.0584161442651292,0.0901698535653918,0.0354867340025966,0.0954142191681796,0.1164634380127016,0.0429010423063529,0.0938639915423434,0.2013323822121531,0.1373818073098557,0.0753661086411308,0.0483395814659204,0.1681948546686018,0.1479977707301442,0.1112505369295189,0.0746388459075007,0.0749423996141416,0.2222219867683783,0.050831344599427,0.0889768875557776,0.2025958812675736,0.0486099219980514,0.0719409378952579,0.0762742437632245,0.1511750428676361,0.1870793795415005,0.0897958850767008,0.14780004012508,0.091196553373932,0.0404024164687291,0.0943615627870867,0.0513651642110294,0.0808720558797403,0.0354174405360316,0.0,0.0745791492524374,0.2395442303310557,0.0693011151497451,0.4328204253659286,0.0655135427421422,0.2047585190388018,0.0787751533964233,0.2837780622967237,0.0781210872282992
SG,0.0405435883674493,0.153634940725417,0.1288601772482772,0.0932228220089801,0.1464490766511978,0.0495761319060441,0.0574797447793806,0.1305650876220163,0.0554538128728364,0.1096951265152982,0.1011172314011956,0.1193162998358314,0.0427608700336218,0.0763596589207248,0.1505894335796201,0.1107798785865102,0.0692420956270714,0.0609937217765435,0.0779573030650605,0.157070241427213,0.0712706294700817,0.0702787828262277,0.1491258527088255,0.052975892030568,0.0749166269953467,0.0725902716043663,0.127999858536025,0.096183122199609,0.1041152534875879,0.0783061050572543,0.0826845958044699,0.0680166433730244,0.051996136633742,0.0787475801460511,0.0889514706899895,0.0674221241483543,0.0745791492524374,0.0,0.1474377850211563,0.0825648401576272,0.3925508993362586,0.0808848480033438,0.1111965891865385,0.0759239133695335,0.1953041353119863,0.1276974174579667
TH,0.218192461643361,0.2107888788600562,0.3262343036210315,0.2910119812382573,0.3196931258568116,0.2048684352271157,0.1495250860807482,0.3370213127092188,0.2352837119800874,0.3179285479829599,0.0835966753247353,0.1870407032296838,0.1545102531302242,0.2786268401360455,0.1356004604142655,0.1508823674301596,0.1604856615620986,0.183929150501342,0.2006380543831051,0.1243813929418655,0.203035747401985,0.2120080961500235,0.0767169463419021,0.1857711020087081,0.2809742476014436,0.2186697536562787,0.3351501566368053,0.0989311167174809,0.2780963913437417,0.0845729001391495,0.2817316074931739,0.2134882767608962,0.164560885460839,0.2538960763002532,0.1623276241540545,0.2551569436230583,0.2395442303310557,0.1474377850211563,0.0,0.2388190794524901,0.4435084722855268,0.2481340765379769,0.0871014528321615,0.2158574275408651,0.1241518845533858,0.2242310955042544
TJ,0.0866430819686533,0.1551546415992187,0.0820781659464992,0.0674807822217054,0.1665993937011619,0.0727642842892771,0.1226667259716743,0.1083112977686524,0.0581944775335316,0.0888182753323088,0.1965570672852785,0.1712831932986331,0.0505047734923851,0.0672392125334717,0.1928035158605114,0.1639730574566691,0.1126536359479761,0.0392803155488311,0.0935162794100685,0.1995472843220017,0.0801975208744517,0.0503280045957834,0.2087628409517934,0.0623299564183388,0.0826773729392782,0.0737862311245989,0.1364915813585894,0.1658084399821785,0.1031799701504526,0.1627433293402921,0.0767777658552534,0.0832083192533252,0.1084857410502644,0.0838623859130031,0.0978090637054803,0.0618224940151495,0.0693011151497451,0.0825648401576272,0.2388190794524901,0.0,0.4211538494590789,0.0665235973636795,0.2100772031260095,0.047229447976671,0.2658945449667027,0.108926766533966
TM,0.4122511773121809,0.4808136461865915,0.4409253028201482,0.4485986102205712,0.4592423396425236,0.4158592144314001,0.4246022273562864,0.4555996086606497,0.4203427906281776,0.4420325328289799,0.4311214673311873,0.4825103838241558,0.3900121711004835,0.4374055024007902,0.4822345927498553,0.4684092974590932,0.4314150822331268,0.3977751258508833,0.4430893027637246,0.4571275903094768,0.4400407404813586,0.4282593486473477,0.50124463625288,0.434149284809086,0.4239751921707996,0.4088584534703308,0.4985513339854593,0.4311994831514213,0.428084187538736,0.4372074137198475,0.4093085795814348,0.4106108724170171,0.4322098773382616,0.4187725673819059,0.4426847226241178,0.4251732652122413,0.4328204253659286,0.3925508993362586,0.4435084722855268,0.4211538494590789,0.0,0.4235861695552905,0.4496462385436865,0.4223390690624696,0.449052869484872,0.4885640206394099
TR,0.0714394776673917,0.1526194184200351,0.0827082634885905,0.0575453743413038,0.1562839244500222,0.059560135560484,0.1062111134430351,0.1049696096902393,0.0391998631654822,0.086317586560126,0.185790961372586,0.1627336275043731,0.071670905126823,0.0577906827676281,0.2148575241575312,0.1744584827670148,0.1176472480197656,0.0627082287582461,0.100014832700442,0.2120078030938441,0.0751535141595417,0.0759263137406155,0.2332920116156313,0.0654058954490289,0.0636128910134867,0.0854531463889448,0.1160687545112021,0.1760524117328598,0.0913186660391029,0.1656157095022188,0.0883359548951271,0.071741251861628,0.1081002066495089,0.0679714592468079,0.1218091869116632,0.0528735090299679,0.0655135427421422,0.0808848480033438,0.2481340765379769,0.0665235973636795,0.4235861695552905,0.0,0.1992905984948438,0.0673779633304704,0.282359837419024,0.1423645081847828
TW,0.186203225226409,0.2071028279522399,0.3180853879913047,0.2580931761322875,0.3073595782798641,0.1812381658718246,0.1086830975731095,0.2896805257334,0.1910730903677432,0.286617938315135,0.0384261220431013,0.1551435416631907,0.1262881029274223,0.2384909321754055,0.1537004597865546,0.1547625389274604,0.113086459703849,0.1570568837687804,0.2109497914433641,0.1166895873763581,0.1981040462317906,0.1686873297395562,0.1495105696318357,0.1682951459090966,0.2477293794147383,0.2016177961791869,0.3124540653548313,0.0592850585627585,0.2546795312997729,0.0675225262772822,0.2399276739064665,0.1958010794738441,0.1423642502450058,0.2247785280676815,0.1604013097996541,0.2214200081621321,0.2047585190388018,0.1111965891865385,0.0871014528321615,0.2100772031260095,0.4496462385436865,0.1992905984948438,0.0,0.1749012499149072,0.1289388123829424,0.2116334182761976
UZ,0.0773139275010197,0.1417806323664785,0.0963243678654066,0.0627584071052587,0.1770969615820349,0.0648073660270593,0.113690833817581,0.1102467899782606,0.0627108481092517,0.0959800091732753,0.1586007332242189,0.1810850901387447,0.0424407817094606,0.0718194122154297,0.1857812653581025,0.1477277051286546,0.1215496175764864,0.0277546408082247,0.1230318991014909,0.2067771863256708,0.080779448969341,0.0248142501434994,0.2140788815866957,0.0626783830871118,0.0821944670045409,0.0812739124818182,0.1277446044634752,0.1438705150127606,0.1081633673130969,0.1484276067465122,0.0845801177994357,0.0850201862984179,0.1099094394427743,0.0955853146768628,0.1070711042547974,0.0637957403726799,0.0787751533964233,0.0759239133695335,0.2158574275408651,0.047229447976671,0.4223390690624696,0.0673779633304704,0.1749012499149072,0.0,0.2574986405193523,0.1262342240753459
VN,0.2648449674595386,0.2650465779642109,0.3628458486816431,0.3355389264699905,0.3665000356444512,0.2615593551801056,0.1840336935422407,0.3685401376067959,0.2693021173068882,0.3860137144417014,0.1617043146730548,0.19077200614771,0.2006460924741795,0.3129458704487291,0.1819736850889473,0.2110479901540631,0.1885345570989239,0.2177078741506163,0.2564764522371945,0.1541389507433364,0.2722639905435093,0.2594269008779828,0.1545640733822245,0.236733756352131,0.3292833963661107,0.2749679807532322,0.3846972361076983,0.1639308527931576,0.3286032363406905,0.1155624582650458,0.3102107502273629,0.261730103269352,0.1965277715516693,0.2961198394874796,0.2144876137386373,0.3041262705496841,0.2837780622967237,0.1953041353119863,0.1241518845533858,0.2658945449667027,0.449052869484872,0.282359837419024,0.1289388123829424,0.2574986405193523,0.0,0.2609046334978961
YE,0.1351872066926847,0.1522217874918285,0.1913697002328753,0.1421055257254472,0.1484179940374849,0.1112555382583382,0.1301081457591166,0.1939395553899132,0.1299726531725344,0.1863068484184575,0.1999065138434188,0.1484015600291102,0.1076617560104311,0.1260132775421141,0.1377662093738065,0.1233754171032806,0.1559842223369021,0.115974087582876,0.1499792986537457,0.2308770264896946,0.1219430420633816,0.138795585737431,0.2212008594018696,0.0902892510914272,0.1747010765311026,0.1468469176469811,0.2405625823375213,0.1878363962319447,0.1564944297781416,0.134026599066534,0.1716391548408405,0.1066699944147955,0.1484555590941361,0.1450806072208068,0.0652059321350493,0.1169985642266967,0.0781210872282992,0.1276974174579667,0.2242310955042544,0.108926766533966,0.4885640206394099,0.1423645081847828,0.2116334182761976,0.1262342240753459,0.2609046334978961,0.0
