ISO_CODE,AE,AF,AM,AZ,BD,BH,BN,BT,CN,GE,HK,ID,IL,IN,IQ,JO,JP,KG,KH,KR,KW,KZ,LA,LB,LK,MM,MN,MO,MV,MY,NP,OM,PH,PK,PS,QA,SA,SG,TH,TJ,TM,TR,TW,UZ,VN,YE
AE,0.0,0.2112652858417848,0.1961016924917829,0.1741291576890453,0.1621589696977589,0.0526736919803337,0.1737706570683053,0.2162769733144534,0.1352525281697297,0.1860142586744296,0.242425360123399,0.1883966022174548,0.1403664791561546,0.1661186524002094,0.2044570414343393,0.211599028440593,0.2226216025950347,0.1925873881275706,0.2350271638288542,0.2978598366458815,0.0657357679810605,0.1894190009073603,0.2236450444851401,0.1207112422484854,0.1823744022260724,0.1768981823459359,0.267556478716499,0.2475573586411388,0.1846046979569996,0.2091427832828098,0.1509355185420816,0.0735907594652984,0.1528011318602549,0.1392339789803538,0.1840890214541013,0.0608307588039103,0.1027937073632399,0.1278831295728354,0.2921490066479204,0.164995091656158,0.5304809264715142,0.1635127998178487,0.2695450276102327,0.1890032393852938,0.2827860647316141,0.22081763731964
AF,0.2112652858417848,0.0,0.2354624677493602,0.2359555981639776,0.1703566828802732,0.1882173060753104,0.2119846116876397,0.1875753511635045,0.1617019737406096,0.2644337130586458,0.2655654964970184,0.1744555315544529,0.1953344564799755,0.1610510844390248,0.2014914393925405,0.2806755981198876,0.2408370934024288,0.2146975598463374,0.2467788524196319,0.342441786691982,0.1803366019167479,0.2263932556605904,0.2625059026536087,0.2027551269764612,0.2260590691267565,0.2330936635413134,0.3043208002379182,0.2855889234675203,0.2367673721917365,0.2230427140461384,0.1618798688762661,0.1875386027235294,0.208247101609699,0.1641134899836307,0.2121896998447474,0.1687775411285068,0.1671533234054529,0.2007587795052356,0.3055957590909161,0.2118001287669042,0.5460059175783987,0.2062114413852134,0.2663836475956236,0.2374739493922747,0.2490854704108888,0.1564800856516182
AM,0.1961016924917829,0.2354624677493602,0.0,0.1105103483992758,0.1490563079055699,0.1706012962405509,0.2523024053493359,0.1963363443961826,0.1019378170795202,0.1036984190993923,0.2949392428932929,0.2010547819041384,0.1773942902593892,0.1519035093665375,0.2991712292152372,0.309245887321301,0.2161186555389961,0.1725588870130461,0.1975302393631423,0.3219880831228769,0.1858982540363359,0.1643906738228401,0.2539267624884354,0.1708722024362701,0.1548702246391305,0.1735510482703139,0.1875345748771316,0.3023108714412356,0.211681348543794,0.2912222492017753,0.1248416991820933,0.1863149567031233,0.1650779050631654,0.1685431635242473,0.263285779047253,0.1768536040427597,0.1871113222712233,0.1697251453558996,0.3678274367314985,0.1719238595735984,0.5619445759983352,0.1390024738774854,0.3237309057691383,0.1705004441979112,0.3271901992723646,0.2584016100656393
AZ,0.1741291576890453,0.2359555981639776,0.1105103483992758,0.0,0.1922288970024319,0.1480734434909345,0.2061095463861998,0.2051428237444857,0.1142823637912807,0.1193462297772854,0.2615843563959696,0.1680115577438659,0.1480922343303028,0.15726926313565,0.2361360218834515,0.2548208403491834,0.2076782460343538,0.1229740998781927,0.2199002381763365,0.2805328174052868,0.1451818432020074,0.1005190764163659,0.2352735282687958,0.1391368046382617,0.174600745140705,0.1831119900252522,0.218518788850459,0.2667616377520981,0.1962813171471334,0.2558407885893649,0.1678254656347523,0.1643310555544865,0.1567436295301882,0.1832722889528149,0.2172165631771659,0.1541921072727141,0.1614345766939942,0.1498273293084304,0.3238672443208955,0.1388363211765836,0.5239709853335555,0.0972646530648068,0.2932217677501972,0.1221240067705369,0.3171008037051888,0.2409759943724243
BD,0.1621589696977589,0.1703566828802732,0.1490563079055699,0.1922288970024319,0.0,0.1348650411044322,0.171045071147703,0.1884128451106638,0.1044196083252868,0.1901138501034129,0.2818496845734952,0.1372381714416392,0.1885081325303474,0.1079617624928291,0.2497865677320674,0.2679198680032829,0.2056073943785595,0.2270126202178047,0.1977371866551723,0.3268164818236057,0.1384347838416958,0.2074995394907713,0.2306069964390986,0.1726211964801218,0.1436540949224869,0.1525128678796808,0.2190311592095615,0.2857791136267634,0.165119821068976,0.1953848694392043,0.0939077750683221,0.1272038038265369,0.166162402650873,0.0632263118140814,0.2101464924380821,0.1301287453305877,0.1434591585043063,0.1529611954080401,0.2986204349417124,0.2182939036447185,0.5605779364338417,0.1507587059689221,0.2957112941302957,0.2307912964243802,0.276146989477678,0.2138845444274932
BH,0.0526736919803337,0.1882173060753104,0.1706012962405509,0.1480734434909345,0.1348650411044322,0.0,0.156934167497003,0.1929560304545938,0.1136279761587353,0.1737080382616425,0.2393672879376083,0.1601512147567011,0.1291665743069965,0.1423863022372852,0.188269114754675,0.1964369111646013,0.1980181042774599,0.1821370600457206,0.2231126131523206,0.2791723383762701,0.0407426516804918,0.1702127718428275,0.2186307013378371,0.1072067606112486,0.1617889150776629,0.1708443885040953,0.2516970190765825,0.2446443442883021,0.1675692358079648,0.2011973116734655,0.1389982466003764,0.0516861417799416,0.1495794499707866,0.1177554815332829,0.1720881276991512,0.0421000679769814,0.0710299977460139,0.1173515408747342,0.2890933281614115,0.1634610990533234,0.5224850950912308,0.1427681475620318,0.2636687202170419,0.1788287382389353,0.2783256201710442,0.1813071453850523
BN,0.1737706570683053,0.2119846116876397,0.2523024053493359,0.2061095463861998,0.171045071147703,0.156934167497003,0.0,0.2405630016289149,0.1724769191080153,0.2403148113141306,0.2095431737279223,0.1315009916548052,0.1487537228515091,0.1909053469148606,0.2233787797302996,0.2228815779003872,0.2378832710699439,0.2235035053701208,0.2474831744328405,0.2840992506895416,0.1456901418485381,0.2120920512531394,0.2039590889049701,0.1686286363712222,0.1925413842718113,0.1941551188759718,0.3012457630758715,0.2225506215983013,0.1714645772394983,0.1013109033327398,0.1985646314729447,0.1792129015933952,0.1765403845926215,0.1493029286752603,0.2036957225397708,0.1475401643899654,0.1692065960381761,0.1137588151179815,0.2083964134428888,0.2272923156045762,0.5049135979630806,0.1731435980128025,0.2220564193296061,0.2138885351368928,0.235895014189299,0.2384379171125676
BT,0.2162769733144534,0.1875753511635045,0.1963363443961826,0.2051428237444857,0.1884128451106638,0.1929560304545938,0.2405630016289149,0.0,0.1077745857040789,0.1940426592019225,0.265718024846593,0.1706050524179871,0.1903874626713438,0.1245946604956977,0.3022577034602245,0.3533068401171644,0.2003997904331891,0.1805748245830792,0.238945718917211,0.3024431487431177,0.1903775027285776,0.1725769441274239,0.2658807740961659,0.2253614347154521,0.2110674424262506,0.2184653430599858,0.2754294945030446,0.2881766161251868,0.2094321983161149,0.2609290468925893,0.0974515819316055,0.2052729323270421,0.15798081333737,0.1703395291001274,0.2783262629511973,0.1906362205222176,0.204090960947599,0.1587618994147224,0.3532069123568774,0.1695564533899245,0.5407491105653179,0.1932647350280306,0.2735819363901564,0.2163865554681253,0.3133363267017954,0.2497549302548055
CN,0.1352525281697297,0.1617019737406096,0.1019378170795202,0.1142823637912807,0.1044196083252868,0.1136279761587353,0.1724769191080153,0.1077745857040789,0.0,0.1043244709653132,0.1939947510557244,0.1171014502451633,0.1215466323258808,0.0698864447768283,0.2383760521733616,0.2594208451122156,0.1136385877627278,0.1390241007175159,0.1674918634137351,0.2247407435533547,0.1135436187370421,0.1206874570741736,0.1863504895223446,0.1392005624734744,0.1434798503454927,0.1272272920507358,0.1835773387663103,0.2025078464861542,0.1535904568862044,0.1958243927551711,0.0681169071402038,0.1127147278254377,0.0916727372984511,0.1034454689844311,0.2144507938337524,0.1136393691591176,0.1165654516452702,0.0861834769551819,0.2749099734136432,0.1365548013227436,0.5173256559954242,0.0975325967421909,0.2138865376358412,0.1480691102433536,0.2381659982368191,0.1911726542426592
GE,0.1860142586744296,0.2644337130586458,0.1036984190993923,0.1193462297772854,0.1901138501034129,0.1737080382616425,0.2403148113141306,0.1940426592019225,0.1043244709653132,0.0,0.2771495441909566,0.2187628179855885,0.1694770170507573,0.1615541566079819,0.3104295490711191,0.3045675578993452,0.2318499363831779,0.1971477094976129,0.2063921522713516,0.3117616843851172,0.187670865693487,0.1927576722455061,0.241442445522127,0.1681166566193674,0.176572875631525,0.1780577299438704,0.1726230502442221,0.2852779752781832,0.1755268452028835,0.2791454166949698,0.1544806765490973,0.2043678834245945,0.1515797964709988,0.172260160536342,0.266000121345388,0.1822130747936743,0.2104385590538341,0.1540211628711002,0.3453848169773854,0.1862069848830528,0.5503201532406263,0.1517830371090894,0.3003889011409575,0.1882247515963304,0.3296699602045841,0.28962234141103
HK,0.242425360123399,0.2655654964970184,0.2949392428932929,0.2615843563959696,0.2818496845734952,0.2393672879376083,0.2095431737279223,0.265718024846593,0.1939947510557244,0.2771495441909566,0.0,0.2303780877810187,0.1364754127798707,0.2419738170662699,0.2232627013874921,0.2291940647370879,0.2154356739734351,0.2076964823014057,0.2910137938638892,0.2148044993012232,0.2291001748875762,0.2127615241093927,0.1980285097332144,0.1988031627386692,0.2593569814541353,0.2426425236235699,0.347739095740623,0.0571285559047169,0.2471137226015001,0.150040119942389,0.2296016095140702,0.2770745615004162,0.2037047628480507,0.2581077378394619,0.2391086169851122,0.2284729885622112,0.2515358366383494,0.1170994582076802,0.1685140315577897,0.242065399912237,0.5225500650382714,0.2252181294830163,0.0597473288071022,0.2076081361452647,0.1669220487927536,0.2800239773439146
ID,0.1883966022174548,0.1744555315544529,0.2010547819041384,0.1680115577438659,0.1372381714416392,0.1601512147567011,0.1315009916548052,0.1706050524179871,0.1171014502451633,0.2187628179855885,0.2303780877810187,0.0,0.1584305115718178,0.1193981176689861,0.2221461971589021,0.266234335634441,0.1581833115640013,0.1737785525846056,0.2358032225908009,0.2632356992934462,0.1369179492685907,0.1513216350747992,0.1901836326645455,0.1672026173489005,0.1955355947666397,0.1853013666659821,0.298523803060856,0.2444167956917557,0.2049260410432244,0.150180586472109,0.1467153504874359,0.1498618708905666,0.1477527812239932,0.1353494019612034,0.2103421489984799,0.1655636864233314,0.1438589397450338,0.1338455383107704,0.2416390873086397,0.2004548630486633,0.5129923514868954,0.1364159046482422,0.2408958081557877,0.1827736949018883,0.2505269727075931,0.2073653739977302
IL,0.1403664791561546,0.1953344564799755,0.1773942902593892,0.1480922343303028,0.1885081325303474,0.1291665743069965,0.1487537228515091,0.1903874626713438,0.1215466323258808,0.1694770170507573,0.1364754127798707,0.1584305115718178,0.0,0.1648175920047045,0.1560851998470727,0.1464071418331063,0.1862397469591977,0.1315813287847748,0.2385887096396663,0.2278935632542773,0.1247734327395222,0.1352116783000523,0.1764259810651471,0.0814302087252438,0.1700102203918616,0.1838546774610122,0.261168577962627,0.1423113157315144,0.1676285084028428,0.1434255970523557,0.1589948725630774,0.1664150968776165,0.1513466642351411,0.1656840954666436,0.1156621496083217,0.127985173944105,0.1433075051141705,0.0881019987559953,0.1995438974656862,0.1562361545488004,0.5008839318834338,0.1234603953485149,0.144268347967117,0.137989865614063,0.203495081827196,0.1933232209608339
IN,0.1661186524002094,0.1610510844390248,0.1519035093665375,0.15726926313565,0.1079617624928291,0.1423863022372852,0.1909053469148606,0.1245946604956977,0.0698864447768283,0.1615541566079819,0.2419738170662699,0.1193981176689861,0.1648175920047045,0.0,0.2640738954658801,0.296422974797378,0.1629698293750122,0.1650209904296957,0.1939992870596685,0.2829322767869781,0.1415514569791516,0.1509888415661636,0.2253248093883035,0.1724082741566137,0.1484841261628887,0.1544036298478324,0.2384605008911356,0.2601782409933801,0.1808442317740496,0.2100360254735176,0.0781134025898614,0.1333199404867577,0.1241993535713975,0.0992828585808422,0.2386562764713687,0.1372316890933786,0.1428805944618087,0.1323450297540798,0.298035298964709,0.1686470048875226,0.5313186192832479,0.1394110176980777,0.2488470314653184,0.1769703216119985,0.2678120529736938,0.2210820676991651
IQ,0.2044570414343393,0.2014914393925405,0.2991712292152372,0.2361360218834515,0.2497865677320674,0.188269114754675,0.2233787797302996,0.3022577034602245,0.2383760521733616,0.3104295490711191,0.2232627013874921,0.2221461971589021,0.1560851998470727,0.2640738954658801,0.0,0.1350173662910405,0.3064873747302761,0.2242062372479021,0.3215489590119725,0.3224416442234977,0.1642319454760192,0.2261503008643952,0.2527023623577701,0.1564473267817554,0.2569486495682542,0.2581043972428315,0.3783393325347495,0.2314301467049673,0.2631385641279653,0.2010020292707149,0.2493081671272312,0.2028374458572851,0.2548941134055609,0.2318390177909821,0.1191734128533665,0.1782968518292612,0.1774295888322625,0.2069920828780909,0.2695600909780777,0.2399373623498546,0.5516175664252707,0.2198164140678785,0.2384155582932738,0.2230114162553924,0.2423387450850191,0.1495637015407694
JO,0.211599028440593,0.2806755981198876,0.309245887321301,0.2548208403491834,0.2679198680032829,0.1964369111646013,0.2228815779003872,0.3533068401171644,0.2594208451122156,0.3045675578993452,0.2291940647370879,0.266234335634441,0.1464071418331063,0.296422974797378,0.1350173662910405,0.0,0.3375922638945891,0.2561661083280939,0.318255502859166,0.3440722573278361,0.1780377800059693,0.2606676230995312,0.2668315102140287,0.1479749688284829,0.2679963165498321,0.2729861461676476,0.3568291643463651,0.2274415801225071,0.2598429447098987,0.2060790523394371,0.284304563863471,0.2274982126066066,0.2828793355600505,0.2452032659703671,0.1170591307819829,0.1828583515692208,0.1989043095033495,0.2084020247695336,0.2655924294361056,0.2797962212315779,0.5451266052141481,0.2375690752411331,0.2341239502462752,0.2523510544728595,0.2619475858017588,0.2154956462660143
JP,0.2226216025950347,0.2408370934024288,0.2161186555389961,0.2076782460343538,0.2056073943785595,0.1980181042774599,0.2378832710699439,0.2003997904331891,0.1136385877627278,0.2318499363831779,0.2154356739734351,0.1581833115640013,0.1862397469591977,0.1629698293750122,0.3064873747302761,0.3375922638945891,0.0,0.1889716202334582,0.2775498685249438,0.1868887714690831,0.1909401290976431,0.1705636645473077,0.2450172489115625,0.2035504823469097,0.2428279128981811,0.2176096612093121,0.2943805182637463,0.231172297448253,0.2662235424131322,0.230135302635956,0.176699842082681,0.182289041905346,0.1783311294530942,0.2168965092203787,0.2923027185372469,0.2094313309087487,0.1862833510873175,0.1480912902137312,0.2961448969520079,0.2283835578856687,0.5383498376484324,0.1621990294746332,0.2260200387054218,0.2029930859950965,0.2776757889412788,0.2620989431109917
KG,0.1925873881275706,0.2146975598463374,0.1725588870130461,0.1229740998781927,0.2270126202178047,0.1821370600457206,0.2235035053701208,0.1805748245830792,0.1390241007175159,0.1971477094976129,0.2076964823014057,0.1737785525846056,0.1315813287847748,0.1650209904296957,0.2242062372479021,0.2561661083280939,0.1889716202334582,0.0,0.2751444200175916,0.2595741619054246,0.1615929752749749,0.0444318028675333,0.2488890252968484,0.164948905962307,0.2108482605931662,0.2219362617129361,0.298760612042473,0.2289624611837024,0.2214664882161342,0.2381915796000007,0.1594908295004516,0.2010097022825862,0.1643953044461529,0.2037810285320774,0.2251799327874416,0.1796263377744955,0.1869998245061752,0.1383385613230314,0.2975091329881613,0.0886670465361397,0.4973956658093803,0.1522102973793015,0.2326519171939816,0.0766474837822711,0.2795175040860918,0.2323671659499614
KH,0.2350271638288542,0.2467788524196319,0.1975302393631423,0.2199002381763365,0.1977371866551723,0.2231126131523206,0.2474831744328405,0.238945718917211,0.1674918634137351,0.2063921522713516,0.2910137938638892,0.2358032225908009,0.2385887096396663,0.1939992870596685,0.3215489590119725,0.318255502859166,0.2775498685249438,0.2751444200175916,0.0,0.3521713610807462,0.2216672218746831,0.2632014169509832,0.2003000885058481,0.2441250749304647,0.2000808338889633,0.164333285285827,0.2021192545041107,0.3018752710972369,0.2404420578508318,0.2641306253483172,0.1735353386692864,0.2381057631374096,0.1955387642471869,0.2033238746841278,0.3025667772482233,0.2119845260946875,0.2304718379655979,0.2090519476707397,0.2950147341847033,0.2661740928328888,0.5576104911295785,0.226548298730229,0.315600038206849,0.2783403250890892,0.288721177024443,0.2979001048551417
KR,0.2978598366458815,0.342441786691982,0.3219880831228769,0.2805328174052868,0.3268164818236057,0.2791723383762701,0.2840992506895416,0.3024431487431177,0.2247407435533547,0.3117616843851172,0.2148044993012232,0.2632356992934462,0.2278935632542773,0.2829322767869781,0.3224416442234977,0.3440722573278361,0.1868887714690831,0.2595741619054246,0.3521713610807462,0.0,0.2689573328895235,0.2479844561857059,0.2672079976658515,0.2600101180229863,0.3076688338101252,0.2856324473497258,0.3768223963898053,0.2316440345949453,0.3295060531158439,0.2638576858579308,0.2873467163491809,0.3026307984937334,0.2626854373116365,0.3088963698766035,0.3304380352963154,0.2943805371035488,0.2910251526249234,0.2223218742790128,0.2866254039895048,0.2982193303527765,0.5649057366586121,0.2300293753956264,0.2032969394361001,0.2717710530261961,0.2566981728103071,0.3338224635965516
KW,0.0657357679810605,0.1803366019167479,0.1858982540363359,0.1451818432020074,0.1384347838416958,0.0407426516804918,0.1456901418485381,0.1903775027285776,0.1135436187370421,0.187670865693487,0.2291001748875762,0.1369179492685907,0.1247734327395222,0.1415514569791516,0.1642319454760192,0.1780377800059693,0.1909401290976431,0.1615929752749749,0.2216672218746831,0.2689573328895235,0.0,0.1512259586213425,0.2120542174227382,0.0948332558906548,0.1704998483889717,0.1677496380279839,0.2582588685940896,0.2372258153520189,0.1734562341593674,0.1847265338109605,0.1413854370529225,0.0545510253195608,0.1384583261315956,0.1193109689154153,0.1472533542534931,0.051191397698604,0.0565650309340578,0.1183512720696918,0.2793455231175071,0.1556016672956641,0.5024620807059048,0.134864825033625,0.2548656752915529,0.1690552537765685,0.2679867526803019,0.1665770685466064
KZ,0.1894190009073603,0.2263932556605904,0.1643906738228401,0.1005190764163659,0.2074995394907713,0.1702127718428275,0.2120920512531394,0.1725769441274239,0.1206874570741736,0.1927576722455061,0.2127615241093927,0.1513216350747992,0.1352116783000523,0.1509888415661636,0.2261503008643952,0.2606676230995312,0.1705636645473077,0.0444318028675333,0.2632014169509832,0.2479844561857059,0.1512259586213425,0.0,0.2351817217350128,0.1640727246097791,0.2056382908351359,0.2078999271174689,0.2801945085431326,0.2284491106515835,0.2164000025643399,0.2267196928887724,0.1499335460192726,0.1785569834018288,0.1596581479422373,0.1931234287184733,0.2292150935066149,0.1747207027819156,0.169055485540866,0.1338601289935409,0.2864408531762739,0.1001967059269636,0.510354221854389,0.1229763257413579,0.2376728982289049,0.0797523328852058,0.2834536963200457,0.2279298671869558
LA,0.2236450444851401,0.2625059026536087,0.2539267624884354,0.2352735282687958,0.2306069964390986,0.2186307013378371,0.2039590889049701,0.2658807740961659,0.1863504895223446,0.241442445522127,0.1980285097332144,0.1901836326645455,0.1764259810651471,0.2253248093883035,0.2527023623577701,0.2668315102140287,0.2450172489115625,0.2488890252968484,0.2003000885058481,0.2672079976658515,0.2120542174227382,0.2351817217350128,0.0,0.2042722003572834,0.2203625920116202,0.1718111254525225,0.2697383297048178,0.1989901930147327,0.2416052243575599,0.1648082219693969,0.2134240838200118,0.2444829959156206,0.2011933273088301,0.2339581984768761,0.2670505449761711,0.2245499740078247,0.2435077140113254,0.1654250194222832,0.1233123372457718,0.2687644620176035,0.5536965519514896,0.1944158400059495,0.2075635583348607,0.2442999995810493,0.19931288857843,0.3015102943227301
LB,0.1207112422484854,0.2027551269764612,0.1708722024362701,0.1391368046382617,0.1726211964801218,0.1072067606112486,0.1686286363712222,0.2253614347154521,0.1392005624734744,0.1681166566193674,0.1988031627386692,0.1672026173489005,0.0814302087252438,0.1724082741566137,0.1564473267817554,0.1479749688284829,0.2035504823469097,0.164948905962307,0.2441250749304647,0.2600101180229863,0.0948332558906548,0.1640727246097791,0.2042722003572834,0.0,0.1628752951282475,0.1870955366337137,0.2569250602073157,0.2037506144472035,0.1746192802308315,0.1783857022269414,0.1694142335148523,0.1348252098579843,0.1633079284411088,0.1560208323961589,0.1128737492980096,0.1060739879263221,0.1193488626661167,0.1234616162924998,0.2477040750585093,0.1703084813480334,0.5167536327864901,0.1370123639759988,0.2121589360101611,0.1583188096282354,0.2514618469215419,0.1852777280250452
LK,0.1823744022260724,0.2260590691267565,0.1548702246391305,0.174600745140705,0.1436540949224869,0.1617889150776629,0.1925413842718113,0.2110674424262506,0.1434798503454927,0.176572875631525,0.2593569814541353,0.1955355947666397,0.1700102203918616,0.1484841261628887,0.2569486495682542,0.2679963165498321,0.2428279128981811,0.2108482605931662,0.2000808338889633,0.3076688338101252,0.1704998483889717,0.2056382908351359,0.2203625920116202,0.1628752951282475,0.0,0.1500323645200136,0.2340648787074616,0.2617755622354955,0.1737330595251137,0.2174002589216738,0.1309750973429456,0.1807150977040317,0.163522248035103,0.1415409801769935,0.2368096762506898,0.1540185755747556,0.1862475939724207,0.1583246245179618,0.2740908851665314,0.2173235710765193,0.5463332651661665,0.1685204081312636,0.2737672993398814,0.2157628089731957,0.2728100338561985,0.2585278536068784
MM,0.1768981823459359,0.2330936635413134,0.1735510482703139,0.1831119900252522,0.1525128678796808,0.1708443885040953,0.1941551188759718,0.2184653430599858,0.1272272920507358,0.1780577299438704,0.2426425236235699,0.1853013666659821,0.1838546774610122,0.1544036298478324,0.2581043972428315,0.2729861461676476,0.2176096612093121,0.2219362617129361,0.164333285285827,0.2856324473497258,0.1677496380279839,0.2078999271174689,0.1718111254525225,0.1870955366337137,0.1500323645200136,0.0,0.219564977214296,0.2422520537854252,0.1887099631101174,0.2016163003755979,0.1380296701214171,0.1786961576248378,0.1559049753164612,0.1537246482941832,0.2542655397051689,0.1690892132873216,0.1765423662381942,0.1431720227036911,0.2365388042851252,0.2340746267913307,0.5498917826131866,0.1606447548025936,0.2615729015300829,0.2132770396134676,0.2460784283259315,0.26826828736232
MN,0.267556478716499,0.3043208002379182,0.1875345748771316,0.218518788850459,0.2190311592095615,0.2516970190765825,0.3012457630758715,0.2754294945030446,0.1835773387663103,0.1726230502442221,0.347739095740623,0.298523803060856,0.261168577962627,0.2384605008911356,0.3783393325347495,0.3568291643463651,0.2943805182637463,0.298760612042473,0.2021192545041107,0.3768223963898053,0.2582588685940896,0.2801945085431326,0.2697383297048178,0.2569250602073157,0.2340648787074616,0.219564977214296,0.0,0.3561125383929734,0.2640060848162154,0.3341334909350254,0.2142933745692956,0.2712663788867572,0.227098880714591,0.2351631268125372,0.3269986254183803,0.2516659844914293,0.26507286388495,0.2477841303294786,0.3779039605061782,0.2849142663320489,0.5911327743883074,0.2302178746488362,0.3680788425984884,0.3048375585491838,0.3666715031353564,0.3429554730248039
MO,0.2475573586411388,0.2855889234675203,0.3023108714412356,0.2667616377520981,0.2857791136267634,0.2446443442883021,0.2225506215983013,0.2881766161251868,0.2025078464861542,0.2852779752781832,0.0571285559047169,0.2444167956917557,0.1423113157315144,0.2601782409933801,0.2314301467049673,0.2274415801225071,0.231172297448253,0.2289624611837024,0.3018752710972369,0.2316440345949453,0.2372258153520189,0.2284491106515835,0.1989901930147327,0.2037506144472035,0.2617755622354955,0.2422520537854252,0.3561125383929734,0.0,0.2500442194899005,0.1488035638533381,0.2451815691051626,0.2670138543670866,0.2306327707943454,0.2700363248130142,0.231221958387949,0.2329416945315018,0.2586615214024295,0.1343414826711332,0.179675924687482,0.2707458708607209,0.5340781953869542,0.2211578306723884,0.0814988041874237,0.2311822575236689,0.1885584579853413,0.2910163949935711
MV,0.1846046979569996,0.2367673721917365,0.211681348543794,0.1962813171471334,0.165119821068976,0.1675692358079648,0.1714645772394983,0.2094321983161149,0.1535904568862044,0.1755268452028835,0.2471137226015001,0.2049260410432244,0.1676285084028428,0.1808442317740496,0.2631385641279653,0.2598429447098987,0.2662235424131322,0.2214664882161342,0.2404420578508318,0.3295060531158439,0.1734562341593674,0.2164000025643399,0.2416052243575599,0.1746192802308315,0.1737330595251137,0.1887099631101174,0.2640060848162154,0.2500442194899005,0.0,0.1948611943057978,0.1596196897536521,0.1959864667409082,0.1611773314796536,0.1476681002261024,0.2303625455834312,0.1623093553375685,0.2053452825965365,0.1342827509025109,0.2786286441105354,0.2194908812432081,0.550322261446502,0.189601219499971,0.2613879586669039,0.218647563212707,0.2728672262323867,0.2710287837389857
MY,0.2091427832828098,0.2230427140461384,0.2912222492017753,0.2558407885893649,0.1953848694392043,0.2011973116734655,0.1013109033327398,0.2609290468925893,0.1958243927551711,0.2791454166949698,0.150040119942389,0.150180586472109,0.1434255970523557,0.2100360254735176,0.2010020292707149,0.2060790523394371,0.230135302635956,0.2381915796000007,0.2641306253483172,0.2638576858579308,0.1847265338109605,0.2267196928887724,0.1648082219693969,0.1783857022269414,0.2174002589216738,0.2016163003755979,0.3341334909350254,0.1488035638533381,0.1948611943057978,0.0,0.2074020038948109,0.2135407004810732,0.2012245130365727,0.1831831787403277,0.1960139440928802,0.1931910668438732,0.212346193180269,0.1153352022106631,0.1502457758707835,0.2647131136265014,0.5265353977011096,0.1846881626471148,0.1434467601966853,0.2350062158845478,0.1796572816565153,0.2462032559736425
NP,0.1509355185420816,0.1618798688762661,0.1248416991820933,0.1678254656347523,0.0939077750683221,0.1389982466003764,0.1985646314729447,0.0974515819316055,0.0681169071402038,0.1544806765490973,0.2296016095140702,0.1467153504874359,0.1589948725630774,0.0781134025898614,0.2493081671272312,0.284304563863471,0.176699842082681,0.1594908295004516,0.1735353386692864,0.2873467163491809,0.1413854370529225,0.1499335460192726,0.2134240838200118,0.1694142335148523,0.1309750973429456,0.1380296701214171,0.2142933745692956,0.2451815691051626,0.1596196897536521,0.2074020038948109,0.0,0.1398522338859522,0.1149231461391916,0.0999980139985839,0.2302365792399638,0.12824608745465,0.1589615750008302,0.1271582645557099,0.2918118784179881,0.1573378118831034,0.5358210463344426,0.1395002740863946,0.2433848013951256,0.190661322167265,0.2421767994534737,0.2152559363412787
OM,0.0735907594652984,0.1875386027235294,0.1863149567031233,0.1643310555544865,0.1272038038265369,0.0516861417799416,0.1792129015933952,0.2052729323270421,0.1127147278254377,0.2043678834245945,0.2770745615004162,0.1498618708905666,0.1664150968776165,0.1333199404867577,0.2028374458572851,0.2274982126066066,0.182289041905346,0.2010097022825862,0.2381057631374096,0.3026307984937334,0.0545510253195608,0.1785569834018288,0.2444829959156206,0.1348252098579843,0.1807150977040317,0.1786961576248378,0.2712663788867572,0.2670138543670866,0.1959864667409082,0.2135407004810732,0.1398522338859522,0.0,0.1650854350367363,0.1261762046747458,0.189728730730992,0.0617316178915633,0.0664510651601777,0.1436734186725934,0.3260653438882869,0.1845586814112383,0.5382089878961467,0.1456867099173332,0.3066436397402209,0.2035421687593399,0.3182311017249019,0.1798160881812626
PH,0.1528011318602549,0.208247101609699,0.1650779050631654,0.1567436295301882,0.166162402650873,0.1495794499707866,0.1765403845926215,0.15798081333737,0.0916727372984511,0.1515797964709988,0.2037047628480507,0.1477527812239932,0.1513466642351411,0.1241993535713975,0.2548941134055609,0.2828793355600505,0.1783311294530942,0.1643953044461529,0.1955387642471869,0.2626854373116365,0.1384583261315956,0.1596581479422373,0.2011933273088301,0.1633079284411088,0.163522248035103,0.1559049753164612,0.227098880714591,0.2306327707943454,0.1611773314796536,0.2012245130365727,0.1149231461391916,0.1650854350367363,0.0,0.1386567025926561,0.2442273349331509,0.1416541255374528,0.1547482063298976,0.1105940848720938,0.262483931943928,0.169695691176456,0.505158205703885,0.1514854324982633,0.2343777082971194,0.1683803652180981,0.2436247269928303,0.2472528672075276
PK,0.1392339789803538,0.1641134899836307,0.1685431635242473,0.1832722889528149,0.0632263118140814,0.1177554815332829,0.1493029286752603,0.1703395291001274,0.1034454689844311,0.172260160536342,0.2581077378394619,0.1353494019612034,0.1656840954666436,0.0992828585808422,0.2318390177909821,0.2452032659703671,0.2168965092203787,0.2037810285320774,0.2033238746841278,0.3088963698766035,0.1193109689154153,0.1931234287184733,0.2339581984768761,0.1560208323961589,0.1415409801769935,0.1537246482941832,0.2351631268125372,0.2700363248130142,0.1476681002261024,0.1831831787403277,0.0999980139985839,0.1261762046747458,0.1386567025926561,0.0,0.1911490166594727,0.1170719993175906,0.135262394388829,0.1400394212502935,0.2912156824170446,0.1923039378619235,0.5337654206865977,0.1472454472983804,0.2671297959267518,0.1985603708707911,0.2634849386956818,0.210636706515076
PS,0.1840890214541013,0.2121896998447474,0.263285779047253,0.2172165631771659,0.2101464924380821,0.1720881276991512,0.2036957225397708,0.2783262629511973,0.2144507938337524,0.266000121345388,0.2391086169851122,0.2103421489984799,0.1156621496083217,0.2386562764713687,0.1191734128533665,0.1170591307819829,0.2923027185372469,0.2251799327874416,0.3025667772482233,0.3304380352963154,0.1472533542534931,0.2292150935066149,0.2670505449761711,0.1128737492980096,0.2368096762506898,0.2542655397051689,0.3269986254183803,0.231221958387949,0.2303625455834312,0.1960139440928802,0.2302365792399638,0.189728730730992,0.2442273349331509,0.1911490166594727,0.0,0.1592425295124633,0.1587247760748291,0.193769353334885,0.2874287948122991,0.2337987304956282,0.5452361161961752,0.1947687187017218,0.2481256393115909,0.2198826925566486,0.2688398439259134,0.1633432058695703
QA,0.0608307588039103,0.1687775411285068,0.1768536040427597,0.1541921072727141,0.1301287453305877,0.0421000679769814,0.1475401643899654,0.1906362205222176,0.1136393691591176,0.1822130747936743,0.2284729885622112,0.1655636864233314,0.127985173944105,0.1372316890933786,0.1782968518292612,0.1828583515692208,0.2094313309087487,0.1796263377744955,0.2119845260946875,0.2943805371035488,0.051191397698604,0.1747207027819156,0.2245499740078247,0.1060739879263221,0.1540185755747556,0.1690892132873216,0.2516659844914293,0.2329416945315018,0.1623093553375685,0.1931910668438732,0.12824608745465,0.0617316178915633,0.1416541255374528,0.1170719993175906,0.1592425295124633,0.0,0.076436749854197,0.1138209618260426,0.2861535891590893,0.1559102426032665,0.5203059960092109,0.1444421453464608,0.2561129907449081,0.1828207457354128,0.2726655269132531,0.174459666894049
SA,0.1027937073632399,0.1671533234054529,0.1871113222712233,0.1614345766939942,0.1434591585043063,0.0710299977460139,0.1692065960381761,0.204090960947599,0.1165654516452702,0.2104385590538341,0.2515358366383494,0.1438589397450338,0.1433075051141705,0.1428805944618087,0.1774295888322625,0.1989043095033495,0.1862833510873175,0.1869998245061752,0.2304718379655979,0.2910251526249234,0.0565650309340578,0.169055485540866,0.2435077140113254,0.1193488626661167,0.1862475939724207,0.1765423662381942,0.26507286388495,0.2586615214024295,0.2053452825965365,0.212346193180269,0.1589615750008302,0.0664510651601777,0.1547482063298976,0.135262394388829,0.1587247760748291,0.076436749854197,0.0,0.1367682597153398,0.3082628012317788,0.1829619172744234,0.5175326059261984,0.1502553143870446,0.2825652264718885,0.1769999904966542,0.2866887287970368,0.1347022048383205
SG,0.1278831295728354,0.2007587795052356,0.1697251453558996,0.1498273293084304,0.1529611954080401,0.1173515408747342,0.1137588151179815,0.1587618994147224,0.0861834769551819,0.1540211628711002,0.1170994582076802,0.1338455383107704,0.0881019987559953,0.1323450297540798,0.2069920828780909,0.2084020247695336,0.1480912902137312,0.1383385613230314,0.2090519476707397,0.2223218742790128,0.1183512720696918,0.1338601289935409,0.1654250194222832,0.1234616162924998,0.1583246245179618,0.1431720227036911,0.2477841303294786,0.1343414826711332,0.1342827509025109,0.1153352022106631,0.1271582645557099,0.1436734186725934,0.1105940848720938,0.1400394212502935,0.193769353334885,0.1138209618260426,0.1367682597153398,0.0,0.2032982714092579,0.1491608853995318,0.5002611802487528,0.1302054912370548,0.1505926164443886,0.1371147437207679,0.2150540625438675,0.2299479650534681
TH,0.2921490066479204,0.3055957590909161,0.3678274367314985,0.3238672443208955,0.2986204349417124,0.2890933281614115,0.2083964134428888,0.3532069123568774,0.2749099734136432,0.3453848169773854,0.1685140315577897,0.2416390873086397,0.1995438974656862,0.298035298964709,0.2695600909780777,0.2655924294361056,0.2961448969520079,0.2975091329881613,0.2950147341847033,0.2866254039895048,0.2793455231175071,0.2864408531762739,0.1233123372457718,0.2477040750585093,0.2740908851665314,0.2365388042851252,0.3779039605061782,0.179675924687482,0.2786286441105354,0.1502457758707835,0.2918118784179881,0.3260653438882869,0.262483931943928,0.2912156824170446,0.2874287948122991,0.2861535891590893,0.3082628012317788,0.2032982714092579,0.0,0.3384800032200483,0.5623478069368562,0.2478977614697481,0.1642166527012881,0.2851779057825381,0.1673644095826263,0.3437787298180422
TJ,0.164995091656158,0.2118001287669042,0.1719238595735984,0.1388363211765836,0.2182939036447185,0.1634610990533234,0.2272923156045762,0.1695564533899245,0.1365548013227436,0.1862069848830528,0.242065399912237,0.2004548630486633,0.1562361545488004,0.1686470048875226,0.2399373623498546,0.2797962212315779,0.2283835578856687,0.0886670465361397,0.2661740928328888,0.2982193303527765,0.1556016672956641,0.1001967059269636,0.2687644620176035,0.1703084813480334,0.2173235710765193,0.2340746267913307,0.2849142663320489,0.2707458708607209,0.2194908812432081,0.2647131136265014,0.1573378118831034,0.1845586814112383,0.169695691176456,0.1923039378619235,0.2337987304956282,0.1559102426032665,0.1829619172744234,0.1491608853995318,0.3384800032200483,0.0,0.5251424877192816,0.1691576340065397,0.2738167350385933,0.0966950803048036,0.3144248430952499,0.2472836173787652
TM,0.5304809264715142,0.5460059175783987,0.5619445759983352,0.5239709853335555,0.5605779364338417,0.5224850950912308,0.5049135979630806,0.5407491105653179,0.5173256559954242,0.5503201532406263,0.5225500650382714,0.5129923514868954,0.5008839318834338,0.5313186192832479,0.5516175664252707,0.5451266052141481,0.5383498376484324,0.4973956658093803,0.5576104911295785,0.5649057366586121,0.5024620807059048,0.510354221854389,0.5536965519514896,0.5167536327864901,0.5463332651661665,0.5498917826131866,0.5911327743883074,0.5340781953869542,0.550322261446502,0.5265353977011096,0.5358210463344426,0.5382089878961467,0.505158205703885,0.5337654206865977,0.5452361161961752,0.5203059960092109,0.5175326059261984,0.5002611802487528,0.5623478069368562,0.5251424877192816,0.0,0.5235451994497236,0.528220580247531,0.516201389323993,0.5543208560593471,0.5537996150500248
TR,0.1635127998178487,0.2062114413852134,0.1390024738774854,0.0972646530648068,0.1507587059689221,0.1427681475620318,0.1731435980128025,0.1932647350280306,0.0975325967421909,0.1517830371090894,0.2252181294830163,0.1364159046482422,0.1234603953485149,0.1394110176980777,0.2198164140678785,0.2375690752411331,0.1621990294746332,0.1522102973793015,0.226548298730229,0.2300293753956264,0.134864825033625,0.1229763257413579,0.1944158400059495,0.1370123639759988,0.1685204081312636,0.1606447548025936,0.2302178746488362,0.2211578306723884,0.189601219499971,0.1846881626471148,0.1395002740863946,0.1456867099173332,0.1514854324982633,0.1472454472983804,0.1947687187017218,0.1444421453464608,0.1502553143870446,0.1302054912370548,0.2478977614697481,0.1691576340065397,0.5235451994497236,0.0,0.2248090504109525,0.150402321961859,0.2431746988829852,0.209976893172512
TW,0.2695450276102327,0.2663836475956236,0.3237309057691383,0.2932217677501972,0.2957112941302957,0.2636687202170419,0.2220564193296061,0.2735819363901564,0.2138865376358412,0.3003889011409575,0.0597473288071022,0.2408958081557877,0.144268347967117,0.2488470314653184,0.2384155582932738,0.2341239502462752,0.2260200387054218,0.2326519171939816,0.315600038206849,0.2032969394361001,0.2548656752915529,0.2376728982289049,0.2075635583348607,0.2121589360101611,0.2737672993398814,0.2615729015300829,0.3680788425984884,0.0814988041874237,0.2613879586669039,0.1434467601966853,0.2433848013951256,0.3066436397402209,0.2343777082971194,0.2671297959267518,0.2481256393115909,0.2561129907449081,0.2825652264718885,0.1505926164443886,0.1642166527012881,0.2738167350385933,0.528220580247531,0.2248090504109525,0.0,0.2338712496087303,0.1539724973367493,0.285487235597643
UZ,0.1890032393852938,0.2374739493922747,0.1705004441979112,0.1221240067705369,0.2307912964243802,0.1788287382389353,0.2138885351368928,0.2163865554681253,0.1480691102433536,0.1882247515963304,0.2076081361452647,0.1827736949018883,0.137989865614063,0.1769703216119985,0.2230114162553924,0.2523510544728595,0.2029930859950965,0.0766474837822711,0.2783403250890892,0.2717710530261961,0.1690552537765685,0.0797523328852058,0.2442999995810493,0.1583188096282354,0.2157628089731957,0.2132770396134676,0.3048375585491838,0.2311822575236689,0.218647563212707,0.2350062158845478,0.190661322167265,0.2035421687593399,0.1683803652180981,0.1985603708707911,0.2198826925566486,0.1828207457354128,0.1769999904966542,0.1371147437207679,0.2851779057825381,0.0966950803048036,0.516201389323993,0.150402321961859,0.2338712496087303,0.0,0.2751474131548355,0.238097142614555
VN,0.2827860647316141,0.2490854704108888,0.3271901992723646,0.3171008037051888,0.276146989477678,0.2783256201710442,0.235895014189299,0.3133363267017954,0.2381659982368191,0.3296699602045841,0.1669220487927536,0.2505269727075931,0.203495081827196,0.2678120529736938,0.2423387450850191,0.2619475858017588,0.2776757889412788,0.2795175040860918,0.288721177024443,0.2566981728103071,0.2679867526803019,0.2834536963200457,0.19931288857843,0.2514618469215419,0.2728100338561985,0.2460784283259315,0.3666715031353564,0.1885584579853413,0.2728672262323867,0.1796572816565153,0.2421767994534737,0.3182311017249019,0.2436247269928303,0.2634849386956818,0.2688398439259134,0.2726655269132531,0.2866887287970368,0.2150540625438675,0.1673644095826263,0.3144248430952499,0.5543208560593471,0.2431746988829852,0.1539724973367493,0.2751474131548355,0.0,0.293947561110022
YE,0.22081763731964,0.1564800856516182,0.2584016100656393,0.2409759943724243,0.2138845444274932,0.1813071453850523,0.2384379171125676,0.2497549302548055,0.1911726542426592,0.28962234141103,0.2800239773439146,0.2073653739977302,0.1933232209608339,0.2210820676991651,0.1495637015407694,0.2154956462660143,0.2620989431109917,0.2323671659499614,0.2979001048551417,0.3338224635965516,0.1665770685466064,0.2279298671869558,0.3015102943227301,0.1852777280250452,0.2585278536068784,0.26826828736232,0.3429554730248039,0.2910163949935711,0.2710287837389857,0.2462032559736425,0.2152559363412787,0.1798160881812626,0.2472528672075276,0.210636706515076,0.1633432058695703,0.174459666894049,0.1347022048383205,0.2299479650534681,0.3437787298180422,0.2472836173787652,0.5537996150500248,0.209976893172512,0.285487235597643,0.238097142614555,0.293947561110022,0.0
