ISO_CODE,AO,BF,BI,BJ,BW,CD,CF,CG,CI,CM,CV,DJ,DZ,EG,ER,ET,GA,GH,GM,GN,GQ,GW,KE,KM,LR,LS,LY,MA,MG,ML,MR,MU,MW,MZ,NA,NE,NG,RE,RW,SC,SL,SN,SO,SS,ST,SZ,TD,TG,TN,TZ,UG,YT,ZA,ZM,ZW
AO,0.0,0.2987987062273985,0.1519641142525847,0.14738452814961,0.1815727080144321,0.1322812951387437,0.163824693592141,0.1340936191171727,0.1779780617425579,0.1601485909911468,0.1314935686273364,0.1664537128041505,0.1927025861176,0.2456099077709685,0.5079794784602164,0.159820187931191,0.1469140821495771,0.1833254309789581,0.1799182572772619,0.1589778251850253,0.3907175282567746,0.1716757515172411,0.1911135254160261,0.2148284471133646,0.1529686193383967,0.229447481445757,0.2894558553810811,0.2080897493942614,0.1738918921201484,0.1592481955874815,0.2314724114491596,0.2432809577606814,0.1936555443904801,0.1107984233567502,0.2231393961863752,0.1776667446003355,0.1761957827692748,0.2283505730495628,0.1589632880135906,0.2232779751144916,0.2258560348754024,0.1701929543963863,0.192398236918371,0.2028257774681798,0.1980865388996667,0.1696386142635823,0.1941161106832499,0.128029600467058,0.1882307701682876,0.2322955031499478,0.1622291324667498,0.2511924836248164,0.1475356608541455,0.1753927052509297,0.2007702567092718
BF,0.2987987062273985,0.0,0.2350365621097642,0.1443388266183487,0.2658946820276605,0.2092923143500704,0.2326432922162561,0.2291989412551404,0.1533739050221007,0.2121631461899056,0.2932506568018674,0.2567952638342504,0.2365451351098226,0.2823664042624979,0.542214676822693,0.2502310202066438,0.2183553705164259,0.222043138099118,0.2483978661301208,0.1899628591974955,0.3862309729670473,0.2786822930919848,0.229286958776383,0.3026990323935455,0.2686483137472903,0.2739882989399349,0.2642561778467921,0.2684315058580211,0.2218016286182433,0.1563246570633464,0.2560464956723726,0.3009843778877981,0.2922667757354491,0.2378335906412259,0.2578984719495796,0.1635754191353891,0.2236838217643445,0.3162775019128376,0.2422352678876514,0.303032466625477,0.2938159312430534,0.1954068044453449,0.2662403215214426,0.2404400828560173,0.3549925794033678,0.2640883986945774,0.2821937881619717,0.2015073112416161,0.2679294679047872,0.2332105994640199,0.2257861799166214,0.2937552134584593,0.2449199395109723,0.2307407639133305,0.2352653926845138
BI,0.1519641142525847,0.2350365621097642,0.0,0.0801504677781868,0.1848395652362199,0.0725969850218573,0.0854696039792837,0.115926118687652,0.1302188677189334,0.0837673662691279,0.1769673755623964,0.1204089786006461,0.1834418332600069,0.2552739224306845,0.4693813751696718,0.0709289202234647,0.1376494751213878,0.1197895723471703,0.1006561906661878,0.0639884155254905,0.3767646255736647,0.1194395954586419,0.1381247703600598,0.1443501010769218,0.0827652233398369,0.1900492520056655,0.2713692856555432,0.1829442845257489,0.1412033936989224,0.0955682191936617,0.1520493692764446,0.2737415860579865,0.1519441220077119,0.1278648263475026,0.1950442378002367,0.0718288520993172,0.089461202846796,0.2903337422187818,0.0671121313748113,0.2214879394497038,0.156137256774243,0.1102310704590885,0.1088770648948573,0.1043964259273241,0.2018250416041176,0.1479234977408715,0.1431984867116653,0.0852617164797265,0.2213363461605425,0.1272962945622938,0.1016244830183898,0.2609306665488614,0.1346056559990406,0.1286778986140206,0.1240599588109384
BJ,0.14738452814961,0.1443388266183487,0.0801504677781868,0.0,0.174446300083493,0.0644104598248347,0.1034193812999549,0.1018445964423359,0.0635274540455375,0.0654969860185419,0.1791485345560576,0.1427780013745772,0.1578598557354408,0.2202320858179044,0.4815411352476098,0.1048877262209252,0.1068836621155281,0.1035151458391363,0.1122354272958062,0.0588764455482919,0.3528988847107202,0.1501639211152304,0.1196342376303332,0.1730107219276133,0.1077507729710178,0.1734146164548868,0.2327406970115813,0.168319909051904,0.1284888961014082,0.0711441876989338,0.1587111146052668,0.2332679116013846,0.1539925383738684,0.1308900119436584,0.1909088595783454,0.0587451188641149,0.0820262829091262,0.2528882804883976,0.0951760105439895,0.2168282249825515,0.1699857871017066,0.0769147250738299,0.1389205453663319,0.1186363903884596,0.2277253830121477,0.1454988928313927,0.139090854557196,0.0590632189516546,0.1839436710965516,0.1283356895973221,0.0989248687486881,0.2379919492348984,0.1270200953069726,0.1049318075600396,0.1145519435992769
BW,0.1815727080144321,0.2658946820276605,0.1848395652362199,0.174446300083493,0.0,0.1738380940731821,0.1701619230670085,0.1622728246113077,0.2017554747203171,0.1873622331827834,0.1923788390879064,0.2041744781943382,0.1994049938090203,0.2203299715169683,0.4564859183281403,0.1511323517456506,0.1657459600367785,0.1381025787458741,0.1505356678287063,0.1920973252495394,0.3759089991537268,0.2167278042388436,0.1312233736282022,0.2419221122747661,0.1524156746600016,0.1114313104823301,0.2415350778554245,0.1999680491362565,0.129685785669017,0.1880509723714004,0.2146877031470162,0.1834416173016786,0.1906757457372194,0.1160500022207103,0.120262909095081,0.2099030798673873,0.1483976952840836,0.2226152136205565,0.1535278335415679,0.1888999574672846,0.1354712774127709,0.207188084514011,0.164541589142487,0.1590561388196565,0.2638426220144811,0.1004090618293065,0.2765669550497392,0.1450114337985525,0.168200278028052,0.1653977579662356,0.1087823241598374,0.2766076872991795,0.0982222826827011,0.1110972435970265,0.1272989036589574
CD,0.1322812951387437,0.2092923143500704,0.0725969850218573,0.0644104598248347,0.1738380940731821,0.0,0.0879737652449477,0.0679944379157905,0.0969576903804451,0.0713429159493821,0.1708434141831485,0.119974353057461,0.1742510916043359,0.2407618649429976,0.4781855068766404,0.0730528625674427,0.1047378272010377,0.1126916900900091,0.1017639609465518,0.0618102489175144,0.3513859049654068,0.1399390355198131,0.1236510742982439,0.1492041366140347,0.097721777168083,0.175654687312923,0.2516198819624754,0.1801625406369842,0.1388569524891771,0.0784517607428942,0.1461077474668297,0.261373597508405,0.1403530886061615,0.1143006132919408,0.1976593598896875,0.0711943668697775,0.0843835557663591,0.2775476335403402,0.084842599997201,0.2075488136981123,0.1678916619759662,0.1001659137400751,0.1220368953754773,0.1121605971020633,0.2195393042733862,0.1333969161859945,0.1039640604913303,0.063853214146933,0.2007792911488445,0.1356882971720739,0.0996277124981904,0.2470862159245935,0.1284908398936879,0.1159298023659323,0.1040669260518674
CF,0.163824693592141,0.2326432922162561,0.0854696039792837,0.1034193812999549,0.1701619230670085,0.0879737652449477,0.0,0.0965599962530888,0.1432163071091906,0.1028404767457772,0.179440668305908,0.1201070549558308,0.1777237217924111,0.2400437162020328,0.4627096480867226,0.0990666771021266,0.1225722181217734,0.1358459996228362,0.1077302064412042,0.101778374062088,0.3525268265484713,0.1202170190414616,0.1551771563767126,0.1515856727255038,0.1037997448442485,0.1802103821530607,0.2489751625211682,0.1873561677948475,0.1437639600762525,0.1244107293357442,0.1481748568222229,0.2516260270673183,0.1724166346079341,0.1396014052507862,0.1995701640150502,0.1129097394837078,0.1155176867185987,0.2656482913912948,0.1080349656447769,0.1999576612666143,0.1548107169428525,0.1442308591913585,0.1269407641853838,0.1168843392810075,0.1827209260590736,0.1351411139037956,0.1484343778233268,0.0823504672717468,0.203764164397342,0.1615921835285801,0.1222158502441073,0.2475806053896612,0.1377972581223743,0.1455929162309986,0.1376711423369104
CG,0.1340936191171727,0.2291989412551404,0.115926118687652,0.1018445964423359,0.1622728246113077,0.0679944379157905,0.0965599962530888,0.0,0.1130011574368646,0.0908122192342292,0.1431758574961322,0.1153761345914751,0.1556604313470982,0.2016460459396953,0.4879513408718422,0.101066451515194,0.0724439702339306,0.1421335908170441,0.1074426894000846,0.1019931679636068,0.358249844491241,0.1515135222864354,0.1629372984721676,0.1587577895027094,0.0986706959197224,0.1800644465353333,0.2178332755517709,0.1699532344171503,0.118543198746962,0.1120002327264332,0.1478879635987402,0.2212755912128589,0.1966537381029468,0.1141807256596604,0.1892497849071481,0.1247084750873238,0.1157612889481111,0.2206938758334912,0.1250465160928964,0.1769445461947429,0.1624642395760922,0.1223475797448416,0.1290369876619169,0.1546943041528494,0.2045901809281568,0.1348588434306912,0.1618051413714178,0.0534629639310363,0.1651468155021302,0.1919353691867016,0.1228830206258995,0.2236781949442452,0.1306111996365956,0.1474959493050236,0.16782996702379
CI,0.1779780617425579,0.1533739050221007,0.1302188677189334,0.0635274540455375,0.2017554747203171,0.0969576903804451,0.1432163071091906,0.1130011574368646,0.0,0.074825388929036,0.1867359693356951,0.164693574674519,0.1650590675440636,0.1905163170761911,0.4938212802252516,0.1539081081566592,0.1103665091433268,0.1443498823624562,0.1580436530507987,0.0844661922672029,0.360262218404584,0.1819842495770756,0.1428194952605379,0.2015157948255285,0.1500592621382993,0.2140689765392722,0.2132296595068222,0.1828067715979336,0.1380828012734778,0.0869467732715428,0.1760015866273356,0.2113561815689865,0.2176047990011008,0.1426527388915549,0.2010525957617346,0.0983187923376012,0.1181594272698804,0.2325598843638356,0.1496165372140355,0.200419531425759,0.2231214679807804,0.0780652512820614,0.1706975133205306,0.172576000389323,0.2543207411462963,0.1772819747265621,0.1894464769715104,0.0953279531783253,0.168170078206627,0.1750467790664107,0.1383630283164258,0.2263122632840479,0.1407633279762485,0.1455744840235618,0.1651041448672805
CM,0.1601485909911468,0.2121631461899056,0.0837673662691279,0.0654969860185419,0.1873622331827834,0.0713429159493821,0.1028404767457772,0.0908122192342292,0.074825388929036,0.0,0.1776921448725055,0.1378625618631357,0.1694906062954746,0.2194755563659509,0.4696522864111483,0.0942836291040565,0.0998064073450115,0.1042502219165503,0.1034042473613408,0.0598213664695983,0.3574246667030332,0.1531783151142459,0.1226893466749277,0.1637796418251649,0.1075361704808749,0.1804038981693935,0.2284344362038717,0.1735993010325314,0.1260809275404544,0.0882960541194856,0.1558404219415881,0.2540748897028015,0.1701807366381896,0.1328548948328253,0.2063300165421918,0.0821785043718172,0.0770482302796837,0.2655786772529293,0.0905126383255059,0.2022047593583217,0.1582044047263369,0.0763258984194154,0.1292520410191424,0.1156135680673708,0.2191098471610562,0.1393125037928665,0.1508905243996978,0.0710104302052903,0.1937681060238866,0.1332209774982632,0.1036001864659136,0.2492220824354889,0.1316266632755776,0.1192965146445689,0.1278003476764795
CV,0.1314935686273364,0.2932506568018674,0.1769673755623964,0.1791485345560576,0.1923788390879064,0.1708434141831485,0.179440668305908,0.1431758574961322,0.1867359693356951,0.1776921448725055,0.0,0.1765726851763521,0.1946417495824642,0.2189691869026345,0.4998169224246094,0.1763818265840077,0.1395495926355239,0.2105221852708316,0.172473802631118,0.1852496506088499,0.4000459269210608,0.1813321575976707,0.2151405434921564,0.227751957903649,0.1516094713397541,0.2387235102061427,0.2649936064432768,0.1814427602382964,0.1569883878036883,0.1850797917193766,0.2170997645256066,0.2084960231275542,0.2443948363582578,0.1408639903918368,0.2188386237529485,0.2176964005312813,0.2017029090222692,0.1975484850010228,0.1730265497934188,0.1906175394660462,0.2168883950529875,0.1906952677340991,0.1897667376536941,0.2203528921412603,0.1980088610443875,0.1876580185639079,0.245664292956191,0.1397827974607587,0.1771362225741954,0.2522527939526139,0.1737141536569353,0.2589917731058423,0.1499632209675029,0.2079615966904181,0.2354347849562659
DJ,0.1664537128041505,0.2567952638342504,0.1204089786006461,0.1427780013745772,0.2041744781943382,0.119974353057461,0.1201070549558308,0.1153761345914751,0.164693574674519,0.1378625618631357,0.1765726851763521,0.0,0.1555325293619106,0.2037250023767655,0.4663538668054049,0.1155535348153453,0.1380052474958623,0.1869282912506824,0.1291091652039588,0.1190130698528386,0.3668448828314176,0.1503566646150338,0.1765719352556314,0.1204211871277736,0.141253603939892,0.2231425596852867,0.2257939962148705,0.1578517321216849,0.1454790333303242,0.1307275239302784,0.1369510254354033,0.2211790606417768,0.2094797271775876,0.1490539373950719,0.214143889936164,0.1295675130653319,0.162491980445909,0.2309123841035304,0.1430601442532726,0.188011632841186,0.2157872465481987,0.1540150900093428,0.1140540970684969,0.1638909116745224,0.2137774177157508,0.1666493162543914,0.1438573449638724,0.1170898443096238,0.1771546607122479,0.1970373791791542,0.1644436764827089,0.1962299414291577,0.1509977473647581,0.1810978240021958,0.1881655204307594
DZ,0.1927025861176,0.2365451351098226,0.1834418332600069,0.1578598557354408,0.1994049938090203,0.1742510916043359,0.1777237217924111,0.1556604313470982,0.1650590675440636,0.1694906062954746,0.1946417495824642,0.1555325293619106,0.0,0.1071625644507833,0.4806486968504442,0.1684977720256431,0.152659397465343,0.190772839877906,0.1749208796024647,0.1692493653012869,0.4209319515587738,0.2245722325421814,0.1852603143997826,0.2260456766946428,0.1646240242327425,0.2303742434449874,0.1323511004602284,0.1120256489607406,0.1690051235716909,0.1669604665124527,0.1388328085067518,0.2045726065232748,0.2584531189007522,0.1533508630080732,0.211372441707514,0.1859171022113498,0.1833201461223885,0.221677061341353,0.1827084656526209,0.21327808644763,0.2313560645897134,0.1660164624865358,0.1436934996858626,0.1941755530680329,0.2749056545058544,0.1902188555992515,0.236449644688644,0.1555156281181535,0.1023914665630374,0.2150048764709651,0.172865961661115,0.2629239094321778,0.1558575192342426,0.2014619106762083,0.2152443952696522
EG,0.2456099077709685,0.2823664042624979,0.2552739224306845,0.2202320858179044,0.2203299715169683,0.2407618649429976,0.2400437162020328,0.2016460459396953,0.1905163170761911,0.2194755563659509,0.2189691869026345,0.2037250023767655,0.1071625644507833,0.0,0.5046549500481767,0.2290730925854048,0.1828411277548565,0.2414162137956104,0.2376871610509543,0.2249430716534629,0.4280935367920078,0.270311817103857,0.22244913161069,0.2844694898880062,0.2329966695017619,0.2869701844223314,0.1089473760721233,0.1430893980549582,0.1952075135945931,0.2175706075563402,0.1824564478120575,0.1806566784185981,0.3152209506201169,0.1899614547393798,0.2409373332184723,0.2553312757182649,0.2417243303466987,0.2107233747556868,0.2504463406435644,0.2218265259171565,0.2817017908532503,0.2089237922752692,0.207682899020406,0.2621669922498142,0.3007553621422629,0.2351824425693871,0.3037988349094733,0.2018854500908774,0.0919398776924894,0.2705764563448983,0.2180400338019524,0.2758094617666713,0.178697137607107,0.2505239578540766,0.2779599879468525
ER,0.5079794784602164,0.542214676822693,0.4693813751696718,0.4815411352476098,0.4564859183281403,0.4781855068766404,0.4627096480867226,0.4879513408718422,0.4938212802252516,0.4696522864111483,0.4998169224246094,0.4663538668054049,0.4806486968504442,0.5046549500481767,0.0,0.4386970380268841,0.5004502289359449,0.4350714653415199,0.454524215008447,0.4899633259034412,0.5660040770212624,0.481989472812341,0.4509726121427574,0.4962622833348413,0.4820192437367478,0.4764341439172105,0.51333852485226,0.4735708307076284,0.428597657901981,0.4770384011199889,0.4980202379980041,0.5057354503018545,0.4818910615972746,0.4644430785555468,0.4810771999598534,0.4824863125484371,0.4510122889759484,0.5269702386922294,0.4605409300977054,0.4988204285764034,0.4412181353157558,0.4953859206190468,0.4622683431728169,0.4307882866667034,0.5015498440790533,0.4516557372129881,0.5198989916537096,0.4604203896096402,0.4825433876938986,0.4360797517772771,0.4302657370588419,0.5406563828144054,0.4458706121664164,0.4579860251403497,0.4510505191366788
ET,0.159820187931191,0.2502310202066438,0.0709289202234647,0.1048877262209252,0.1511323517456506,0.0730528625674427,0.0990666771021266,0.101066451515194,0.1539081081566592,0.0942836291040565,0.1763818265840077,0.1155535348153453,0.1684977720256431,0.2290730925854048,0.4386970380268841,0.0,0.1406725478548711,0.0871825018812227,0.0622885179246561,0.0955613351298286,0.3647604965418063,0.1439456852301764,0.1155297032418855,0.1493165916036497,0.0996567136779822,0.1528566081349938,0.2461961591218631,0.1761243491800885,0.1209549635959377,0.1072645725542512,0.1454606692765303,0.2593647918960994,0.1365577473758688,0.1222124824295307,0.200546824054818,0.0998995999416412,0.0681043217243524,0.2873210196633214,0.0556406991310649,0.2131767120338573,0.1108919936167742,0.1259319083194813,0.0876357173510465,0.0781004393879143,0.2205162570798385,0.1149587817355467,0.1335281800429094,0.0840417295602404,0.1964187431470176,0.1050658579247985,0.0769452916300724,0.2631131156770546,0.1206465249003493,0.1272143535365791,0.0972562495813536
GA,0.1469140821495771,0.2183553705164259,0.1376494751213878,0.1068836621155281,0.1657459600367785,0.1047378272010377,0.1225722181217734,0.0724439702339306,0.1103665091433268,0.0998064073450115,0.1395495926355239,0.1380052474958623,0.152659397465343,0.1828411277548565,0.5004502289359449,0.1406725478548711,0.0,0.1671859620272672,0.145907911507695,0.111606016655791,0.3687143348839913,0.1792624264380353,0.174812641927893,0.1919713473762473,0.1114825740051973,0.2081819529328419,0.2037031269339976,0.1588059683873344,0.1251502948378944,0.1225996290194351,0.1450407728563881,0.196922742677999,0.2247215263084701,0.1173351477923929,0.1884001291273159,0.1423569658885272,0.1439085463874915,0.1869250533521392,0.1381014910133872,0.1768119487740214,0.1878305960514769,0.1247511488565044,0.149246847475947,0.1861552104817361,0.214343787932699,0.1536896400764341,0.1984671760444525,0.075440012851582,0.1510373206778582,0.2131245390989397,0.1427702252540046,0.2225479641424981,0.1318717534509631,0.1603223494615421,0.1918811777499197
GH,0.1833254309789581,0.222043138099118,0.1197895723471703,0.1035151458391363,0.1381025787458741,0.1126916900900091,0.1358459996228362,0.1421335908170441,0.1443498823624562,0.1042502219165503,0.2105221852708316,0.1869282912506824,0.190772839877906,0.2414162137956104,0.4350714653415199,0.0871825018812227,0.1671859620272672,0.0,0.0867870503365584,0.1252927399503587,0.3793913754853282,0.1740906952152621,0.0929783728530152,0.2047773051464079,0.1276666023396413,0.1328207365547067,0.2366597293269556,0.1943713826727247,0.1225563188754246,0.1264134536184955,0.1826715638821828,0.2597772066505628,0.1431497156009896,0.1397164058884629,0.1968639873953136,0.1172666391421839,0.0428622699621665,0.3051475119652178,0.0931122654577397,0.2321162002428134,0.0892260173045882,0.1259950276111791,0.124783332517012,0.0681167788349059,0.2536797643402644,0.1134215584209441,0.2050286331206083,0.1109864159755656,0.1997184877773481,0.0832549139316634,0.0635788843448359,0.2842826804304903,0.1372045005156433,0.1021688770557595,0.0857806520635995
GM,0.1799182572772619,0.2483978661301208,0.1006561906661878,0.1122354272958062,0.1505356678287063,0.1017639609465518,0.1077302064412042,0.1074426894000846,0.1580436530507987,0.1034042473613408,0.172473802631118,0.1291091652039588,0.1749208796024647,0.2376871610509543,0.454524215008447,0.0622885179246561,0.145907911507695,0.0867870503365584,0.0,0.0983531853572162,0.3582037495261768,0.138711478085699,0.1265018844255035,0.159995405426249,0.1008201707338445,0.1373612595416518,0.2391838527578761,0.1776916677281819,0.1301351382016911,0.1223411319782864,0.1455524195767084,0.2549638117151321,0.1677623296529935,0.1422380306787808,0.1953414439889027,0.1093283570548161,0.0720041597275527,0.2799103133058291,0.0779121584944204,0.2057359390608301,0.1030809461668009,0.1217676307894873,0.1094612855463458,0.0760448099513222,0.2228942988601892,0.1148412749348993,0.1678634687643496,0.0928464208392153,0.1964486417855884,0.1124400095016493,0.0883071573416772,0.2585403801194219,0.1236768249850968,0.130636234383787,0.1088929173346465
GN,0.1589778251850253,0.1899628591974955,0.0639884155254905,0.0588764455482919,0.1920973252495394,0.0618102489175144,0.101778374062088,0.1019931679636068,0.0844661922672029,0.0598213664695983,0.1852496506088499,0.1190130698528386,0.1692493653012869,0.2249430716534629,0.4899633259034412,0.0955613351298286,0.111606016655791,0.1252927399503587,0.0983531853572162,0.0,0.3606179417507056,0.1369996283531069,0.138425446158073,0.1560203256075963,0.1137554578239389,0.1948725282413503,0.2321623111162603,0.1714013737717683,0.1444278485982575,0.0567414187599947,0.1350695633108114,0.2458494216222547,0.1829044363061547,0.1300078366707832,0.1958427470412459,0.0460757246164857,0.0951418053744526,0.2621016242136701,0.0947775775526432,0.2182123212235902,0.1805647478738434,0.0672804439754097,0.1298768774879933,0.1150253185016962,0.2316422336744447,0.1612835557136969,0.1294913278969361,0.0805560607214911,0.1908179790502655,0.1369245304402024,0.1158331641218984,0.2415392551022875,0.1347816884658192,0.1224681142521419,0.1326772028473525
GQ,0.3907175282567746,0.3862309729670473,0.3767646255736647,0.3528988847107202,0.3759089991537268,0.3513859049654068,0.3525268265484713,0.358249844491241,0.360262218404584,0.3574246667030332,0.4000459269210608,0.3668448828314176,0.4209319515587738,0.4280935367920078,0.5660040770212624,0.3647604965418063,0.3687143348839913,0.3793913754853282,0.3582037495261768,0.3606179417507056,0.0,0.3714522760013816,0.385357578918689,0.4035226644673645,0.3949879082676502,0.3962641119638721,0.4583088509135583,0.4140578005645615,0.3664541499184185,0.3599410931170897,0.4107087242037079,0.4382002569510114,0.4118353765178159,0.3748562249018542,0.3896089721197917,0.3659321324936282,0.3724700493453718,0.4342702185174794,0.3590245999904415,0.4084345403433851,0.3951992767158515,0.3832382577934017,0.4126759065247913,0.377743834232961,0.4342035587434921,0.3756976308018724,0.3821289219973,0.355422046534068,0.4052725536489544,0.3917555519584681,0.3695650622499454,0.4010010775418955,0.3496306472747206,0.3670888109206542,0.3789644314205556
GW,0.1716757515172411,0.2786822930919848,0.1194395954586419,0.1501639211152304,0.2167278042388436,0.1399390355198131,0.1202170190414616,0.1515135222864354,0.1819842495770756,0.1531783151142459,0.1813321575976707,0.1503566646150338,0.2245722325421814,0.270311817103857,0.481989472812341,0.1439456852301764,0.1792624264380353,0.1740906952152621,0.138711478085699,0.1369996283531069,0.3714522760013816,0.0,0.1890497767434762,0.1781908925044079,0.1499236885410866,0.2307279176482746,0.2902665487222255,0.2284897294955723,0.188028052792714,0.1596488885949045,0.1915230208078454,0.275439071148861,0.2131907898376684,0.1689812734788639,0.2349451698674092,0.1451169897423324,0.1588023974302375,0.2933948886511853,0.1481844591595071,0.225032836960856,0.2094847361975018,0.171808755517601,0.1733426943032878,0.1568618277326958,0.1725271823854542,0.1811590444823989,0.1832706296539142,0.1379006733003618,0.233699100306589,0.1951261885952893,0.1577780232938518,0.2647711999099987,0.1657203801041971,0.1834888691292059,0.1858242468113581
KE,0.1911135254160261,0.229286958776383,0.1381247703600598,0.1196342376303332,0.1312233736282022,0.1236510742982439,0.1551771563767126,0.1629372984721676,0.1428194952605379,0.1226893466749277,0.2151405434921564,0.1765719352556314,0.1852603143997826,0.22244913161069,0.4509726121427574,0.1155297032418855,0.174812641927893,0.0929783728530152,0.1265018844255035,0.138425446158073,0.385357578918689,0.1890497767434762,0.0,0.1977262592108064,0.1532415615917687,0.1639794839757893,0.2255938422623862,0.1830394575021807,0.1431839539597744,0.1372996424705921,0.1901937265889536,0.2060304871069184,0.1471899106492992,0.1322504593811897,0.1626572320160013,0.1343894908647297,0.0894059554822591,0.2599110184883668,0.1091565814726854,0.1999519804176609,0.1709934422522598,0.1403899310108814,0.1322153764870737,0.1212294867198838,0.2586517066619092,0.1272304338445874,0.2018237568810432,0.138845406208489,0.1769238558682305,0.096966333908164,0.0756432928014945,0.2526685937984635,0.1057743803989047,0.1029591524510087,0.0892333524947337
KM,0.2148284471133646,0.3026990323935455,0.1443501010769218,0.1730107219276133,0.2419221122747661,0.1492041366140347,0.1515856727255038,0.1587577895027094,0.2015157948255285,0.1637796418251649,0.227751957903649,0.1204211871277736,0.2260456766946428,0.2844694898880062,0.4962622833348413,0.1493165916036497,0.1919713473762473,0.2047773051464079,0.159995405426249,0.1560203256075963,0.4035226644673645,0.1781908925044079,0.1977262592108064,0.0,0.171624988670355,0.2517343145852823,0.3029630740008338,0.2328858832247103,0.1633014768563448,0.1847774763139934,0.2097205801836261,0.2473988984414838,0.2277212235070864,0.176250869446085,0.2570371450172316,0.171854930984432,0.1762462117562252,0.2576550064068955,0.1644121802194635,0.200348955678508,0.2466311436558212,0.1908653658841812,0.1207469786990054,0.1920198690790757,0.2368804893076844,0.2015353923155327,0.193675246676693,0.1531161123124041,0.2498516159551032,0.1929295776393845,0.1811605101298145,0.1892824506653249,0.1803869147647591,0.205725818546031,0.1972934063872633
LR,0.1529686193383967,0.2686483137472903,0.0827652233398369,0.1077507729710178,0.1524156746600016,0.097721777168083,0.1037997448442485,0.0986706959197224,0.1500592621382993,0.1075361704808749,0.1516094713397541,0.141253603939892,0.1646240242327425,0.2329966695017619,0.4820192437367478,0.0996567136779822,0.1114825740051973,0.1276666023396413,0.1008201707338445,0.1137554578239389,0.3949879082676502,0.1499236885410866,0.1532415615917687,0.171624988670355,0.0,0.165565636010303,0.2440175905913303,0.1776424531860689,0.1458727755050356,0.1444377933702988,0.1558554005185028,0.2521313221315737,0.1758678679059071,0.1201829943465573,0.1913368936715171,0.134219018020575,0.0957828289866705,0.2741486927456966,0.095506692985043,0.1919709806860119,0.130246330750358,0.153218208669846,0.1078191809466626,0.1327636222208884,0.2066377103209374,0.1143301248177171,0.1987646791402049,0.0766729816323177,0.2047430861150467,0.1700246886478217,0.1004788135021924,0.2804228131623059,0.1312772354315661,0.1387830110157286,0.1520358854627566
LS,0.229447481445757,0.2739882989399349,0.1900492520056655,0.1734146164548868,0.1114313104823301,0.175654687312923,0.1802103821530607,0.1800644465353333,0.2140689765392722,0.1804038981693935,0.2387235102061427,0.2231425596852867,0.2303742434449874,0.2869701844223314,0.4764341439172105,0.1528566081349938,0.2081819529328419,0.1328207365547067,0.1373612595416518,0.1948725282413503,0.3962641119638721,0.2307279176482746,0.1639794839757893,0.2517343145852823,0.165565636010303,0.0,0.2813812569996662,0.2463502618960584,0.1462108258769189,0.1976459870680278,0.2296862521577622,0.276184548505093,0.187771967565919,0.1435556841522455,0.1656492071490698,0.193039278515418,0.1366066889564163,0.2974186265939896,0.1392035933488966,0.2494354705763288,0.11402084202624,0.2168719757304422,0.1797756580550351,0.1249915677657571,0.2790286568707012,0.1030737357730888,0.2632405865175137,0.1551935671933696,0.24756097273315,0.1399998540678741,0.1263750138448691,0.3192222803682688,0.1401600659671346,0.1435242483038725,0.1128916589542338
LY,0.2894558553810811,0.2642561778467921,0.2713692856555432,0.2327406970115813,0.2415350778554245,0.2516198819624754,0.2489751625211682,0.2178332755517709,0.2132296595068222,0.2284344362038717,0.2649936064432768,0.2257939962148705,0.1323511004602284,0.1089473760721233,0.51333852485226,0.2461961591218631,0.2037031269339976,0.2366597293269556,0.2391838527578761,0.2321623111162603,0.4583088509135583,0.2902665487222255,0.2255938422623862,0.3029630740008338,0.2440175905913303,0.2813812569996662,0.0,0.1573910136034364,0.2094396473796808,0.2226356655467063,0.1777358544551784,0.2219206684865189,0.3314082710685377,0.2135497529562203,0.2545186745423369,0.2501878604957526,0.2419303704531845,0.2765016965172653,0.2640487198759708,0.2580937739913107,0.2778029494642638,0.2270796028452173,0.2069760775059884,0.2478590793376507,0.3273214518042171,0.2534224150612506,0.3303305067257687,0.2167373884645019,0.1431737579214698,0.2725363084332483,0.2388485050728961,0.307401915552721,0.2271447392599457,0.2547893079339351,0.2759032235233584
MA,0.2080897493942614,0.2684315058580211,0.1829442845257489,0.168319909051904,0.1999680491362565,0.1801625406369842,0.1873561677948475,0.1699532344171503,0.1828067715979336,0.1735993010325314,0.1814427602382964,0.1578517321216849,0.1120256489607406,0.1430893980549582,0.4735708307076284,0.1761243491800885,0.1588059683873344,0.1943713826727247,0.1776916677281819,0.1714013737717683,0.4140578005645615,0.2284897294955723,0.1830394575021807,0.2328858832247103,0.1776424531860689,0.2463502618960584,0.1573910136034364,0.0,0.1582249393812712,0.1589332263035747,0.1504632746277877,0.2015988450392087,0.2576868029582035,0.1706733626417873,0.1995042215982988,0.1879740791344509,0.1933160975806873,0.2214299484385775,0.1853669455088158,0.2183911401387377,0.227982520863084,0.1719425662490844,0.1561769310698971,0.200390568034161,0.2763003045840286,0.2087386489995371,0.23661628470322,0.1517765240455888,0.110642877060094,0.2224638845265544,0.1831965809761812,0.2633486042120528,0.1649952157675518,0.2012398247139202,0.2226255501189327
MG,0.1738918921201484,0.2218016286182433,0.1412033936989224,0.1284888961014082,0.129685785669017,0.1388569524891771,0.1437639600762525,0.118543198746962,0.1380828012734778,0.1260809275404544,0.1569883878036883,0.1454790333303242,0.1690051235716909,0.1952075135945931,0.428597657901981,0.1209549635959377,0.1251502948378944,0.1225563188754246,0.1301351382016911,0.1444278485982575,0.3664541499184185,0.188028052792714,0.1431839539597744,0.1633014768563448,0.1458727755050356,0.1462108258769189,0.2094396473796808,0.1582249393812712,0.0,0.1341521178898487,0.1738696366732627,0.1779593108838933,0.2075295842404504,0.10814513689435,0.1713804542491407,0.1547782574165891,0.1291314973541807,0.1627621812618704,0.1154648822392677,0.1627019680242232,0.1091154011787279,0.142178283760604,0.107040946285299,0.1285010869169156,0.2319679476157836,0.1153751014877364,0.2362497638130446,0.0970505915259576,0.1562660866473533,0.1383361130182085,0.1111537000625257,0.1998145826157192,0.1287567513980538,0.148884475807181,0.14660663517466
ML,0.1592481955874815,0.1563246570633464,0.0955682191936617,0.0711441876989338,0.1880509723714004,0.0784517607428942,0.1244107293357442,0.1120002327264332,0.0869467732715428,0.0882960541194856,0.1850797917193766,0.1307275239302784,0.1669604665124527,0.2175706075563402,0.4770384011199889,0.1072645725542512,0.1225996290194351,0.1264134536184955,0.1223411319782864,0.0567414187599947,0.3599410931170897,0.1596488885949045,0.1372996424705921,0.1847774763139934,0.1444377933702988,0.1976459870680278,0.2226356655467063,0.1589332263035747,0.1341521178898487,0.0,0.1227157554813433,0.2435712211764071,0.186767341185948,0.1333026162282513,0.1970429726739205,0.0576378102649119,0.1112279517617634,0.2591947341949565,0.1120230994801558,0.2267317914464626,0.1879713774220488,0.0810071931744054,0.1423999005246656,0.1214895677439032,0.2561377264349456,0.1675908494842521,0.1380657242092939,0.0901273391015107,0.1815269897440945,0.1401316785133428,0.1235921108373979,0.2397455704735714,0.1459293123209949,0.1252864575260645,0.1351125554811821
MR,0.2314724114491596,0.2560464956723726,0.1520493692764446,0.1587111146052668,0.2146877031470162,0.1461077474668297,0.1481748568222229,0.1478879635987402,0.1760015866273356,0.1558404219415881,0.2170997645256066,0.1369510254354033,0.1388328085067518,0.1824564478120575,0.4980202379980041,0.1454606692765303,0.1450407728563881,0.1826715638821828,0.1455524195767084,0.1350695633108114,0.4107087242037079,0.1915230208078454,0.1901937265889536,0.2097205801836261,0.1558554005185028,0.2296862521577622,0.1777358544551784,0.1504632746277877,0.1738696366732627,0.1227157554813433,0.0,0.2527172240954296,0.2463972481769446,0.1732018618667005,0.2164377678565224,0.1501767126320772,0.1683359280144443,0.2886062370708018,0.155960168186101,0.2458736716764152,0.1971217008837357,0.1773555715296469,0.1446687905582913,0.1537980095445994,0.2710167154825394,0.1834752200695605,0.1885326279042035,0.132768372275487,0.1728449810348991,0.1898691052802825,0.1744402848090276,0.2900974191729489,0.1921978686225338,0.185738555290837,0.1860320612568741
MU,0.2432809577606814,0.3009843778877981,0.2737415860579865,0.2332679116013846,0.1834416173016786,0.261373597508405,0.2516260270673183,0.2212755912128589,0.2113561815689865,0.2540748897028015,0.2084960231275542,0.2211790606417768,0.2045726065232748,0.1806566784185981,0.5057354503018545,0.2593647918960994,0.196922742677999,0.2597772066505628,0.2549638117151321,0.2458494216222547,0.4382002569510114,0.275439071148861,0.2060304871069184,0.2473988984414838,0.2521313221315737,0.276184548505093,0.2219206684865189,0.2015988450392087,0.1779593108838933,0.2435712211764071,0.2527172240954296,0.0,0.3168716428115919,0.1829976050840972,0.2130225017828837,0.2812486403092679,0.2653110874205399,0.1346990644660393,0.2742194414755924,0.169093881627912,0.2991914305619531,0.2393124727054958,0.2135254824865725,0.2953524240996485,0.29507325369576,0.2453073085886193,0.3505086200222734,0.2192359753855179,0.1469608973952886,0.2758449715573046,0.2325590101897463,0.2248236143328996,0.1551919606061943,0.2415126111116703,0.2779608592612288
MW,0.1936555443904801,0.2922667757354491,0.1519441220077119,0.1539925383738684,0.1906757457372194,0.1403530886061615,0.1724166346079341,0.1966537381029468,0.2176047990011008,0.1701807366381896,0.2443948363582578,0.2094797271775876,0.2584531189007522,0.3152209506201169,0.4818910615972746,0.1365577473758688,0.2247215263084701,0.1431497156009896,0.1677623296529935,0.1829044363061547,0.4118353765178159,0.2131907898376684,0.1471899106492992,0.2277212235070864,0.1758678679059071,0.187771967565919,0.3314082710685377,0.2576868029582035,0.2075295842404504,0.186767341185948,0.2463972481769446,0.3168716428115919,0.0,0.1743435266571584,0.2303137300911424,0.1616543258120709,0.1386401386440946,0.3346360844683804,0.1404710419063674,0.2681035671578298,0.2003482860580475,0.1960261732829722,0.182702630969364,0.1425996118385337,0.2675955279786629,0.1600578900860225,0.1940243246431263,0.1668051129164541,0.268027050695681,0.1579235753086327,0.1329875582072552,0.3189329149115733,0.1718444467329665,0.1352658732913881,0.1162417518251915
MZ,0.1107984233567502,0.2378335906412259,0.1278648263475026,0.1308900119436584,0.1160500022207103,0.1143006132919408,0.1396014052507862,0.1141807256596604,0.1426527388915549,0.1328548948328253,0.1408639903918368,0.1490539373950719,0.1533508630080732,0.1899614547393798,0.4644430785555468,0.1222124824295307,0.1173351477923929,0.1397164058884629,0.1422380306787808,0.1300078366707832,0.3748562249018542,0.1689812734788639,0.1322504593811897,0.176250869446085,0.1201829943465573,0.1435556841522455,0.2135497529562203,0.1706733626417873,0.10814513689435,0.1333026162282513,0.1732018618667005,0.1829976050840972,0.1743435266571584,0.0,0.1398275439992702,0.1473751510633372,0.1336594454267684,0.1990947828973082,0.1194001573850955,0.1686183103661573,0.1586982996424732,0.1604049056498689,0.1143964702563373,0.1479047746838632,0.204335681889473,0.1124005765968531,0.2197288389784955,0.1091513023348237,0.1593320640613169,0.1465298945398914,0.1121981268988738,0.224434571898342,0.1047317091923221,0.1216951447642058,0.1393582678442886
NA,0.2231393961863752,0.2578984719495796,0.1950442378002367,0.1909088595783454,0.120262909095081,0.1976593598896875,0.1995701640150502,0.1892497849071481,0.2010525957617346,0.2063300165421918,0.2188386237529485,0.214143889936164,0.211372441707514,0.2409373332184723,0.4810771999598534,0.200546824054818,0.1884001291273159,0.1968639873953136,0.1953414439889027,0.1958427470412459,0.3896089721197917,0.2349451698674092,0.1626572320160013,0.2570371450172316,0.1913368936715171,0.1656492071490698,0.2545186745423369,0.1995042215982988,0.1713804542491407,0.1970429726739205,0.2164377678565224,0.2130225017828837,0.2303137300911424,0.1398275439992702,0.0,0.2105514492346126,0.1927724302180634,0.2310539757505646,0.1961990467144596,0.2088141842793963,0.2215124159233863,0.2191141797860252,0.2011729982128689,0.2081364483944094,0.2673094618855486,0.1584714578852801,0.2878985996841071,0.1852538284544433,0.2092492543824827,0.2036547715615601,0.1760728297701318,0.273759475340849,0.1000744633373407,0.1648647940769654,0.1591462038750424
NE,0.1776667446003355,0.1635754191353891,0.0718288520993172,0.0587451188641149,0.2099030798673873,0.0711943668697775,0.1129097394837078,0.1247084750873238,0.0983187923376012,0.0821785043718172,0.2176964005312813,0.1295675130653319,0.1859171022113498,0.2553312757182649,0.4824863125484371,0.0998995999416412,0.1423569658885272,0.1172666391421839,0.1093283570548161,0.0460757246164857,0.3659321324936282,0.1451169897423324,0.1343894908647297,0.171854930984432,0.134219018020575,0.193039278515418,0.2501878604957526,0.1879740791344509,0.1547782574165891,0.0576378102649119,0.1501767126320772,0.2812486403092679,0.1616543258120709,0.1473751510633372,0.2105514492346126,0.0,0.0940520919612218,0.3018363643803754,0.1019375467050758,0.2381222019734707,0.1849039068997154,0.0842239469958794,0.1414271544133217,0.1056147291270811,0.2525297279804027,0.1685685755307462,0.1237810449935117,0.0957424932606134,0.2220077760531915,0.1246034697018436,0.1190981423086612,0.256732927973426,0.1571728373455521,0.1230801520989587,0.1176318707504926
NG,0.1761957827692748,0.2236838217643445,0.089461202846796,0.0820262829091262,0.1483976952840836,0.0843835557663591,0.1155176867185987,0.1157612889481111,0.1181594272698804,0.0770482302796837,0.2017029090222692,0.162491980445909,0.1833201461223885,0.2417243303466987,0.4510122889759484,0.0681043217243524,0.1439085463874915,0.0428622699621665,0.0720041597275527,0.0951418053744526,0.3724700493453718,0.1588023974302375,0.0894059554822591,0.1762462117562252,0.0957828289866705,0.1366066889564163,0.2419303704531845,0.1933160975806873,0.1291314973541807,0.1112279517617634,0.1683359280144443,0.2653110874205399,0.1386401386440946,0.1336594454267684,0.1927724302180634,0.0940520919612218,0.0,0.3033537577981975,0.0764703845891845,0.2084778645438771,0.1060307499611696,0.1055595147246641,0.1125768138342876,0.0734239770486698,0.2337201475261983,0.1130386159921906,0.1667599276011095,0.0896254183688789,0.203903902456344,0.0857339046164118,0.0583573014309727,0.2808252116056859,0.1216720483857405,0.0973648398579282,0.0818978297845872
RE,0.2283505730495628,0.3162775019128376,0.2903337422187818,0.2528882804883976,0.2226152136205565,0.2775476335403402,0.2656482913912948,0.2206938758334912,0.2325598843638356,0.2655786772529293,0.1975484850010228,0.2309123841035304,0.221677061341353,0.2107233747556868,0.5269702386922294,0.2873210196633214,0.1869250533521392,0.3051475119652178,0.2799103133058291,0.2621016242136701,0.4342702185174794,0.2933948886511853,0.2599110184883668,0.2576550064068955,0.2741486927456966,0.2974186265939896,0.2765016965172653,0.2214299484385775,0.1627621812618704,0.2591947341949565,0.2886062370708018,0.1346990644660393,0.3346360844683804,0.1990947828973082,0.2310539757505646,0.3018363643803754,0.3033537577981975,0.0,0.2907877372560877,0.181832100398672,0.3170830169278262,0.2509501556013689,0.2463469138144292,0.3234692280429752,0.3043504030935664,0.2568905143057843,0.3446886022498228,0.2257746609596802,0.1676314835635002,0.3162105962777973,0.2650656876536652,0.1834264997812843,0.1667656129197983,0.277353045201235,0.3122925004663626
