ISO_CODE,AG,AI,AR,AW,BB,BM,BO,BQ,BR,BS,BZ,CA,CL,CO,CR,CW,DM,DO,EC,GD,GF,GL,GP,GT,GY,HN,HT,JM,KN,KY,LC,MQ,MS,MX,NI,PA,PE,PM,PR,PY,SR,SV,SX,TC,TT,US,UY,VC,VE,VG,VI
AG,0.0,0.1672899632083756,0.0953487606281635,0.0996687653992166,0.0564932390589668,0.1233390361541076,0.1234658223629384,0.2361736686915676,0.1298252903196477,0.064599384516972,0.0595986527014126,0.0854493172321536,0.1053381913489939,0.0931334016453819,0.1180284883802601,0.0852696549200987,0.100560356810756,0.0828509839133688,0.120782930339184,0.0637005678756378,0.1071083573660633,0.1522088399467275,0.0958626116509547,0.1256617150667789,0.0537807385250738,0.102577665925749,0.2412388337446772,0.0881731064344436,0.1729764760932313,0.0787489387904283,0.0816764495144541,0.1170261112888698,0.4913152252322667,0.1034659644289026,0.1284929448130511,0.0949954548413141,0.1135488776475318,0.486010635810513,0.1162059102821895,0.1160618796690227,0.1365163287402782,0.0996348663152593,0.0767956423727568,0.1312978407708352,0.0839417913320665,0.0840061358843305,0.1044864345081079,0.0693626944740822,0.1086077192848881,0.168423751409201,0.1075278833955321
AI,0.1672899632083756,0.0,0.2035529038530066,0.1833371391344315,0.1710911940151961,0.1849372159203545,0.2006534130659477,0.2584096190514918,0.2132477609407075,0.176531143649015,0.1733848587526339,0.1857047695547343,0.2036744198062673,0.2069770860646305,0.2127370740559886,0.1862130010244574,0.1914916859817365,0.1985709477807569,0.2085591173609783,0.1728523854172828,0.2095347398884333,0.1963506853198747,0.2000820072203465,0.2031250663277923,0.1817086869881092,0.2068210987609706,0.3481107295869502,0.1933522244236323,0.2213109827344878,0.1721646729706295,0.1937021937118821,0.2041096074635242,0.5281304782530072,0.1965882236704609,0.2150031335290849,0.2000921581265414,0.1994137400814837,0.4651089439328698,0.2064018203811131,0.2001943388382154,0.2321386356266541,0.2037923264933155,0.1485133269461777,0.1803956360165358,0.2018681387617461,0.1788160082568726,0.2018155073753322,0.177230437574809,0.2140729277371311,0.2022076528200295,0.1604113057548215
AR,0.0953487606281635,0.2035529038530066,0.0,0.0855557834366588,0.0654008586162241,0.1131044080188031,0.0403324919631483,0.2374239027564461,0.052678356991935,0.0774091160128258,0.052953072163232,0.065331619242633,0.0546099551336287,0.0284256672800006,0.0540030036428975,0.072452715228498,0.1515461727726842,0.0367010577078796,0.0386526506945708,0.1270126202715137,0.0748964503901116,0.1346679644048536,0.0757261171976892,0.0654279412052039,0.0690719940518433,0.051375861989287,0.2291910383453136,0.0706546357670413,0.1766324013322205,0.0802714868341996,0.0998821804389924,0.0912137205409023,0.4940126690159737,0.0249555946954346,0.0469740138302434,0.0386131482734677,0.0276130442530897,0.4380135266346051,0.0633315992360676,0.0310674416631935,0.1241188830051023,0.0406065353141512,0.1005147392916481,0.1597092487758805,0.0862077735874956,0.0453965382250367,0.0223054250524917,0.1020274439220736,0.0543563807924236,0.2100881308885644,0.1430820814515609
AW,0.0996687653992166,0.1833371391344315,0.0855557834366588,0.0,0.0820629769753242,0.0996981728790444,0.1057922395523957,0.2321862117727194,0.1109907316752635,0.0963961853784265,0.0753185948351393,0.0934565256687901,0.1194373517499953,0.0997252738352433,0.113664438994652,0.0784287363369049,0.1556678791651449,0.0991028267215097,0.1091519328252181,0.1269383105096954,0.1059811377812943,0.1442429702695784,0.1065931815509172,0.1249716076857054,0.0923785097428226,0.1250506834562713,0.2706407978568109,0.123815125326589,0.2072505361913816,0.0952335382530596,0.117301764051789,0.1145469362428917,0.5118508548556264,0.0909218336548969,0.1176232394971505,0.1137733441343267,0.1079878959578194,0.4630245030765959,0.107329036960816,0.1098729507284548,0.1548237192845721,0.1133084921422915,0.0922848279561775,0.1491834833413052,0.1033696792265473,0.0905260121922832,0.0995739690220168,0.1285733654546239,0.1127912691010377,0.1822372108243675,0.1312695258170501
BB,0.0564932390589668,0.1710911940151961,0.0654008586162241,0.0820629769753242,0.0,0.1055400569632578,0.0902613493266235,0.2469420279695915,0.0934505060490016,0.0542978782132962,0.0421288022157447,0.0597622227779002,0.0848129274188714,0.0655391821879394,0.0985333922635131,0.0623486024873263,0.1140328184206382,0.0530695781901425,0.0853581600383294,0.0841340340316414,0.0840594111687869,0.127915628147944,0.0833936262884585,0.1151365873331593,0.0443977759257642,0.0854239973081741,0.2199922895376513,0.0609037987652777,0.1611919486724287,0.0622533347816047,0.0868753219657617,0.0971358335998908,0.4860876809622899,0.0702670884551166,0.0955433884273539,0.0589694253312577,0.0762982952279314,0.4729570737903268,0.0909342732497978,0.0897530727357136,0.1375983150828575,0.0814681538817371,0.0649149277326981,0.131805964098047,0.0761202181691951,0.0490201301784853,0.0735751760997491,0.0742190791650443,0.081809787965834,0.1908880609587936,0.1156525589591426
BM,0.1233390361541076,0.1849372159203545,0.1131044080188031,0.0996981728790444,0.1055400569632578,0.0,0.1422912450837281,0.2251078721741672,0.1490014002785069,0.1204561638584682,0.1129467485328239,0.0845953665147337,0.124343809899284,0.1423004712341941,0.1369717576500467,0.1210214312143476,0.1831144645989521,0.1367011171499329,0.1456162251256925,0.1448741594783604,0.1331200112766759,0.1476667285732509,0.1330714534107664,0.1805086220533892,0.1150442773734449,0.1667688407015359,0.2778531291214865,0.1302808265500805,0.2109048017341184,0.0876159492769688,0.1415535905656946,0.1408731717804355,0.4773073412276672,0.1284273350256261,0.1510853544475229,0.1489357657846446,0.1297240992651862,0.4681084551244968,0.1342700777165244,0.1509493444190286,0.2015284032372153,0.1563233853851626,0.1104943530009074,0.1702240679381539,0.1309315338879063,0.1002180175060695,0.1202756985950589,0.1483186532259117,0.1578015001368723,0.202131072208246,0.1356279898020984
BO,0.1234658223629384,0.2006534130659477,0.0403324919631483,0.1057922395523957,0.0902613493266235,0.1422912450837281,0.0,0.2449020853145058,0.0459722729808879,0.0754892553743209,0.0603663089617769,0.0947049314489385,0.0708169404511938,0.0436447203070637,0.0588871658109426,0.066362922194931,0.1562180109450152,0.0369666140890092,0.0167468403780929,0.1242085494906498,0.0954304746267602,0.1401766051387734,0.0934249580343842,0.0348773255810489,0.078448301010671,0.0273135228297433,0.2440521544363389,0.0758509920134014,0.1577343688526382,0.0959337966051963,0.1089215735002628,0.1047808616279273,0.4707616857345912,0.0196324915465512,0.0205046882476858,0.0432419435166269,0.0308144026180622,0.4545682523889169,0.0484451189137187,0.0228824827235436,0.1154084598359658,0.0252296961496336,0.0960275012112525,0.1425170394646363,0.0835476088594165,0.0584755483563356,0.0525049047799146,0.1141936640954681,0.0575130191585036,0.201122503538073,0.146547322434727
BQ,0.2361736686915676,0.2584096190514918,0.2374239027564461,0.2321862117727194,0.2469420279695915,0.2251078721741672,0.2449020853145058,0.0,0.258729820594572,0.2437091263265641,0.2319834894546419,0.2331729557793147,0.2480571402150697,0.2625026848339138,0.2555152471287161,0.2313255743455694,0.2536714432938913,0.2570206099834344,0.2412835487451299,0.2428485420642515,0.2274206894066814,0.2622682993217479,0.2390906097538173,0.267185169195967,0.2279644592416587,0.2668694924998297,0.3755738656271827,0.2450668404874867,0.2939438580603805,0.2257172621287135,0.2465964882692403,0.251433751719907,0.5022678712715716,0.2432136292546208,0.2555622866092198,0.2672144476859016,0.2534066226337919,0.5089764503003347,0.2515045764315893,0.2477408765563673,0.2488981974390043,0.2608278689272468,0.2239354392717751,0.2430501016351918,0.2419811945968983,0.2299175467341295,0.2433657716848585,0.2412931250088037,0.2764471143200896,0.2763037905779855,0.2198580187496824
BR,0.1298252903196477,0.2132477609407075,0.052678356991935,0.1109907316752635,0.0934505060490016,0.1490014002785069,0.0459722729808879,0.258729820594572,0.0,0.0873753395555035,0.0726529100403247,0.0945939933696843,0.0849963739938932,0.0675236315499062,0.0795285082864402,0.0926618594405832,0.1685934849564897,0.0643140899910592,0.0507659402188962,0.140418291859834,0.0872569733228395,0.1706056227746795,0.0913314158212845,0.0757937963964799,0.0853130578573314,0.0707537534210338,0.2511053908292345,0.0779579002178335,0.1695912889004854,0.1063623204097755,0.1161532536557701,0.1019253555256169,0.4653304945880463,0.0403074010557624,0.0560061911524991,0.065470578875442,0.0489099944267129,0.4636009500284495,0.0795901458868573,0.0443909809441203,0.1390098558787074,0.0621153693355922,0.1182596684225018,0.1723349096004944,0.0982219583393896,0.0564408955150324,0.0670075516442993,0.1172789836272342,0.0803314289483253,0.2219050340065698,0.1583887138401212
BS,0.064599384516972,0.176531143649015,0.0774091160128258,0.0963961853784265,0.0542978782132962,0.1204561638584682,0.0754892553743209,0.2437091263265641,0.0873753395555035,0.0,0.0444824164482593,0.0970817926459066,0.1192860067654373,0.0770636885714556,0.0879931988322095,0.0621639053500641,0.1264121578613135,0.0562234593774515,0.0789732306551042,0.0996180461796895,0.089316589464877,0.1456393857802888,0.092772023853842,0.0928392710918896,0.0347780450076973,0.0796153459595803,0.2279793143040366,0.0602971166880307,0.1512708414982503,0.0728927421343873,0.0950098569883421,0.1181872554668601,0.4488736267994148,0.0667693592478836,0.0835827372387572,0.0864145190978973,0.0861026593123441,0.4523069098439375,0.0675481619432687,0.0812153716301956,0.1036137105864158,0.0673726178077768,0.0767860208919263,0.1294010564322134,0.0549723834538397,0.057390636828103,0.0864368813045931,0.0763809805732317,0.0971123516470972,0.1699145855528225,0.1106137102835342
BZ,0.0595986527014126,0.1733848587526339,0.052953072163232,0.0753185948351393,0.0421288022157447,0.1129467485328239,0.0603663089617769,0.2319834894546419,0.0726529100403247,0.0444824164482593,0.0,0.0618532928069511,0.069881309331371,0.0438910638123037,0.0732065900093345,0.0611207332447787,0.1109569257677313,0.0350754786468859,0.0530945522331803,0.0849739337065658,0.0649136401415046,0.1306181186457904,0.0654577975080881,0.0826874589828092,0.0367125694256736,0.0556957757891523,0.223044789752502,0.0498361066514768,0.1432918911627929,0.0719677060802661,0.0774273975676568,0.0753841456970205,0.4607401502822784,0.0474139498233551,0.0544458373262964,0.0514592501138414,0.054182085573366,0.4537384141092576,0.075351111917079,0.0611927155168556,0.1113945242503858,0.0498890120052119,0.0647118293823091,0.1386677945406961,0.0605742546973266,0.0505917520775078,0.0597960994827084,0.0741482322239917,0.0541053934233165,0.1814977605127892,0.1175936842852414
CA,0.0854493172321536,0.1857047695547343,0.065331619242633,0.0934565256687901,0.0597622227779002,0.0845953665147337,0.0947049314489385,0.2331729557793147,0.0945939933696843,0.0970817926459066,0.0618532928069511,0.0,0.0412642677940489,0.0784932688674565,0.0918215293268783,0.0920191140538816,0.1434096197070559,0.0764802635475982,0.0928917269333431,0.1048403010909689,0.0959657117282482,0.1401843151537015,0.0807605078913697,0.1202680732199169,0.0743528524448815,0.0931582064199368,0.2329747127251157,0.0870027246406444,0.1790472242184855,0.0762289415503053,0.1122583213352128,0.0874644212095578,0.4904433586521365,0.0774224510262234,0.0967872924322322,0.0741336578110497,0.0717269922241412,0.4775855646217425,0.1091995667493733,0.0951669623237988,0.1673094686416779,0.09641651288855,0.0965738566860318,0.1589399086604456,0.1030781684726869,0.0365073716445594,0.0734716138263281,0.1095975804726487,0.0879425161664164,0.2097511963017089,0.1268382831707751
CL,0.1053381913489939,0.2036744198062673,0.0546099551336287,0.1194373517499953,0.0848129274188714,0.124343809899284,0.0708169404511938,0.2480571402150697,0.0849963739938932,0.1192860067654373,0.069881309331371,0.0412642677940489,0.0,0.0653853839024517,0.0602857128942097,0.1136857929546745,0.1652509879099657,0.0696934948835028,0.0650031501987313,0.0995635997915411,0.1143509055260583,0.1638209737767348,0.0989509253469888,0.0938834864486238,0.0993579069353512,0.0666131195663723,0.2592943046231148,0.0980251026467917,0.1636613212023964,0.1073071513511467,0.1043841490701575,0.0997003474450651,0.508535940898794,0.0585004610139502,0.0721043664322483,0.0569047381741004,0.0472629150207704,0.4863620321678277,0.0985625904569469,0.067767195009698,0.169615750781005,0.0639996487963019,0.1156447138577543,0.1807849260527824,0.1158175517883233,0.0672091632114633,0.0562484020174626,0.1257602398447744,0.0800576006215136,0.2122571800548186,0.1619672467246651
CO,0.0931334016453819,0.2069770860646305,0.0284256672800006,0.0997252738352433,0.0655391821879394,0.1423004712341941,0.0436447203070637,0.2625026848339138,0.0675236315499062,0.0770636885714556,0.0438910638123037,0.0784932688674565,0.0653853839024517,0.0,0.0602834896615771,0.072130830838002,0.1558499917741495,0.0184321679458769,0.0345397420371994,0.1236104617928705,0.0832437162297354,0.1392654966386259,0.0848317730375483,0.0603837150412551,0.067521485906966,0.0403900262064779,0.224288204153359,0.064389958471662,0.1686433350460503,0.0980066187803997,0.1031841911241753,0.0971390278113663,0.518124158090838,0.0296490913841305,0.0399000045109924,0.0253010160943478,0.0300904797095334,0.4603590511794083,0.07737306543847,0.0409164987249273,0.1291404790959116,0.0341290771362834,0.0931141233660913,0.1615551219475176,0.0986581963980615,0.0547866257696724,0.0426116169528602,0.0989344583477405,0.0447699390841372,0.2209264255339748,0.1535442974736198
CR,0.1180284883802601,0.2127370740559886,0.0540030036428975,0.113664438994652,0.0985333922635131,0.1369717576500467,0.0588871658109426,0.2555152471287161,0.0795285082864402,0.0879931988322095,0.0732065900093345,0.0918215293268783,0.0602857128942097,0.0602834896615771,0.0,0.1054671997691288,0.1809149119804014,0.0654991576735241,0.0594732503849722,0.1295284130839795,0.1388505115648521,0.162782467157693,0.1202439874047623,0.0709871678697552,0.099835839142102,0.0554913088330629,0.2909011229923193,0.1034471759825889,0.1715161633304385,0.1106727350230388,0.126817555369801,0.1370111052009196,0.489145409341798,0.0418833522166223,0.0575111285180898,0.0661640771201135,0.0494399733955157,0.4711501039673316,0.0522120435328039,0.0473420409456315,0.1369852675206713,0.0479731703696757,0.1197063673246625,0.1694388201261435,0.0896978137533854,0.0663318410593972,0.056157818054988,0.1358797438342009,0.0858942794587475,0.204232366427368,0.1609088233799798
CW,0.0852696549200987,0.1862130010244574,0.072452715228498,0.0784287363369049,0.0623486024873263,0.1210214312143476,0.066362922194931,0.2313255743455694,0.0926618594405832,0.0621639053500641,0.0611207332447787,0.0920191140538816,0.1136857929546745,0.072130830838002,0.1054671997691288,0.0,0.1420756319785965,0.0609884530109164,0.071957153354785,0.102870326184367,0.0852217455924179,0.1383207149338651,0.0699039662222746,0.093441685923268,0.057835044453971,0.0739603731360443,0.2331253852843557,0.0914275230281773,0.1588712867995653,0.0741838872406939,0.1030367120302446,0.0899472766468697,0.4750170737221272,0.0683405641986901,0.0804137904088482,0.0812820134061645,0.0837619787588713,0.462036567180165,0.0798070188979191,0.0822739973769157,0.0939691654080331,0.0692555855455183,0.0754358142985044,0.1300438939198779,0.0748281560589294,0.0616472212154599,0.0785151332086426,0.1050830917733985,0.1039874861346603,0.1890725684912926,0.1319609069490674
DM,0.100560356810756,0.1914916859817365,0.1515461727726842,0.1556678791651449,0.1140328184206382,0.1831144645989521,0.1562180109450152,0.2536714432938913,0.1685934849564897,0.1264121578613135,0.1109569257677313,0.1434096197070559,0.1652509879099657,0.1558499917741495,0.1809149119804014,0.1420756319785965,0.0,0.1338569719037325,0.1593189470197519,0.1315432621396669,0.1453684671157682,0.1991522005128599,0.1438164481765559,0.1694035188746652,0.1014986183122764,0.144739532232583,0.2561912719177761,0.1271647117428921,0.1965815523167002,0.1365140642254877,0.1485099844905416,0.1642405794091312,0.4858933281979054,0.1517681104433069,0.1643639564219288,0.1476686473446115,0.1570084509165457,0.4998432035104964,0.16585408143288,0.1496295398919661,0.1786198439284395,0.1465769475497247,0.1224131622662119,0.162474444724838,0.1347538503950365,0.1339603535773409,0.1641495587358986,0.1087037011277389,0.148054465925037,0.1994272874372669,0.139837626947384
DO,0.0828509839133688,0.1985709477807569,0.0367010577078796,0.0991028267215097,0.0530695781901425,0.1367011171499329,0.0369666140890092,0.2570206099834344,0.0643140899910592,0.0562234593774515,0.0350754786468859,0.0764802635475982,0.0696934948835028,0.0184321679458769,0.0654991576735241,0.0609884530109164,0.1338569719037325,0.0,0.0335821206139212,0.1066158782806642,0.0777560732352701,0.1562910557181808,0.0815749339141552,0.0593174402474148,0.0528903426651382,0.0313957644949334,0.2038894482810347,0.0542426949822931,0.1510989700707947,0.084796650054489,0.0974835835992571,0.096595202295046,0.5019681929893353,0.0297144637398235,0.0344989501614741,0.0266987609366757,0.033426398231126,0.4711708749628513,0.0652167124821979,0.0409387297858366,0.1193149115887004,0.0272193022081846,0.0821148954333661,0.1424881393267036,0.0820037719126809,0.0497757668494145,0.0519197185568042,0.0862494082246354,0.0401292285580663,0.205976957414285,0.1388088800243807
EC,0.120782930339184,0.2085591173609783,0.0386526506945708,0.1091519328252181,0.0853581600383294,0.1456162251256925,0.0167468403780929,0.2412835487451299,0.0507659402188962,0.0789732306551042,0.0530945522331803,0.0928917269333431,0.0650031501987313,0.0345397420371994,0.0594732503849722,0.071957153354785,0.1593189470197519,0.0335821206139212,0.0,0.1306715211093875,0.0809075716642333,0.144951850322168,0.0868476050596118,0.0414222628872834,0.074091695173456,0.0332408107655144,0.2371850968245665,0.0696319931533774,0.153820130537118,0.1012212562567851,0.1038629325232237,0.0961774673033901,0.4935115870746958,0.0212130872246287,0.0209767636294451,0.0361885193251368,0.0341953429629242,0.4557521402407368,0.0573643001189496,0.0270114589541548,0.1117295738670066,0.0240342678630129,0.1011034554215354,0.158862496966885,0.0845791047543507,0.0651302557659309,0.0508841817263652,0.1124007597751578,0.0571072145157468,0.2110568858903403,0.1609355507722744
GD,0.0637005678756378,0.1728523854172828,0.1270126202715137,0.1269383105096954,0.0841340340316414,0.1448741594783604,0.1242085494906498,0.2428485420642515,0.140418291859834,0.0996180461796895,0.0849739337065658,0.1048403010909689,0.0995635997915411,0.1236104617928705,0.1295284130839795,0.102870326184367,0.1315432621396669,0.1066158782806642,0.1306715211093875,0.0,0.1229046891288183,0.1644805234378974,0.1060731815833827,0.1353784754745191,0.0940843479745382,0.1049183390510322,0.2592798676931122,0.0982895960199402,0.1655086868724223,0.1032078587569841,0.083897898791001,0.1188634780235015,0.4707391631034057,0.1245376432085551,0.1298491371027851,0.1159003077233487,0.1202616418257148,0.4587610473394958,0.1339212134187071,0.1323279558094814,0.158555137249731,0.1129746502168976,0.0960557364767555,0.1333813569841404,0.0911587794769372,0.1080263758638414,0.1195349334560154,0.0954914798956483,0.1386926566296414,0.163286092469162,0.1208889416269096
GF,0.1071083573660633,0.2095347398884333,0.0748964503901116,0.1059811377812943,0.0840594111687869,0.1331200112766759,0.0954304746267602,0.2274206894066814,0.0872569733228395,0.089316589464877,0.0649136401415046,0.0959657117282482,0.1143509055260583,0.0832437162297354,0.1388505115648521,0.0852217455924179,0.1453684671157682,0.0777560732352701,0.0809075716642333,0.1229046891288183,0.0,0.1501693271933725,0.0410777952998745,0.1369222618457498,0.0698129508452741,0.120984512214039,0.1960772894560231,0.0761868830349686,0.1664841824215387,0.0978199951102812,0.1073001475392989,0.0496314349040563,0.4763320099440863,0.0899613651271908,0.1062081923569152,0.0987649148732674,0.0895525792671479,0.3971441154126566,0.1249028991236695,0.1012330300306358,0.1368742915055645,0.1005626004196664,0.1050073466859237,0.1683146529463454,0.0887140958095382,0.0811619111512408,0.0885409067384324,0.096564345184371,0.1232691153312333,0.2175818941121287,0.1508845767211732
GL,0.1522088399467275,0.1963506853198747,0.1346679644048536,0.1442429702695784,0.127915628147944,0.1476667285732509,0.1401766051387734,0.2622682993217479,0.1706056227746795,0.1456393857802888,0.1306181186457904,0.1401843151537015,0.1638209737767348,0.1392654966386259,0.162782467157693,0.1383207149338651,0.1991522005128599,0.1562910557181808,0.144951850322168,0.1644805234378974,0.1501693271933725,0.0,0.1537860058147767,0.1658721323839788,0.1373543168282207,0.1699339973325905,0.2813516040782158,0.1586114724572349,0.1921706606789596,0.1391671278483632,0.1547782041910499,0.1624133755876459,0.486044468724409,0.1421332096079302,0.1669335154003973,0.1549354526888517,0.1418670422561636,0.4247193046711274,0.1426958023930167,0.1493663893314514,0.1771752320552422,0.1596572324873646,0.1347195956695418,0.1787070035978939,0.1485360197729205,0.12409779656247,0.1277473176419689,0.1561035098006798,0.1877780804313356,0.2212219819340183,0.1624103598713939
GP,0.0958626116509547,0.2000820072203465,0.0757261171976892,0.1065931815509172,0.0833936262884585,0.1330714534107664,0.0934249580343842,0.2390906097538173,0.0913314158212845,0.092772023853842,0.0654577975080881,0.0807605078913697,0.0989509253469888,0.0848317730375483,0.1202439874047623,0.0699039662222746,0.1438164481765559,0.0815749339141552,0.0868476050596118,0.1060731815833827,0.0410777952998745,0.1537860058147767,0.0,0.1166496240114204,0.0731841444837679,0.1053205901494165,0.206329532341481,0.0956819205009545,0.1623229990564924,0.0946322988658615,0.111832695712345,0.0227969294608233,0.4626083561763725,0.0883523429305257,0.10228359114542,0.0974879276418075,0.0927679182611087,0.4138323255588489,0.1204428952322487,0.0971994620607864,0.1328411633205325,0.0907033572593329,0.1041469388660805,0.1630950679255798,0.0859257751991021,0.0783173057471455,0.0873648001528758,0.1124611356727544,0.1152177534376934,0.2011602784370283,0.1555106805121643
GT,0.1256617150667789,0.2031250663277923,0.0654279412052039,0.1249716076857054,0.1151365873331593,0.1805086220533892,0.0348773255810489,0.267185169195967,0.0757937963964799,0.0928392710918896,0.0826874589828092,0.1202680732199169,0.0938834864486238,0.0603837150412551,0.0709871678697552,0.093441685923268,0.1694035188746652,0.0593174402474148,0.0414222628872834,0.1353784754745191,0.1369222618457498,0.1658721323839788,0.1166496240114204,0.0,0.1067347101851639,0.0336306617899276,0.2769250868548876,0.1040399584221302,0.1845752008026566,0.1322815659374216,0.1424978931723866,0.1311847008860103,0.5234881865089283,0.0383689623668724,0.0458917523329296,0.058108373164159,0.0684041788180377,0.4667487988138293,0.0731218692985624,0.0451808527674184,0.1254628236384699,0.0331583239189484,0.1238833766503656,0.1600907574995559,0.1129434775929493,0.0873314470034966,0.0823204391753139,0.1339568981180618,0.063879031563832,0.20415672151136,0.1626576002481604
GY,0.0537807385250738,0.1817086869881092,0.0690719940518433,0.0923785097428226,0.0443977759257642,0.1150442773734449,0.078448301010671,0.2279644592416587,0.0853130578573314,0.0347780450076973,0.0367125694256736,0.0743528524448815,0.0993579069353512,0.067521485906966,0.099835839142102,0.057835044453971,0.1014986183122764,0.0528903426651382,0.074091695173456,0.0940843479745382,0.0698129508452741,0.1373543168282207,0.0731841444837679,0.1067347101851639,0.0,0.0829079464171946,0.1976534182625704,0.054860900179503,0.1692362932534217,0.0681829799307145,0.0766130502929052,0.0953850025962375,0.4527016788655387,0.0723119445721554,0.083531075721259,0.0767808923099104,0.0760402524089626,0.4674323536536792,0.0894578961938341,0.0815819679121903,0.1041963020543993,0.0716109271251402,0.070420231301108,0.1325352473797186,0.0511192153791848,0.0544739619328762,0.0774689807445349,0.0618188077116046,0.0852853068389207,0.1777878109540864,0.1135472859798768
HN,0.102577665925749,0.2068210987609706,0.051375861989287,0.1250506834562713,0.0854239973081741,0.1667688407015359,0.0273135228297433,0.2668694924998297,0.0707537534210338,0.0796153459595803,0.0556957757891523,0.0931582064199368,0.0666131195663723,0.0403900262064779,0.0554913088330629,0.0739603731360443,0.144739532232583,0.0313957644949334,0.0332408107655144,0.1049183390510322,0.120984512214039,0.1699339973325905,0.1053205901494165,0.0336306617899276,0.0829079464171946,0.0,0.2546179363351039,0.0753374974720105,0.1683274723613887,0.1105308614766646,0.1123232669824836,0.1189466533156519,0.5071734592760355,0.030880775713827,0.0240558411903623,0.0301788468843016,0.0432151409514639,0.4948308057407646,0.0605770253484859,0.0358599430298229,0.1223910282343905,0.0204524158563169,0.1031962410050166,0.1564083549660622,0.0958087109449493,0.0675310929194392,0.0658931857719512,0.1106535172106347,0.0470558975135626,0.2063257059029597,0.1534107057106795
HT,0.2412388337446772,0.3481107295869502,0.2291910383453136,0.2706407978568109,0.2199922895376513,0.2778531291214865,0.2440521544363389,0.3755738656271827,0.2511053908292345,0.2279793143040366,0.223044789752502,0.2329747127251157,0.2592943046231148,0.224288204153359,0.2909011229923193,0.2331253852843557,0.2561912719177761,0.2038894482810347,0.2371850968245665,0.2592798676931122,0.1960772894560231,0.2813516040782158,0.206329532341481,0.2769250868548876,0.1976534182625704,0.2546179363351039,0.0,0.2370691557401585,0.2984149339276926,0.2284801376788409,0.2580467993037706,0.2171616187106444,0.6213705402966461,0.2502517605522905,0.2575604871443723,0.2296690693539101,0.2446452463983751,0.5713092643929575,0.2809213172200449,0.2486839796950135,0.294498263521704,0.2484000772519008,0.2517076440967939,0.2758441340652847,0.2512965852010469,0.2311205191862461,0.2538181140902424,0.2246859652834318,0.2582357750391707,0.3354281503865155,0.2804237730349205
JM,0.0881731064344436,0.1933522244236323,0.0706546357670413,0.123815125326589,0.0609037987652777,0.1302808265500805,0.0758509920134014,0.2450668404874867,0.0779579002178335,0.0602971166880307,0.0498361066514768,0.0870027246406444,0.0980251026467917,0.064389958471662,0.1034471759825889,0.0914275230281773,0.1271647117428921,0.0542426949822931,0.0696319931533774,0.0982895960199402,0.0761868830349686,0.1586114724572349,0.0956819205009545,0.1040399584221302,0.054860900179503,0.0753374974720105,0.2370691557401585,0.0,0.1750333350190039,0.0856586644358166,0.0860106620060687,0.098901432124827,0.4686710811037796,0.0687709643203734,0.0677902684185269,0.058934876871623,0.05946935446533,0.4586229465776789,0.0993291757805516,0.0804779921679378,0.1382668942481041,0.0776654866006905,0.0944326348937643,0.1559772098800482,0.0624693730345238,0.057067261396644,0.0802436971564951,0.0768080404474168,0.0801950087696019,0.2001848682750447,0.1316644268620975
KN,0.1729764760932313,0.2213109827344878,0.1766324013322205,0.2072505361913816,0.1611919486724287,0.2109048017341184,0.1577343688526382,0.2939438580603805,0.1695912889004854,0.1512708414982503,0.1432918911627929,0.1790472242184855,0.1636613212023964,0.1686433350460503,0.1715161633304385,0.1588712867995653,0.1965815523167002,0.1510989700707947,0.153820130537118,0.1655086868724223,0.1664841824215387,0.1921706606789596,0.1623229990564924,0.1845752008026566,0.1692362932534217,0.1683274723613887,0.2984149339276926,0.1750333350190039,0.0,0.1737601563666178,0.1616939615727773,0.1677621297349379,0.4704346414380469,0.155279572498488,0.1673807863044619,0.173758876747835,0.1663288643717118,0.4501866974272318,0.1507885774398761,0.1603491111174291,0.1773009911946532,0.136275696676803,0.1579698881098417,0.2034058300804178,0.1652636104475626,0.1455820405115515,0.1706088917850395,0.1737011897045638,0.2004700837588289,0.2267523034778581,0.1947436149721676
KY,0.0787489387904283,0.1721646729706295,0.0802714868341996,0.0952335382530596,0.0622533347816047,0.0876159492769688,0.0959337966051963,0.2257172621287135,0.1063623204097755,0.0728927421343873,0.0719677060802661,0.0762289415503053,0.1073071513511467,0.0980066187803997,0.1106727350230388,0.0741838872406939,0.1365140642254877,0.084796650054489,0.1012212562567851,0.1032078587569841,0.0978199951102812,0.1391671278483632,0.0946322988658615,0.1322815659374216,0.0681829799307145,0.1105308614766646,0.2284801376788409,0.0856586644358166,0.1737601563666178,0.0,0.0981699168215016,0.1072452850252113,0.4754061359405225,0.0906321382539151,0.106821698458375,0.0973121252498959,0.092465129814925,0.4474559598481913,0.1006040683600544,0.1096787853384732,0.1480366927416395,0.1061211339239647,0.0785875274837705,0.118181653458023,0.0862073810473519,0.0619962376922759,0.090735075808203,0.0891029776270885,0.1206933738506625,0.1798940327324271,0.1080296402197371
LC,0.0816764495144541,0.1937021937118821,0.0998821804389924,0.117301764051789,0.0868753219657617,0.1415535905656946,0.1089215735002628,0.2465964882692403,0.1161532536557701,0.0950098569883421,0.0774273975676568,0.1122583213352128,0.1043841490701575,0.1031841911241753,0.126817555369801,0.1030367120302446,0.1485099844905416,0.0974835835992571,0.1038629325232237,0.083897898791001,0.1073001475392989,0.1547782041910499,0.111832695712345,0.1424978931723866,0.0766130502929052,0.1123232669824836,0.2580467993037706,0.0860106620060687,0.1616939615727773,0.0981699168215016,0.0,0.1029667186864328,0.4750489409148861,0.1066360534149333,0.1053561546900501,0.0996515352210465,0.0964621474314773,0.468180004568643,0.1192441601460979,0.1079301896144955,0.1486854302812785,0.1022727293123311,0.0962947567796586,0.1596165015049616,0.0914240066179405,0.0930098418445255,0.098154121043859,0.1002165255838386,0.1342346513583499,0.179539351488935,0.131139702438914
MQ,0.1170261112888698,0.2041096074635242,0.0912137205409023,0.1145469362428917,0.0971358335998908,0.1408731717804355,0.1047808616279273,0.251433751719907,0.1019253555256169,0.1181872554668601,0.0753841456970205,0.0874644212095578,0.0997003474450651,0.0971390278113663,0.1370111052009196,0.0899472766468697,0.1642405794091312,0.096595202295046,0.0961774673033901,0.1188634780235015,0.0496314349040563,0.1624133755876459,0.0227969294608233,0.1311847008860103,0.0953850025962375,0.1189466533156519,0.2171616187106444,0.098901432124827,0.1677621297349379,0.1072452850252113,0.1029667186864328,0.0,0.5020369954062559,0.098772250770674,0.1029746834192699,0.100241890675697,0.0963911354998553,0.4207743780237167,0.1391289312550616,0.1112073107858994,0.1549155435939283,0.105238429137781,0.1115117336651013,0.1831972551915506,0.107994751756743,0.089974437395879,0.0995287638398529,0.1357623467285715,0.1204287770078463,0.2143991739749522,0.1720275184974498
MS,0.4913152252322667,0.5281304782530072,0.4940126690159737,0.5118508548556264,0.4860876809622899,0.4773073412276672,0.4707616857345912,0.5022678712715716,0.4653304945880463,0.4488736267994148,0.4607401502822784,0.4904433586521365,0.508535940898794,0.518124158090838,0.489145409341798,0.4750170737221272,0.4858933281979054,0.5019681929893353,0.4935115870746958,0.4707391631034057,0.4763320099440863,0.486044468724409,0.4626083561763725,0.5234881865089283,0.4527016788655387,0.5071734592760355,0.6213705402966461,0.4686710811037796,0.4704346414380469,0.4754061359405225,0.4750489409148861,0.5020369954062559,0.0,0.4791200528582831,0.4911732841873892,0.5450916826906225,0.4880476890502722,0.7322376673010211,0.4679755982908038,0.4869728148145268,0.4742953444303737,0.4879148062385212,0.4716621107670105,0.4802551225668273,0.3995259712404142,0.4546197205535187,0.462917205325557,0.4545331791368506,0.5232740305161302,0.4939964937926056,0.4322228579832151
MX,0.1034659644289026,0.1965882236704609,0.0249555946954346,0.0909218336548969,0.0702670884551166,0.1284273350256261,0.0196324915465512,0.2432136292546208,0.0403074010557624,0.0667693592478836,0.0474139498233551,0.0774224510262234,0.0585004610139502,0.0296490913841305,0.0418833522166223,0.0683405641986901,0.1517681104433069,0.0297144637398235,0.0212130872246287,0.1245376432085551,0.0899613651271908,0.1421332096079302,0.0883523429305257,0.0383689623668724,0.0723119445721554,0.030880775713827,0.2502517605522905,0.0687709643203734,0.155279572498488,0.0906321382539151,0.1066360534149333,0.098772250770674,0.4791200528582831,0.0,0.0244787523936768,0.0345390872313595,0.0240602088431438,0.4628771467452245,0.0451464677177553,0.0226313323581796,0.1125035609324702,0.0245837753257129,0.0932708117713723,0.1506987113159568,0.0824295224980523,0.043619588726801,0.0402832409836118,0.1045843103106985,0.0409210604230142,0.2031145567436864,0.1393585247723374
NI,0.1284929448130511,0.2150031335290849,0.0469740138302434,0.1176232394971505,0.0955433884273539,0.1510853544475229,0.0205046882476858,0.2555622866092198,0.0560061911524991,0.0835827372387572,0.0544458373262964,0.0967872924322322,0.0721043664322483,0.0399000045109924,0.0575111285180898,0.0804137904088482,0.1643639564219288,0.0344989501614741,0.0209767636294451,0.1298491371027851,0.1062081923569152,0.1669335154003973,0.10228359114542,0.0458917523329296,0.083531075721259,0.0240558411903623,0.2575604871443723,0.0677902684185269,0.1673807863044619,0.106821698458375,0.1053561546900501,0.1029746834192699,0.4911732841873892,0.0244787523936768,0.0,0.0361214293098507,0.0318857142184083,0.4687883741303423,0.0619024256154328,0.0299587606892557,0.1204981297750484,0.0229394831889465,0.1063295902589869,0.1646641366412322,0.0930041427805481,0.0625495154350812,0.0583634456936235,0.1241970618303758,0.0478325015153053,0.2111816560440542,0.1636980610674303
PA,0.0949954548413141,0.2000921581265414,0.0386131482734677,0.1137733441343267,0.0589694253312577,0.1489357657846446,0.0432419435166269,0.2672144476859016,0.065470578875442,0.0864145190978973,0.0514592501138414,0.0741336578110497,0.0569047381741004,0.0253010160943478,0.0661640771201135,0.0812820134061645,0.1476686473446115,0.0266987609366757,0.0361885193251368,0.1159003077233487,0.0987649148732674,0.1549354526888517,0.0974879276418075,0.058108373164159,0.0767808923099104,0.0301788468843016,0.2296690693539101,0.058934876871623,0.173758876747835,0.0973121252498959,0.0996515352210465,0.100241890675697,0.5450916826906225,0.0345390872313595,0.0361214293098507,0.0,0.0356516683023229,0.4915453668314775,0.0776025093601983,0.0431216150108472,0.1430232977119643,0.039851507155767,0.0961626067960648,0.1643425099804822,0.1073579673256451,0.0530540470909368,0.0565962365066995,0.0948326007206347,0.0460664116764257,0.2224347603164934,0.1566284353013863
PE,0.1135488776475318,0.1994137400814837,0.0276130442530897,0.1079878959578194,0.0762982952279314,0.1297240992651862,0.0308144026180622,0.2534066226337919,0.0489099944267129,0.0861026593123441,0.054182085573366,0.0717269922241412,0.0472629150207704,0.0300904797095334,0.0494399733955157,0.0837619787588713,0.1570084509165457,0.033426398231126,0.0341953429629242,0.1202616418257148,0.0895525792671479,0.1418670422561636,0.0927679182611087,0.0684041788180377,0.0760402524089626,0.0432151409514639,0.2446452463983751,0.05946935446533,0.1663288643717118,0.092465129814925,0.0964621474314773,0.0963911354998553,0.4880476890502722,0.0240602088431438,0.0318857142184083,0.0356516683023229,0.0,0.4591332831815323,0.0687728332741201,0.0301768944490435,0.1348322658612979,0.0387639933587418,0.1008140061871459,0.1630513988312535,0.0904775774545861,0.0438475536291959,0.0330028553612092,0.1043909358775541,0.0558271911804421,0.214195375662452,0.1446298962115894
PM,0.486010635810513,0.4651089439328698,0.4380135266346051,0.4630245030765959,0.4729570737903268,0.4681084551244968,0.4545682523889169,0.5089764503003347,0.4636009500284495,0.4523069098439375,0.4537384141092576,0.4775855646217425,0.4863620321678277,0.4603590511794083,0.4711501039673316,0.462036567180165,0.4998432035104964,0.4711708749628513,0.4557521402407368,0.4587610473394958,0.3971441154126566,0.4247193046711274,0.4138323255588489,0.4667487988138293,0.4674323536536792,0.4948308057407646,0.5713092643929575,0.4586229465776789,0.4501866974272318,0.4474559598481913,0.468180004568643,0.4207743780237167,0.7322376673010211,0.4628771467452245,0.4687883741303423,0.4915453668314775,0.4591332831815323,0.0,0.4662583514885069,0.4585202103181685,0.485284214760597,0.4672118873772675,0.4573613286991436,0.4544667561039017,0.4689773199425959,0.4614983294113646,0.435767111369446,0.477292996141097,0.4966040551464705,0.4421391568097125,0.4898512483781384
PR,0.1162059102821895,0.2064018203811131,0.0633315992360676,0.107329036960816,0.0909342732497978,0.1342700777165244,0.0484451189137187,0.2515045764315893,0.0795901458868573,0.0675481619432687,0.075351111917079,0.1091995667493733,0.0985625904569469,0.07737306543847,0.0522120435328039,0.0798070188979191,0.16585408143288,0.0652167124821979,0.0573643001189496,0.1339212134187071,0.1249028991236695,0.1426958023930167,0.1204428952322487,0.0731218692985624,0.0894578961938341,0.0605770253484859,0.2809213172200449,0.0993291757805516,0.1507885774398761,0.1006040683600544,0.1192441601460979,0.1391289312550616,0.4679755982908038,0.0451464677177553,0.0619024256154328,0.0776025093601983,0.0687728332741201,0.4662583514885069,0.0,0.0548591688334746,0.1175832721550163,0.0493647208554641,0.1006287594830581,0.1367003820860601,0.0759385556690144,0.0627007508774222,0.0638325498523106,0.123408280060462,0.0999543659813745,0.1927179653196461,0.1328863850086928
PY,0.1160618796690227,0.2001943388382154,0.0310674416631935,0.1098729507284548,0.0897530727357136,0.1509493444190286,0.0228824827235436,0.2477408765563673,0.0443909809441203,0.0812153716301956,0.0611927155168556,0.0951669623237988,0.067767195009698,0.0409164987249273,0.0473420409456315,0.0822739973769157,0.1496295398919661,0.0409387297858366,0.0270114589541548,0.1323279558094814,0.1012330300306358,0.1493663893314514,0.0971994620607864,0.0451808527674184,0.0815819679121903,0.0358599430298229,0.2486839796950135,0.0804779921679378,0.1603491111174291,0.1096787853384732,0.1079301896144955,0.1112073107858994,0.4869728148145268,0.0226313323581796,0.0299587606892557,0.0431216150108472,0.0301768944490435,0.4585202103181685,0.0548591688334746,0.0,0.1198448125188952,0.0258098780452469,0.1082662659831887,0.1610989119957238,0.0875199615884594,0.0596030903492393,0.0387317054231977,0.1105000321924224,0.0564208839712714,0.2092830806600026,0.1515255386664838
SR,0.1365163287402782,0.2321386356266541,0.1241188830051023,0.1548237192845721,0.1375983150828575,0.2015284032372153,0.1154084598359658,0.2488981974390043,0.1390098558787074,0.1036137105864158,0.1113945242503858,0.1673094686416779,0.169615750781005,0.1291404790959116,0.1369852675206713,0.0939691654080331,0.1786198439284395,0.1193149115887004,0.1117295738670066,0.158555137249731,0.1368742915055645,0.1771752320552422,0.1328411633205325,0.1254628236384699,0.1041963020543993,0.1223910282343905,0.294498263521704,0.1382668942481041,0.1773009911946532,0.1480366927416395,0.1486854302812785,0.1549155435939283,0.4742953444303737,0.1125035609324702,0.1204981297750484,0.1430232977119643,0.1348322658612979,0.485284214760597,0.1175832721550163,0.1198448125188952,0.0,0.1028879879595145,0.1427132719615202,0.1818067122448805,0.113883349461635,0.1168856827732484,0.1297117149963693,0.1474865442060062,0.1645898429976432,0.2143160488973069,0.1713945076798363
