ISO_CODE,AE,AF,AM,AZ,BD,BH,BN,BT,CN,GE,HK,ID,IL,IN,IQ,JO,JP,KG,KH,KR,KW,KZ,LA,LB,LK,MM,MN,MO,MV,MY,NP,OM,PH,PK,PS,QA,SA,SG,TH,TJ,TM,TR,TW,UZ,VN,YE
AE,0.0,0.1984382814672288,0.1892665426263406,0.2011199390798754,0.1771808590345744,0.0537387541769092,0.166936622270347,0.1961926528478559,0.2289055649991915,0.1977477527308265,0.2214629301898434,0.190967448150816,0.1812806205077648,0.1576887766934919,0.2196578339643284,0.1978629652311867,0.214952499691145,0.1729910964840691,0.1995451838696623,0.2216292335428249,0.0672117180457607,0.1790986085693838,0.1997837476835277,0.1318782961112082,0.1663776082473944,0.1746621663235887,0.2173532047344348,0.222719536807691,0.1636436557774331,0.2068284918989968,0.1774525161474646,0.0667364625998429,0.1699077331278593,0.1349215245981714,0.2512581205811094,0.0738092118833029,0.0729845382002982,0.1386715342249002,0.2552759442568999,0.1793817999863326,0.3681632770014849,0.1875033828580119,0.2523863251856713,0.1724542587477819,0.2695569566842122,0.1837901270137116
AF,0.1984382814672288,0.0,0.2336880666483067,0.2412533603641594,0.2071084513718472,0.1896650382665849,0.2380662560571348,0.1985294206698014,0.2510651493989209,0.2447936045928953,0.2811840198204421,0.2332254920563703,0.2356744494682904,0.2143074323621098,0.2230379507911593,0.2739793986420501,0.2603099963113224,0.206384921883432,0.2426567546483031,0.2833474952913783,0.1916562055879064,0.2314781439821631,0.2550511554094721,0.2147904228560079,0.2276227254642174,0.2119388715364978,0.2678008043759399,0.2813846072895948,0.2138498135692017,0.2641801860522715,0.1959270612093318,0.1894524340092152,0.2408714056687876,0.1761438786188263,0.2851081655740221,0.1786823317990574,0.177672703267101,0.2200425917580705,0.3103679138709025,0.1874933762471059,0.3835766791861817,0.2269221254830519,0.299697108377073,0.204525956663317,0.2990387540158125,0.1900847924020353
AM,0.1892665426263406,0.2336880666483067,0.0,0.1442514710591932,0.2034192685296564,0.1738578098127362,0.2141021105405298,0.2003386754183526,0.1888463296879695,0.1105913374415665,0.2631467492587127,0.2013069294810163,0.2026872677912016,0.2010591630693696,0.2699514621729956,0.2861973115641031,0.1890927250227146,0.1370580468713207,0.1983665077002256,0.2252621257119365,0.1647033598594547,0.148388378470216,0.210676348353737,0.175686790170537,0.1779965682912183,0.160660787182588,0.1646115750312365,0.2550503246566098,0.1923806389929394,0.2693199395486718,0.1936197976271898,0.1688786434003325,0.1918674427662519,0.205470293521891,0.3091864688187412,0.1682331759237223,0.1733318084059756,0.1774636314541238,0.3054092644415151,0.1286894270044029,0.3376770759878887,0.1814618226663019,0.2910022079309498,0.1345525814191619,0.3001415579020243,0.2222116145807381
AZ,0.2011199390798754,0.2412533603641594,0.1442514710591932,0.0,0.2190249569056445,0.1828278959750051,0.227454221743071,0.2153312920965306,0.1842582333199446,0.1445849976892321,0.2859070252069611,0.2041897165024722,0.2297951064457583,0.2110349857754234,0.2735469987122858,0.2923125071132187,0.1965476769893372,0.1474080918300619,0.2261064337057761,0.2472428014316501,0.1840525282030105,0.1570668857240942,0.2269716352743551,0.1960510599562926,0.2124458354589004,0.1956984777110735,0.1933106358578755,0.282026894280154,0.2290721323729833,0.2836191155648528,0.2254816729624925,0.1700183428433206,0.2172026603223824,0.2174670112383372,0.32248142117525,0.1825212780638547,0.1773319140479119,0.2041204023692985,0.3280476662725304,0.1476983290203832,0.315149039467729,0.1451066438172567,0.3190071528187695,0.1381798372839666,0.3328993820123648,0.2107652386593295
BD,0.1771808590345744,0.2071084513718472,0.2034192685296564,0.2190249569056445,0.0,0.1567702744253072,0.22260098507941,0.176783689130946,0.184211748435042,0.207122965883632,0.2946332733273653,0.1922563939381707,0.2646019802913262,0.1474832097560754,0.294977505548921,0.315049528447452,0.2100226877997248,0.2042007459341085,0.2162433986849352,0.2604515506914382,0.1698050030269915,0.2164805213651628,0.2364374014840358,0.2296691299029716,0.1705324135426366,0.1693241313154263,0.2196747954161638,0.2912353821318143,0.1904727389890416,0.2704289250064974,0.1557466973757565,0.1254500361820202,0.2006243357334758,0.1509517695481738,0.3386704525514912,0.151947801364133,0.1504782035807922,0.1984517142620843,0.3138577313867492,0.1871806503895665,0.3359318878294143,0.2207087220557981,0.3187445767713708,0.1970626375409372,0.324986895132536,0.2090974056542939
BH,0.0537387541769092,0.1896650382665849,0.1738578098127362,0.1828278959750051,0.1567702744253072,0.0,0.1574504927003222,0.1743616773608147,0.2139331658696073,0.1818101893390228,0.2197585934501833,0.1700173123338687,0.1686651833144976,0.1402677215994501,0.2058455604607858,0.1856734649370945,0.1997139242038572,0.1565170308868804,0.1905958633524166,0.2115378504462862,0.051497799775916,0.162811134422405,0.1894229448493014,0.1210651590241681,0.1596346864103167,0.1650059086427704,0.2067648068875394,0.2197527114931952,0.1542025509739422,0.2031170478105278,0.1692120147473413,0.0559438587237675,0.1682325748416511,0.1357122074367008,0.2439764440872813,0.0610964167164495,0.0615624197101343,0.1344421811833664,0.2531574096153706,0.1660250857648993,0.3541389927427316,0.169842592856707,0.2494800951928559,0.1567141688370094,0.2684905772496931,0.16176588609809
BN,0.166936622270347,0.2380662560571348,0.2141021105405298,0.227454221743071,0.22260098507941,0.1574504927003222,0.0,0.21495236684714,0.2591082560881105,0.2254153299403042,0.1761834175265477,0.1546133187821345,0.1808453289391615,0.2252085656499561,0.2509321737870766,0.2298215542583642,0.2312890632505259,0.1881174575330795,0.1974445071522071,0.2098522845113903,0.1624177288039902,0.1960594381263652,0.1795263176790794,0.174552383120001,0.195268031187865,0.1820740865630467,0.2333728013340746,0.1746770667523054,0.1653060857320902,0.088187754446699,0.220449234331335,0.1811079223782277,0.1772195066703475,0.2017704811022201,0.2719259093407569,0.1578058766071903,0.1733195475667894,0.1012850573371728,0.2047802288713269,0.2145553614904977,0.3933997173844004,0.2087508960738351,0.2046722684934903,0.1901464083371383,0.2331777034613507,0.2419786513001175
BT,0.1961926528478559,0.1985294206698014,0.2003386754183526,0.2153312920965306,0.176783689130946,0.1743616773608147,0.21495236684714,0.0,0.1735793311700518,0.201889500808078,0.2599572288132368,0.178572597044037,0.235263187968075,0.1440052092712987,0.2951940487379917,0.323804298802018,0.1923781700845279,0.1706216903383712,0.2151792105898008,0.2388279080010485,0.1885219803756458,0.1922774042767213,0.2195792049757619,0.226125466144704,0.1903170694466612,0.1757117415910115,0.2140632068526329,0.2554838713366139,0.2009174395315667,0.261828590718846,0.1209302236761826,0.165086163158752,0.1866334975725078,0.1865292728756782,0.3424828168870023,0.1736445730613041,0.1762509995274754,0.1761539537642554,0.3058301765258026,0.160753382583103,0.3232310957449611,0.2107395506304734,0.2781694290917076,0.1746116728457849,0.3026619110915405,0.1991576580894469
CN,0.2289055649991915,0.2510651493989209,0.1888463296879695,0.1842582333199446,0.184211748435042,0.2139331658696073,0.2591082560881105,0.1735793311700518,0.0,0.1675282078688827,0.3128478920390932,0.1592339591512506,0.2934655689332806,0.1593834512974223,0.3407077559444728,0.3851108541243407,0.0669558063104029,0.1695583712301539,0.2254099582964025,0.2378305403232032,0.2077726376669992,0.1737892142337261,0.2304438768519903,0.264761515337848,0.2155788237908458,0.1747770412433017,0.1833379816923783,0.3037534931049456,0.2802383331401514,0.3358879329771294,0.215912903731211,0.143723312094505,0.1823277977738631,0.2155187655991037,0.406260667019487,0.1965186134556222,0.1629617205803715,0.2173847650391901,0.3652126234155887,0.1174121729478928,0.1766289826748749,0.2027366853598756,0.3413041959991553,0.1487473509134256,0.3634829809032034,0.163059793684783
GE,0.1977477527308265,0.2447936045928953,0.1105913374415665,0.1445849976892321,0.207122965883632,0.1818101893390228,0.2254153299403042,0.201889500808078,0.1675282078688827,0.0,0.2729268094336022,0.2075326503306231,0.21691197273627,0.2021090469321338,0.2877870691449182,0.2973466579217982,0.1826367137925149,0.1647593871695484,0.2001871090200726,0.2343361268495842,0.1788678541576405,0.1734408788452121,0.2206859018331333,0.1914816772254859,0.1922661351667621,0.168876607478571,0.1563722393772287,0.2662084318752962,0.1978094768453341,0.2851217904655758,0.2077552518538579,0.1724631828770939,0.1859612172206276,0.2103697052063495,0.3278497671916676,0.1760062722593089,0.1787152157176046,0.1876845865286018,0.3173836747609482,0.1476739594123745,0.3211837226118788,0.18225803793995,0.2993473488000385,0.1546781452232994,0.3182916753084861,0.2248645414290004
HK,0.2214629301898434,0.2811840198204421,0.2631467492587127,0.2859070252069611,0.2946332733273653,0.2197585934501833,0.1761834175265477,0.2599572288132368,0.3128478920390932,0.2729268094336022,0.0,0.2400671776569402,0.1782252559054332,0.2853412513217569,0.2561216169899893,0.2295377411850844,0.2608769151283758,0.2142368509972663,0.2315264802466485,0.1904562372659761,0.2207626428557957,0.2245423226765335,0.1885773331802417,0.2021117574204044,0.2547102838782655,0.2253978095558169,0.2786642423012565,0.0442061560121125,0.2176837225799338,0.1546545106139357,0.2603813718787284,0.2596682127113987,0.2231735431932959,0.2738295978078305,0.2792201729904515,0.2162224329320954,0.2381073709506305,0.1129678891893193,0.1616836380290804,0.264076648233813,0.4419961187472133,0.2594294194836529,0.0802956325217882,0.2210527247012891,0.1811989359069123,0.290076118452093
ID,0.190967448150816,0.2332254920563703,0.2013069294810163,0.2041897165024722,0.1922563939381707,0.1700173123338687,0.1546133187821345,0.178572597044037,0.1592339591512506,0.2075326503306231,0.2400671776569402,0.0,0.2250351507273832,0.1561054224201836,0.2793895041321352,0.3011044117311516,0.1538273245450465,0.1577652307287125,0.2101408336390814,0.196579384748557,0.165820421023327,0.1643556411460229,0.1801331960891171,0.2120564493451102,0.1912873665041586,0.1658183588861362,0.2240898631085937,0.2493920563354643,0.2268943486880869,0.1991991157072611,0.2041769338918482,0.1453707002933866,0.1675372030085524,0.1956844596463236,0.3320086522919789,0.1695445102917714,0.1478732301487417,0.1567747615330766,0.2581725658878944,0.1549206798307907,0.3033570537441084,0.1781724695322706,0.2625008730376019,0.1576768340493201,0.2817969383521594,0.1908175222697634
IL,0.1812806205077648,0.2356744494682904,0.2026872677912016,0.2297951064457583,0.2646019802913262,0.1686651833144976,0.1808453289391615,0.235263187968075,0.2934655689332806,0.21691197273627,0.1782252559054332,0.2250351507273832,0.0,0.245462789429352,0.2020864008859514,0.1593128486817572,0.2501816061332619,0.1721118492653401,0.2345202830426282,0.2133339707810065,0.1659897157304836,0.1835958521134451,0.2084913459903417,0.1268058106540501,0.224988896160076,0.2219345457181375,0.2537687703717974,0.1840068290466415,0.1876825642746005,0.1920731974148281,0.2335727046585324,0.2024101179993652,0.2204646273909323,0.2345660884086505,0.148645931309391,0.1667352653889967,0.1823894742497533,0.1396178947509749,0.2143575483399614,0.2140773141840644,0.4104157164102021,0.1962945826453025,0.1977917820937338,0.1764124000310544,0.2285824065474242,0.2182027471961788
IN,0.1576887766934919,0.2143074323621098,0.2010591630693696,0.2110349857754234,0.1474832097560754,0.1402677215994501,0.2252085656499561,0.1440052092712987,0.1593834512974223,0.2021090469321338,0.2853412513217569,0.1561054224201836,0.245462789429352,0.0,0.3007931523051095,0.3247226779206821,0.1699537561429644,0.1717696824433574,0.2276976907693773,0.232764541679339,0.1494048611341134,0.1822067094784278,0.2311255677127118,0.2249348238092086,0.1605190772128579,0.1788698036676737,0.2238043834945723,0.2927363859292182,0.2112131706574853,0.2708223477969433,0.1487795170909048,0.1086968223375965,0.1829678675858925,0.1492733741969143,0.357170769125232,0.1389152615387241,0.1302779523865564,0.1829917298729925,0.313592925854843,0.1606775094786359,0.3029705114695533,0.1931010596450842,0.3074021745452376,0.173237324139712,0.3276256067746652,0.2009037313725459
IQ,0.2196578339643284,0.2230379507911593,0.2699514621729956,0.2735469987122858,0.294977505548921,0.2058455604607858,0.2509321737870766,0.2951940487379917,0.3407077559444728,0.2877870691449182,0.2561216169899893,0.2793895041321352,0.2020864008859514,0.3007931523051095,0.0,0.1592925400402299,0.3197840745061124,0.2403622278414174,0.2832065899294814,0.2961957420638852,0.1818538787830288,0.2574195863504607,0.2606937598704539,0.1670572731388389,0.2720975349166012,0.2597286180416875,0.3176606121768486,0.2610854477936791,0.2379108111575437,0.2576173676713708,0.2811422277607354,0.2297671167534007,0.286303425924868,0.2664664968755389,0.1886302843561264,0.2004926755759137,0.2006090841837194,0.2339675173342131,0.2801486705543913,0.2545010489232391,0.4471500572406267,0.2509944878975456,0.2760292062187099,0.242127054132084,0.273454462429143,0.1995637428478545
JO,0.1978629652311867,0.2739793986420501,0.2861973115641031,0.2923125071132187,0.315049528447452,0.1856734649370945,0.2298215542583642,0.323804298802018,0.3851108541243407,0.2973466579217982,0.2295377411850844,0.3011044117311516,0.1593128486817572,0.3247226779206821,0.1592925400402299,0.0,0.351559511778839,0.252840071762184,0.2845747284104093,0.2911273616011265,0.1741187037457049,0.2682723685627748,0.2635083835434045,0.1355829790921425,0.2815614436072029,0.2777993214085009,0.3212133017536325,0.2334347675997272,0.2313245843291522,0.2299182406565119,0.2998229355364861,0.2224421104062197,0.2941246120797832,0.2759415155604781,0.1276224091292328,0.1874439964855628,0.1995980045114973,0.214869859338659,0.2478681867390091,0.2946628901588439,0.4798804393919638,0.2572064595007416,0.2477843723374883,0.2511931531142682,0.2673285916729914,0.2288969119766799
JP,0.214952499691145,0.2603099963113224,0.1890927250227146,0.1965476769893372,0.2100226877997248,0.1997139242038572,0.2312890632505259,0.1923781700845279,0.0669558063104029,0.1826367137925149,0.2608769151283758,0.1538273245450465,0.2501816061332619,0.1699537561429644,0.3197840745061124,0.351559511778839,0.0,0.1502614159407906,0.2185796178732414,0.1804516275424581,0.1909098439049876,0.1508979813546516,0.1988238194498386,0.2391370095730625,0.2115910968444375,0.182420537319486,0.1950778065623016,0.2557100959751468,0.2677502194622323,0.2914422573420282,0.2276206686691607,0.1534050497542736,0.180880968115044,0.2282538881831985,0.3842708831619018,0.1921594450832282,0.1600187005453294,0.179841237939048,0.3000932094252793,0.1338277964704739,0.2345631008665039,0.1859645635277004,0.27497038613543,0.1396127891300835,0.3141151884792161,0.1917067442585861
KG,0.1729910964840691,0.206384921883432,0.1370580468713207,0.1474080918300619,0.2042007459341085,0.1565170308868804,0.1881174575330795,0.1706216903383712,0.1695583712301539,0.1647593871695484,0.2142368509972663,0.1577652307287125,0.1721118492653401,0.1717696824433574,0.2403622278414174,0.252840071762184,0.1502614159407906,0.0,0.2107433269306682,0.1891465155647251,0.1534664778881113,0.058855804745441,0.183287641998216,0.1666409842957703,0.1819397626249688,0.1694199092956996,0.2001724070359845,0.217067877952215,0.2066611298899247,0.2275151426712693,0.1911439086354655,0.1463028331966045,0.1868588372160444,0.1976465092921185,0.2871130357997786,0.153111920722984,0.1486142256415983,0.1471858723681716,0.258630946821219,0.0829972136598928,0.2922073996230849,0.1575551220874779,0.2382784228514551,0.0665159858127349,0.2616565107786115,0.1755248551533066
KH,0.1995451838696623,0.2426567546483031,0.1983665077002256,0.2261064337057761,0.2162433986849352,0.1905958633524166,0.1974445071522071,0.2151792105898008,0.2254099582964025,0.2001871090200726,0.2315264802466485,0.2101408336390814,0.2345202830426282,0.2276976907693773,0.2832065899294814,0.2845747284104093,0.2185796178732414,0.2107433269306682,0.0,0.2320447031409628,0.1915585309818628,0.2189063866122442,0.1528260956143359,0.2135418780370332,0.2077108541376779,0.1404749598089972,0.1879426142403943,0.2189328645302884,0.1978974542521605,0.2305063576852568,0.2076692309609915,0.1952098957705597,0.1937037891081103,0.2184715070737706,0.3209622177465594,0.1877202270360136,0.1921142563586091,0.1690095108956495,0.2390265652131546,0.2177538258696123,0.3872247299958172,0.2332456095140057,0.2625280981819794,0.2031069651260471,0.2519531460905424,0.2469542062071844
KR,0.2216292335428249,0.2833474952913783,0.2252621257119365,0.2472428014316501,0.2604515506914382,0.2115378504462862,0.2098522845113903,0.2388279080010485,0.2378305403232032,0.2343361268495842,0.1904562372659761,0.196579384748557,0.2133339707810065,0.232764541679339,0.2961957420638852,0.2911273616011265,0.1804516275424581,0.1891465155647251,0.2320447031409628,0.0,0.2057639117938773,0.1901479566340338,0.1841276398518583,0.2200968487340853,0.2403754731846575,0.2035512771805474,0.2335403874671542,0.1954321387338508,0.2524227353614554,0.2256078790375614,0.2536640867611872,0.2164053469631741,0.2109519343626683,0.2554319119758044,0.3281863920531801,0.2145605073226095,0.208122319651642,0.1650788641080753,0.2168935829309842,0.2178924035738277,0.3766217468291295,0.2135610835122479,0.194130583647401,0.194420334571545,0.2384425965413225,0.2656372619509684
KW,0.0672117180457607,0.1916562055879064,0.1647033598594547,0.1840525282030105,0.1698050030269915,0.051497799775916,0.1624177288039902,0.1885219803756458,0.2077726376669992,0.1788678541576405,0.2207626428557957,0.165820421023327,0.1659897157304836,0.1494048611341134,0.1818538787830288,0.1741187037457049,0.1909098439049876,0.1534664778881113,0.1915585309818628,0.2057639117938773,0.0,0.1542770833838391,0.1867263571392559,0.1107982566699001,0.1520046182936244,0.1521768798802589,0.2087779771893723,0.2217649913450405,0.1546114755336675,0.2038420691186905,0.1720206450226586,0.0650028002610421,0.1558253022703697,0.149843664112131,0.2264412586058602,0.0617204653947119,0.0556214799080859,0.1401682838505477,0.2502618860843736,0.1483325773675476,0.3448814107329825,0.1658479923225222,0.2499051382253664,0.1512889483839049,0.2635612352438002,0.1504265731668366
KZ,0.1790986085693838,0.2314781439821631,0.148388378470216,0.1570668857240942,0.2164805213651628,0.162811134422405,0.1960594381263652,0.1922774042767213,0.1737892142337261,0.1734408788452121,0.2245423226765335,0.1643556411460229,0.1835958521134451,0.1822067094784278,0.2574195863504607,0.2682723685627748,0.1508979813546516,0.058855804745441,0.2189063866122442,0.1901479566340338,0.1542770833838391,0.0,0.1899523236124599,0.179427739594159,0.1940290261956179,0.1810731906203094,0.2045361510745755,0.2287329177320141,0.2196684387407649,0.2362177542212078,0.2109225938680061,0.149107863135371,0.1991366805078478,0.212012535984722,0.3067713662821919,0.1621892398960065,0.1524927246004964,0.1573191900163268,0.2642480646604972,0.103260653987584,0.2996977311814398,0.1624731376329163,0.2537188298685482,0.0831500214363708,0.2760100251929958,0.1912139176885512
LA,0.1997837476835277,0.2550511554094721,0.210676348353737,0.2269716352743551,0.2364374014840358,0.1894229448493014,0.1795263176790794,0.2195792049757619,0.2304438768519903,0.2206859018331333,0.1885773331802417,0.1801331960891171,0.2084913459903417,0.2311255677127118,0.2606937598704539,0.2635083835434045,0.1988238194498386,0.183287641998216,0.1528260956143359,0.1841276398518583,0.1867263571392559,0.1899523236124599,0.0,0.1997776702851015,0.2087000746327844,0.1620303967989221,0.2185023691678327,0.1798429624487559,0.2145171287633287,0.1958302670497764,0.2304111451267093,0.1943180346355096,0.2005716120044215,0.2333805136316465,0.31068171077607,0.1932201222557267,0.1929671127456,0.1540521986328749,0.1344982730184809,0.2069192009444128,0.3793780490984555,0.2138859418404631,0.2142808638787627,0.1842187459992801,0.2115475700153262,0.2394322794493502
LB,0.1318782961112082,0.2147904228560079,0.175686790170537,0.1960510599562926,0.2296691299029716,0.1210651590241681,0.174552383120001,0.226125466144704,0.264761515337848,0.1914816772254859,0.2021117574204044,0.2120564493451102,0.1268058106540501,0.2249348238092086,0.1670572731388389,0.1355829790921425,0.2391370095730625,0.1666409842957703,0.2135418780370332,0.2200968487340853,0.1107982566699001,0.179427739594159,0.1997776702851015,0.0,0.1938578786815969,0.1957276760530659,0.224512586711847,0.2020254163225816,0.1692723652419516,0.1987356459288131,0.2139970990602009,0.1484620089166655,0.2034446281602879,0.1964124359891502,0.1694245147617737,0.1207784792264746,0.1295776493311422,0.1464767291911219,0.2379340783468397,0.1973861273431094,0.3912055304967357,0.1749294595041716,0.2286567646060536,0.1679716986744043,0.2533707145515858,0.1801029945437727
LK,0.1663776082473944,0.2276227254642174,0.1779965682912183,0.2124458354589004,0.1705324135426366,0.1596346864103167,0.195268031187865,0.1903170694466612,0.2155788237908458,0.1922661351667621,0.2547102838782655,0.1912873665041586,0.224988896160076,0.1605190772128579,0.2720975349166012,0.2815614436072029,0.2115910968444375,0.1819397626249688,0.2077108541376779,0.2403754731846575,0.1520046182936244,0.1940290261956179,0.2087000746327844,0.1938578786815969,0.0,0.1589421696717211,0.2194724652932191,0.2511603116766947,0.1625142518808245,0.2362401250060786,0.1659214586372472,0.1459740929521964,0.1860836267047702,0.1669556287195974,0.3176797569384826,0.1459426051398482,0.1614617000798868,0.1666452245337165,0.2734357115166226,0.1747845967818142,0.3564938406407235,0.2070737479592804,0.2807977813432101,0.1840392569136458,0.2887854927920499,0.2278783599102172
MM,0.1746621663235887,0.2119388715364978,0.160660787182588,0.1956984777110735,0.1693241313154263,0.1650059086427704,0.1820740865630467,0.1757117415910115,0.1747770412433017,0.168876607478571,0.2253978095558169,0.1658183588861362,0.2219345457181375,0.1788698036676737,0.2597286180416875,0.2777993214085009,0.182420537319486,0.1694199092956996,0.1404749598089972,0.2035512771805474,0.1521768798802589,0.1810731906203094,0.1620303967989221,0.1957276760530659,0.1589421696717211,0.0,0.1724688937190086,0.2173363836564055,0.1732665263138875,0.2196243563642016,0.1625152680015461,0.1516672635547047,0.1615390479141601,0.1808390919212088,0.3080847049829712,0.1535200505879359,0.1528334844324845,0.1468974506121615,0.2340943198117839,0.1536653188714005,0.3295670966847487,0.1991540279621895,0.2523373783784801,0.1612152721214128,0.2560350867931094,0.2053501528197742
MN,0.2173532047344348,0.2678008043759399,0.1646115750312365,0.1933106358578755,0.2196747954161638,0.2067648068875394,0.2333728013340746,0.2140632068526329,0.1833379816923783,0.1563722393772287,0.2786642423012565,0.2240898631085937,0.2537687703717974,0.2238043834945723,0.3176606121768486,0.3212133017536325,0.1950778065623016,0.2001724070359845,0.1879426142403943,0.2335403874671542,0.2087779771893723,0.2045361510745755,0.2185023691678327,0.224512586711847,0.2194724652932191,0.1724688937190086,0.0,0.2678860171088909,0.2304391304126902,0.2897582731866439,0.2191930057220921,0.1972444681973283,0.1941857604221729,0.2293569229246721,0.3494549156773571,0.2031691303678118,0.2035249491895321,0.2033366156132764,0.3163606831205534,0.1912160045342172,0.3462646385546821,0.2207697902482264,0.3037064668847913,0.1900321141593309,0.3216918458420932,0.2464751856738023
MO,0.222719536807691,0.2813846072895948,0.2550503246566098,0.282026894280154,0.2912353821318143,0.2197527114931952,0.1746770667523054,0.2554838713366139,0.3037534931049456,0.2662084318752962,0.0442061560121125,0.2493920563354643,0.1840068290466415,0.2927363859292182,0.2610854477936791,0.2334347675997272,0.2557100959751468,0.217067877952215,0.2189328645302884,0.1954321387338508,0.2217649913450405,0.2287329177320141,0.1798429624487559,0.2020254163225816,0.2511603116766947,0.2173363836564055,0.2678860171088909,0.0,0.2140553987868384,0.1542127053828293,0.2546597438273866,0.259424753885934,0.2151154558438935,0.2736624200447501,0.2799518498791721,0.2141024752733031,0.2394234531754553,0.115844066628365,0.167298979549031,0.262671802283885,0.4417858049772258,0.2605525851984808,0.0882706772289756,0.2211864474193275,0.1872811777653837,0.2895558021900259
MV,0.1636436557774331,0.2138498135692017,0.1923806389929394,0.2290721323729833,0.1904727389890416,0.1542025509739422,0.1653060857320902,0.2009174395315667,0.2802383331401514,0.1978094768453341,0.2176837225799338,0.2268943486880869,0.1876825642746005,0.2112131706574853,0.2379108111575437,0.2313245843291522,0.2677502194622323,0.2066611298899247,0.1978974542521605,0.2524227353614554,0.1546114755336675,0.2196684387407649,0.2145171287633287,0.1692723652419516,0.1625142518808245,0.1732665263138875,0.2304391304126902,0.2140553987868384,0.0,0.1985402528098905,0.1830239411537235,0.1779172261165326,0.1963930355473961,0.1758929294282509,0.2577625439521007,0.1465096966070349,0.1737489385962524,0.1437219359889912,0.2384731829817302,0.2111876109754268,0.4163943637826968,0.2205036903908082,0.2473486422713088,0.2018991634611859,0.2456368076109436,0.2460856139386265
MY,0.2068284918989968,0.2641801860522715,0.2693199395486718,0.2836191155648528,0.2704289250064974,0.2031170478105278,0.088187754446699,0.261828590718846,0.3358879329771294,0.2851217904655758,0.1546545106139357,0.1991991157072611,0.1920731974148281,0.2708223477969433,0.2576173676713708,0.2299182406565119,0.2914422573420282,0.2275151426712693,0.2305063576852568,0.2256078790375614,0.2038420691186905,0.2362177542212078,0.1958302670497764,0.1987356459288131,0.2362401250060786,0.2196243563642016,0.2897582731866439,0.1542127053828293,0.1985402528098905,0.0,0.2521592597121631,0.2367256593895146,0.2233695166411233,0.2442461827447335,0.2738264438696636,0.2015240653257393,0.2208937452190182,0.1149772022016462,0.1803648964220604,0.2717784428895522,0.4563208734611679,0.2460551147036938,0.1691208826215329,0.2352178898372134,0.2109289289922447,0.2841917507996769
NP,0.1774525161474646,0.1959270612093318,0.1936197976271898,0.2254816729624925,0.1557466973757565,0.1692120147473413,0.220449234331335,0.1209302236761826,0.215912903731211,0.2077552518538579,0.2603813718787284,0.2041769338918482,0.2335727046585324,0.1487795170909048,0.2811422277607354,0.2998229355364861,0.2276206686691607,0.1911439086354655,0.2076692309609915,0.2536640867611872,0.1720206450226586,0.2109225938680061,0.2304111451267093,0.2139970990602009,0.1659214586372472,0.1625152680015461,0.2191930057220921,0.2546597438273866,0.1830239411537235,0.2521592597121631,0.0,0.1609308514108501,0.1928291058891605,0.1672816140641242,0.3194304758815202,0.1484555068464905,0.1759894242850678,0.1798001824010004,0.2985991028353127,0.1806074318778365,0.3627738584605073,0.2271829160081309,0.2846808638961997,0.1924322239107958,0.2912772019587574,0.2188867121504789
OM,0.0667364625998429,0.1894524340092152,0.1688786434003325,0.1700183428433206,0.1254500361820202,0.0559438587237675,0.1811079223782277,0.165086163158752,0.143723312094505,0.1724631828770939,0.2596682127113987,0.1453707002933866,0.2024101179993652,0.1086968223375965,0.2297671167534007,0.2224421104062197,0.1534050497542736,0.1463028331966045,0.1952098957705597,0.2164053469631741,0.0650028002610421,0.149107863135371,0.1943180346355096,0.1484620089166655,0.1459740929521964,0.1516672635547047,0.1972444681973283,0.259424753885934,0.1779172261165326,0.2367256593895146,0.1609308514108501,0.0,0.1609210910344342,0.1228805861966468,0.2773686610126497,0.0668114836524536,0.0527210615713469,0.1578416409544656,0.2885672731985821,0.1330556762176657,0.2878291444022257,0.1608497039426965,0.2900217143596056,0.1410757832371254,0.3006177499880111,0.1371175224665181
PH,0.1699077331278593,0.2408714056687876,0.1918674427662519,0.2172026603223824,0.2006243357334758,0.1682325748416511,0.1772195066703475,0.1866334975725078,0.1823277977738631,0.1859612172206276,0.2231735431932959,0.1675372030085524,0.2204646273909323,0.1829678675858925,0.286303425924868,0.2941246120797832,0.180880968115044,0.1868588372160444,0.1937037891081103,0.2109519343626683,0.1558253022703697,0.1991366805078478,0.2005716120044215,0.2034446281602879,0.1860836267047702,0.1615390479141601,0.1941857604221729,0.2151154558438935,0.1963930355473961,0.2233695166411233,0.1928291058891605,0.1609210910344342,0.0,0.1941150554423153,0.3255048024884177,0.1501704992814752,0.1555790643287595,0.1404437659604804,0.2567367666398156,0.1815649318429916,0.3157413976791365,0.2073164470647487,0.2435616959758026,0.1794907785295392,0.2706066936281883,0.2246403710198756
PK,0.1349215245981714,0.1761438786188263,0.205470293521891,0.2174670112383372,0.1509517695481738,0.1357122074367008,0.2017704811022201,0.1865292728756782,0.2155187655991037,0.2103697052063495,0.2738295978078305,0.1956844596463236,0.2345660884086505,0.1492733741969143,0.2664664968755389,0.2759415155604781,0.2282538881831985,0.1976465092921185,0.2184715070737706,0.2554319119758044,0.149843664112131,0.212012535984722,0.2333805136316465,0.1964124359891502,0.1669556287195974,0.1808390919212088,0.2293569229246721,0.2736624200447501,0.1758929294282509,0.2442461827447335,0.1672816140641242,0.1228805861966468,0.1941150554423153,0.0,0.3071403832877327,0.1380560325330525,0.1275432815041415,0.1824568317882187,0.2993524175755842,0.1933358445761498,0.3604045871741771,0.2044196006099736,0.2959144234431723,0.1977715758708549,0.3081371287029546,0.2156175677160656
PS,0.2512581205811094,0.2851081655740221,0.3091864688187412,0.32248142117525,0.3386704525514912,0.2439764440872813,0.2719259093407569,0.3424828168870023,0.406260667019487,0.3278497671916676,0.2792201729904515,0.3320086522919789,0.148645931309391,0.357170769125232,0.1886302843561264,0.1276224091292328,0.3842708831619018,0.2871130357997786,0.3209622177465594,0.3281863920531801,0.2264412586058602,0.3067713662821919,0.31068171077607,0.1694245147617737,0.3176797569384826,0.3080847049829712,0.3494549156773571,0.2799518498791721,0.2577625439521007,0.2738264438696636,0.3194304758815202,0.2773686610126497,0.3255048024884177,0.3071403832877327,0.0,0.2265773990742285,0.2373386772921082,0.2519358080938567,0.2949844467458977,0.3234947232541667,0.4999338184792595,0.2889516907571174,0.2958158849548755,0.2856544236925999,0.3073357589752777,0.2430783360361812
QA,0.0738092118833029,0.1786823317990574,0.1682331759237223,0.1825212780638547,0.151947801364133,0.0610964167164495,0.1578058766071903,0.1736445730613041,0.1965186134556222,0.1760062722593089,0.2162224329320954,0.1695445102917714,0.1667352653889967,0.1389152615387241,0.2004926755759137,0.1874439964855628,0.1921594450832282,0.153111920722984,0.1877202270360136,0.2145605073226095,0.0617204653947119,0.1621892398960065,0.1932201222557267,0.1207784792264746,0.1459426051398482,0.1535200505879359,0.2031691303678118,0.2141024752733031,0.1465096966070349,0.2015240653257393,0.1484555068464905,0.0668114836524536,0.1501704992814752,0.1380560325330525,0.2265773990742285,0.0,0.0589311511309198,0.1219465832617563,0.2435901175530339,0.1527422599839804,0.3341581841161873,0.1664554935446884,0.2494133907483227,0.152156171967786,0.2648677482577724,0.1550298316349152
SA,0.0729845382002982,0.177672703267101,0.1733318084059756,0.1773319140479119,0.1504782035807922,0.0615624197101343,0.1733195475667894,0.1762509995274754,0.1629617205803715,0.1787152157176046,0.2381073709506305,0.1478732301487417,0.1823894742497533,0.1302779523865564,0.2006090841837194,0.1995980045114973,0.1600187005453294,0.1486142256415983,0.1921142563586091,0.208122319651642,0.0556214799080859,0.1524927246004964,0.1929671127456,0.1295776493311422,0.1614617000798868,0.1528334844324845,0.2035249491895321,0.2394234531754553,0.1737489385962524,0.2208937452190182,0.1759894242850678,0.0527210615713469,0.1555790643287595,0.1275432815041415,0.2373386772921082,0.0589311511309198,0.0,0.1406948973828383,0.2580911817126134,0.1438378876508718,0.3059849705530288,0.1579807507312005,0.2661204163964122,0.1435464909155634,0.2827231546041095,0.1207553467883751
SG,0.1386715342249002,0.2200425917580705,0.1774636314541238,0.2041204023692985,0.1984517142620843,0.1344421811833664,0.1012850573371728,0.1761539537642554,0.2173847650391901,0.1876845865286018,0.1129678891893193,0.1567747615330766,0.1396178947509749,0.1829917298729925,0.2339675173342131,0.214869859338659,0.179841237939048,0.1471858723681716,0.1690095108956495,0.1650788641080753,0.1401682838505477,0.1573191900163268,0.1540521986328749,0.1464767291911219,0.1666452245337165,0.1468974506121615,0.2033366156132764,0.115844066628365,0.1437219359889912,0.1149772022016462,0.1798001824010004,0.1578416409544656,0.1404437659604804,0.1824568317882187,0.2519358080938567,0.1219465832617563,0.1406948973828383,0.0,0.166760944939319,0.1795463930218698,0.3648259544891998,0.1835199945405187,0.1453825763033205,0.150197680683185,0.1966236602442284,0.2252340102540584
TH,0.2552759442568999,0.3103679138709025,0.3054092644415151,0.3280476662725304,0.3138577313867492,0.2531574096153706,0.2047802288713269,0.3058301765258026,0.3652126234155887,0.3173836747609482,0.1616836380290804,0.2581725658878944,0.2143575483399614,0.313592925854843,0.2801486705543913,0.2478681867390091,0.3000932094252793,0.258630946821219,0.2390265652131546,0.2168935829309842,0.2502618860843736,0.2642480646604972,0.1344982730184809,0.2379340783468397,0.2734357115166226,0.2340943198117839,0.3163606831205534,0.167298979549031,0.2384731829817302,0.1803648964220604,0.2985991028353127,0.2885672731985821,0.2567367666398156,0.2993524175755842,0.2949844467458977,0.2435901175530339,0.2580911817126134,0.166760944939319,0.0,0.3075015928619142,0.4702106866119008,0.2794988251652064,0.1634264925878288,0.2570548506245227,0.1791257362692028,0.3218566580968744
TJ,0.1793817999863326,0.1874933762471059,0.1286894270044029,0.1476983290203832,0.1871806503895665,0.1660250857648993,0.2145553614904977,0.160753382583103,0.1174121729478928,0.1476739594123745,0.264076648233813,0.1549206798307907,0.2140773141840644,0.1606775094786359,0.2545010489232391,0.2946628901588439,0.1338277964704739,0.0829972136598928,0.2177538258696123,0.2178924035738277,0.1483325773675476,0.103260653987584,0.2069192009444128,0.1973861273431094,0.1747845967818142,0.1536653188714005,0.1912160045342172,0.262671802283885,0.2111876109754268,0.2717784428895522,0.1806074318778365,0.1330556762176657,0.1815649318429916,0.1933358445761498,0.3234947232541667,0.1527422599839804,0.1438378876508718,0.1795463930218698,0.3075015928619142,0.0,0.246394655411035,0.1688405169690962,0.2880754066898758,0.0702000759436285,0.3048804913343311,0.1601173496848854
TM,0.3681632770014849,0.3835766791861817,0.3376770759878887,0.315149039467729,0.3359318878294143,0.3541389927427316,0.3933997173844004,0.3232310957449611,0.1766289826748749,0.3211837226118788,0.4419961187472133,0.3033570537441084,0.4104157164102021,0.3029705114695533,0.4471500572406267,0.4798804393919638,0.2345631008665039,0.2922073996230849,0.3872247299958172,0.3766217468291295,0.3448814107329825,0.2996977311814398,0.3793780490984555,0.3912055304967357,0.3564938406407235,0.3295670966847487,0.3462646385546821,0.4417858049772258,0.4163943637826968,0.4563208734611679,0.3627738584605073,0.2878291444022257,0.3157413976791365,0.3604045871741771,0.4999338184792595,0.3341581841161873,0.3059849705530288,0.3648259544891998,0.4702106866119008,0.246394655411035,0.0,0.3232004655403638,0.4565680422973064,0.2746097624337391,0.4810235813041337,0.2955230329635354
TR,0.1875033828580119,0.2269221254830519,0.1814618226663019,0.1451066438172567,0.2207087220557981,0.169842592856707,0.2087508960738351,0.2107395506304734,0.2027366853598756,0.18225803793995,0.2594294194836529,0.1781724695322706,0.1962945826453025,0.1931010596450842,0.2509944878975456,0.2572064595007416,0.1859645635277004,0.1575551220874779,0.2332456095140057,0.2135610835122479,0.1658479923225222,0.1624731376329163,0.2138859418404631,0.1749294595041716,0.2070737479592804,0.1991540279621895,0.2207697902482264,0.2605525851984808,0.2205036903908082,0.2460551147036938,0.2271829160081309,0.1608497039426965,0.2073164470647487,0.2044196006099736,0.2889516907571174,0.1664554935446884,0.1579807507312005,0.1835199945405187,0.2794988251652064,0.1688405169690962,0.3232004655403638,0.0,0.2787156112230824,0.1548754619026789,0.2979468979793935,0.2056931539789961
TW,0.2523863251856713,0.299697108377073,0.2910022079309498,0.3190071528187695,0.3187445767713708,0.2494800951928559,0.2046722684934903,0.2781694290917076,0.3413041959991553,0.2993473488000385,0.0802956325217882,0.2625008730376019,0.1977917820937338,0.3074021745452376,0.2760292062187099,0.2477843723374883,0.27497038613543,0.2382784228514551,0.2625280981819794,0.194130583647401,0.2499051382253664,0.2537188298685482,0.2142808638787627,0.2286567646060536,0.2807977813432101,0.2523373783784801,0.3037064668847913,0.0882706772289756,0.2473486422713088,0.1691208826215329,0.2846808638961997,0.2900217143596056,0.2435616959758026,0.2959144234431723,0.2958158849548755,0.2494133907483227,0.2661204163964122,0.1453825763033205,0.1634264925878288,0.2880754066898758,0.4565680422973064,0.2787156112230824,0.0,0.2431099801980866,0.1727604856186105,0.3085352208326205
UZ,0.1724542587477819,0.204525956663317,0.1345525814191619,0.1381798372839666,0.1970626375409372,0.1567141688370094,0.1901464083371383,0.1746116728457849,0.1487473509134256,0.1546781452232994,0.2210527247012891,0.1576768340493201,0.1764124000310544,0.173237324139712,0.242127054132084,0.2511931531142682,0.1396127891300835,0.0665159858127349,0.2031069651260471,0.194420334571545,0.1512889483839049,0.0831500214363708,0.1842187459992801,0.1679716986744043,0.1840392569136458,0.1612152721214128,0.1900321141593309,0.2211864474193275,0.2018991634611859,0.2352178898372134,0.1924322239107958,0.1410757832371254,0.1794907785295392,0.1977715758708549,0.2856544236925999,0.152156171967786,0.1435464909155634,0.150197680683185,0.2570548506245227,0.0702000759436285,0.2746097624337391,0.1548754619026789,0.2431099801980866,0.0,0.2643211860149124,0.1688085866947473
VN,0.2695569566842122,0.2990387540158125,0.3001415579020243,0.3328993820123648,0.324986895132536,0.2684905772496931,0.2331777034613507,0.3026619110915405,0.3634829809032034,0.3182916753084861,0.1811989359069123,0.2817969383521594,0.2285824065474242,0.3276256067746652,0.273454462429143,0.2673285916729914,0.3141151884792161,0.2616565107786115,0.2519531460905424,0.2384425965413225,0.2635612352438002,0.2760100251929958,0.2115475700153262,0.2533707145515858,0.2887854927920499,0.2560350867931094,0.3216918458420932,0.1872811777653837,0.2456368076109436,0.2109289289922447,0.2912772019587574,0.3006177499880111,0.2706066936281883,0.3081371287029546,0.3073357589752777,0.2648677482577724,0.2827231546041095,0.1966236602442284,0.1791257362692028,0.3048804913343311,0.4810235813041337,0.2979468979793935,0.1727604856186105,0.2643211860149124,0.0,0.3158588691291308
YE,0.1837901270137116,0.1900847924020353,0.2222116145807381,0.2107652386593295,0.2090974056542939,0.16176588609809,0.2419786513001175,0.1991576580894469,0.163059793684783,0.2248645414290004,0.290076118452093,0.1908175222697634,0.2182027471961788,0.2009037313725459,0.1995637428478545,0.2288969119766799,0.1917067442585861,0.1755248551533066,0.2469542062071844,0.2656372619509684,0.1504265731668366,0.1912139176885512,0.2394322794493502,0.1801029945437727,0.2278783599102172,0.2053501528197742,0.2464751856738023,0.2895558021900259,0.2460856139386265,0.2841917507996769,0.2188867121504789,0.1371175224665181,0.2246403710198756,0.2156175677160656,0.2430783360361812,0.1550298316349152,0.1207553467883751,0.2252340102540584,0.3218566580968744,0.1601173496848854,0.2955230329635354,0.2056931539789961,0.3085352208326205,0.1688085866947473,0.3158588691291308,0.0
