ISO_CODE,AG,AI,AR,AW,BB,BM,BO,BQ,BR,BS,BZ,CA,CL,CO,CR,CW,DM,DO,EC,GD,GF,GL,GP,GT,GY,HN,HT,JM,KN,KY,LC,MQ,MS,MX,NI,PA,PE,PM,PR,PY,SR,SV,SX,TC,TT,US,UY,VC,VE,VG,VI
AG,0.0,0.1736312846836826,0.1566968721783834,0.1388625334629221,0.0988549736082147,0.1184386365270043,0.1364576708983863,0.2158605264578827,0.150257220250774,0.0795656340188823,0.0963802920953128,0.1157240254201344,0.153559945767821,0.1456556479825368,0.1623052888688327,0.1107777367553475,0.1203816724197912,0.1174586661731427,0.1712124063440708,0.0852206931461214,0.0905065757619965,0.2109654082930506,0.1064497159744751,0.138854542025845,0.1245830232045402,0.1517174594933062,0.2442948137610935,0.0843805783175842,0.1521874671554997,0.1136970738435366,0.0952473549491795,0.1140387741969823,0.4634856125095242,0.1306151724589676,0.1074030835859004,0.1316092766677687,0.1438428759298973,0.470088066755983,0.1654463789534122,0.1658621094753685,0.1625712092528631,0.1328280535026901,0.0990786456991702,0.1546143788275888,0.1118199298670381,0.1239135526710243,0.1740690774174128,0.0797807019204345,0.1698432402599723,0.1553497926543526,0.1303154677278497
AI,0.1736312846836826,0.0,0.2290715295235448,0.2002742502422231,0.1827666004715639,0.1597800292595326,0.2028279002364431,0.1843331780978727,0.2259729191345767,0.1706806432035287,0.1702225895780164,0.1810674957566646,0.2163239771432167,0.2164041661635944,0.2231722764906292,0.1761975363356088,0.159913499222088,0.1978082050436604,0.2320297266272408,0.1501011392389581,0.1486069107849024,0.2313407838490352,0.1660705297327402,0.2008229343513051,0.2015624393166444,0.2208386817508215,0.3154813419887364,0.1848728320675805,0.1979307517288582,0.1669754923195995,0.1687947689559074,0.1782232214680501,0.4718874455897551,0.2034697083943096,0.1915092444095477,0.2233468406245794,0.214852960461929,0.4924993447380078,0.2203663583916096,0.2337103614461464,0.2268562808308647,0.2151880095959766,0.1351626046723807,0.1651524122151658,0.1786731052627056,0.1859968344476251,0.2394630610014324,0.1623060472381591,0.2437671877057887,0.1764270717559305,0.1482132701616524
AR,0.1566968721783834,0.2290715295235448,0.0,0.156278519888206,0.113363559862589,0.153462580632046,0.0581942935879095,0.2391314526395794,0.0620009031904169,0.1011037401797375,0.1001589000034836,0.0799425651577259,0.0314624680835677,0.0421036868207929,0.0819875637023712,0.1208781283450551,0.1890898047490937,0.0728909706597555,0.0777866846202485,0.1439625807921767,0.1165568334022504,0.2007510524201919,0.1204036411367019,0.0736740949418278,0.1261075641812484,0.0774773816942956,0.2577163712490112,0.1121620491802529,0.2103390903989803,0.1248334199939239,0.1298109684740516,0.133429542195846,0.5768274623503884,0.0547319041284225,0.0699086402554021,0.0719011834947633,0.0501911240005614,0.514880554184391,0.1444919746497427,0.0456669647092866,0.1491832242778286,0.0840562143840736,0.1605262223793014,0.2078762711325291,0.1076199099103373,0.1042762771774036,0.0609839466382843,0.1303766973220722,0.1192831351839472,0.229659909812581,0.1760401800854143
AW,0.1388625334629221,0.2002742502422231,0.156278519888206,0.0,0.0802033621628277,0.1404482666790945,0.1068337356161681,0.1735837282043516,0.1351870579045435,0.0999955251901519,0.1061829969479365,0.1223099286327953,0.1239993741860712,0.1384651165424472,0.1148631924990397,0.0668201073428421,0.1742607539296934,0.1056106153837661,0.1385179435881407,0.11419891240881,0.1425281067438524,0.2161432460461624,0.1286720434763438,0.1263781979100876,0.1149540769145367,0.1130297946578819,0.2885482607544669,0.1081247343982838,0.1356658492291195,0.1113459636335554,0.0871534005067753,0.1296288404248706,0.506544061408935,0.1308867489886005,0.1119515271481914,0.1179178109908178,0.1403800415440813,0.4651972210445161,0.1103642860525782,0.1216268356144884,0.1265946594905812,0.1305827453419971,0.1150456573436957,0.1830668008696023,0.0953671857125165,0.1324856628922279,0.1312787590095657,0.1101574047002975,0.2289758551617853,0.208656669773566,0.1536774362943264
BB,0.0988549736082147,0.1827666004715639,0.113363559862589,0.0802033621628277,0.0,0.1274832478077184,0.0770419896380496,0.1944095248876006,0.1041661211942354,0.0562760396078977,0.053767025945692,0.090729127124923,0.0985508718237171,0.0841021793164895,0.0812497903506606,0.0567117953867688,0.1332538046856177,0.067412645337414,0.0908115109488876,0.0825713005134719,0.0941729342982683,0.2111077220459616,0.084178161327826,0.0994081659171672,0.068505533902085,0.0756770914682481,0.2430825211919848,0.0512160369126524,0.1497676622049663,0.0864568650436652,0.061415697482376,0.092769648307651,0.5074408805048881,0.0952567994282713,0.0673377793699134,0.063004884969408,0.0896935909115321,0.4922124931989632,0.1075826124819872,0.0953291999387215,0.1195803571979633,0.0839605693947351,0.1001707163226481,0.1589983883243522,0.0507121044106745,0.1068794703541068,0.1087936703184155,0.0587833947792217,0.1577544205403891,0.1779958782559534,0.1377332323293174
BM,0.1184386365270043,0.1597800292595326,0.153462580632046,0.1404482666790945,0.1274832478077184,0.0,0.1405188315720378,0.1960682800150542,0.1637402904026524,0.1125827774876269,0.1178211787922891,0.1045904370124435,0.1453137680074615,0.1492810980164491,0.1644052332123274,0.1281946662521906,0.1452598648888261,0.1258355829624327,0.163382145057733,0.1091671429400679,0.1221268684579517,0.1798507204470962,0.1365918606950835,0.143646119933721,0.1615579161232999,0.1562224923662817,0.2783657464703732,0.1281814621061735,0.1520154078101125,0.103024579198686,0.1227915037394661,0.1434268012476875,0.4992205988595538,0.1283870511265766,0.1286200097143525,0.1415055553719379,0.1439430322440416,0.4827689587462817,0.1629237739629359,0.1605425367015882,0.1788698621518069,0.1480106676462009,0.1124613266858823,0.165387502611048,0.1236903238755762,0.1114614217838334,0.172391000259673,0.1165209801838998,0.1923063742808507,0.1653596124919099,0.1124833534752535
BO,0.1364576708983863,0.2028279002364431,0.0581942935879095,0.1068337356161681,0.0770419896380496,0.1405188315720378,0.0,0.2124346993306275,0.0714746940961011,0.0873350206935649,0.0822637419864595,0.0751571414538665,0.0443567696786197,0.0446164094554024,0.065142017988701,0.0796577111097236,0.1598691560793915,0.0435517906922047,0.0417487746798662,0.1144847165167584,0.0920378928938518,0.2029801867855926,0.0829755248267082,0.0625849336102293,0.0916451817446282,0.0489487629179481,0.2197304029406499,0.0733312343943221,0.1773776523448742,0.0990934832684442,0.0964102197148766,0.0974876206054374,0.5567476750337527,0.0557775027894819,0.0460032855508975,0.0527993683057277,0.0485110811892484,0.5153092279099839,0.1100639907652185,0.0390813416527069,0.117124327658276,0.0581787326903938,0.1195488681058513,0.1848194158690723,0.0737273853112103,0.1043393835280234,0.0661936624779365,0.0998223264891422,0.1135162994456444,0.2062458353919606,0.1593420287293022
BQ,0.2158605264578827,0.1843331780978727,0.2391314526395794,0.1735837282043516,0.1944095248876006,0.1960682800150542,0.2124346993306275,0.0,0.2287543451691119,0.1970437317009759,0.2072681156811728,0.2102241611359039,0.2163693600948243,0.2345050278185771,0.2266271633840229,0.1710110298799777,0.2109372795231223,0.2117121476103044,0.2367027080346294,0.1744909967410279,0.2121478328706088,0.2653635123832388,0.2013709748224184,0.2281308855737425,0.2086013253734711,0.2336346606654178,0.3791522819603904,0.2268466391432364,0.2061836549002065,0.1876426702849866,0.1779047525501323,0.2132036513288276,0.5090156479318388,0.2336083130612926,0.2196584364482886,0.2345284309528363,0.2264314368065562,0.4666136242425842,0.2288732514000691,0.2296145687960177,0.2210722675172536,0.2425377387796909,0.1700070232239542,0.20590725219072,0.1926382615514226,0.2153240270774512,0.2328362546965571,0.1885972940058096,0.2939493544933468,0.212633570297424,0.1854069261647712
BR,0.150257220250774,0.2259729191345767,0.0620009031904169,0.1351870579045435,0.1041661211942354,0.1637402904026524,0.0714746940961011,0.2287543451691119,0.0,0.1036590167926757,0.1179815659425191,0.080197447205309,0.0511161604619579,0.0602896102477503,0.089678328672221,0.1060119131206959,0.1836844936681744,0.0780084149197957,0.0821085929858511,0.1276057503734302,0.0980000640323747,0.2110695006432557,0.104524558678447,0.0817838481025956,0.1146005728841256,0.077146733942286,0.2313365071690702,0.1000760631043957,0.1894919529004581,0.1328274283668076,0.1153071928838697,0.1124114430773094,0.560978670429525,0.0698836914110873,0.0793109032236749,0.0712147794375186,0.0691602214272929,0.5104629193013934,0.1233720762900816,0.0706155962460054,0.1313510320161495,0.0783308849307647,0.1423770529804148,0.2061333362529643,0.0985401070951648,0.0957185990467667,0.0862782969330382,0.1142589871024106,0.1406481790727813,0.2252008039074428,0.1748360634284426
BS,0.0795656340188823,0.1706806432035287,0.1011037401797375,0.0999955251901519,0.0562760396078977,0.1125827774876269,0.0873350206935649,0.1970437317009759,0.1036590167926757,0.0,0.0497452975390131,0.0748365187263537,0.1020325801930103,0.0914794744539627,0.1000960871133271,0.0654171550204241,0.1056990749298635,0.0677422151875809,0.1103285492766135,0.076690534051933,0.0803913350118787,0.1808623213614093,0.0801959642317566,0.0943209513639208,0.0752096376817286,0.0970009885761759,0.2176206121929571,0.0566070165480547,0.1362187946861796,0.0789727814793356,0.0634555532537994,0.0866312897403612,0.4812215815983398,0.089085618120612,0.0666051615464937,0.0874661164291705,0.0965897136928519,0.4684098751634644,0.1220957722627353,0.1125585368009925,0.1206604070925274,0.092502234172209,0.0978480777166553,0.1370354558806981,0.0592150728004358,0.090516416907563,0.121052486206439,0.0671773344150895,0.1498505701048773,0.1505137502445259,0.1248528666369142
BZ,0.0963802920953128,0.1702225895780164,0.1001589000034836,0.1061829969479365,0.053767025945692,0.1178211787922891,0.0822637419864595,0.2072681156811728,0.1179815659425191,0.0497452975390131,0.0,0.0830517188163579,0.1044251034706691,0.0822119300857692,0.0916055562314901,0.0723854258334427,0.1300439390494409,0.0691620524239986,0.0986590751355759,0.0850257042411867,0.0838892180496934,0.1921578212778437,0.0846519023486943,0.0915821250763441,0.0684449815357137,0.0890584537960379,0.2394677088392235,0.0653306671673586,0.1524863344664985,0.0945953367944192,0.0636381902436755,0.0965059137478226,0.4886623169066002,0.0819307189418894,0.0589070904344805,0.0833361607391071,0.0910446152340279,0.4797698326815108,0.1255186677195305,0.09843616368252,0.1324275771149708,0.0894556405650932,0.1030042859505129,0.15266646396191,0.0642450554647233,0.0992627071953587,0.1111376852510062,0.0756262438542143,0.1488892952968749,0.1776950622291712,0.1319942706263941
CA,0.1157240254201344,0.1810674957566646,0.0799425651577259,0.1223099286327953,0.090729127124923,0.1045904370124435,0.0751571414538665,0.2102241611359039,0.080197447205309,0.0748365187263537,0.0830517188163579,0.0,0.0711749983227792,0.0671536039198369,0.0973459258212451,0.0877785397326975,0.1326144934598651,0.06363816537778,0.0898941728180519,0.089849652151231,0.0829925103818332,0.1565604454776472,0.0961652743703427,0.089913960885219,0.116844055219913,0.0843907248480078,0.2097214416597219,0.0734902497155033,0.168463975163582,0.0884594733208938,0.0828776593407361,0.1025516944981006,0.5415239310836865,0.0539515933899475,0.0741568947812234,0.060506604686295,0.072498757552467,0.4879732362056731,0.111300845029294,0.0969545110006101,0.1465767820944318,0.0780474240523004,0.1125772426826534,0.1694659832060771,0.0829899109321513,0.0289973612986662,0.094073404098283,0.0824604521742308,0.1038716715222772,0.1721212820056925,0.1259809824922009
CL,0.153559945767821,0.2163239771432167,0.0314624680835677,0.1239993741860712,0.0985508718237171,0.1453137680074615,0.0443567696786197,0.2163693600948243,0.0511161604619579,0.1020325801930103,0.1044251034706691,0.0711749983227792,0.0,0.0392544624215397,0.0794791905323399,0.0906539873349125,0.1862184396884628,0.0654014070886405,0.0568975150912841,0.1250925945104187,0.1064993547383448,0.1938750015679262,0.1064314365079919,0.0692589536768507,0.1140628247099947,0.069781666371479,0.2524030824486938,0.1025886826355623,0.1834106736172542,0.119356622261551,0.1138119097918002,0.1233755408762788,0.574656558244435,0.0609491101137337,0.0740824970124778,0.0573274767601181,0.0369872212652664,0.5090267564975215,0.1226133650209175,0.0366820587397949,0.1307785970910245,0.075993589417748,0.1432390660137276,0.2076898721499341,0.0919937156371069,0.0970560522081027,0.0549234300783452,0.1163105049919656,0.1306244561824201,0.2227961707506265,0.1684290430878157
CO,0.1456556479825368,0.2164041661635944,0.0421036868207929,0.1384651165424472,0.0841021793164895,0.1492810980164491,0.0446164094554024,0.2345050278185771,0.0602896102477503,0.0914794744539627,0.0822119300857692,0.0671536039198369,0.0392544624215397,0.0,0.0753948309454255,0.0936495883854097,0.1728581356367438,0.0480868726020855,0.0444169736499344,0.1194259447877877,0.0888094155522265,0.2006112630215245,0.0904160171906541,0.0660381088896452,0.1126688056275472,0.0579425092634509,0.2348844401309122,0.082110393527831,0.208495068632373,0.119920967229121,0.1036667275147771,0.1090866905556123,0.5693817984540919,0.0529122352101081,0.0559835635716479,0.0501639472116204,0.0365105515987396,0.5429825181904506,0.1390743194945859,0.0494592751146857,0.1505695415233418,0.0614529187295006,0.1421158372089394,0.2069024001072178,0.0925094438549609,0.0985283848305035,0.0696332669288736,0.103643713717286,0.0904486315233836,0.2295972849304559,0.1669130107896401
CR,0.1623052888688327,0.2231722764906292,0.0819875637023712,0.1148631924990397,0.0812497903506606,0.1644052332123274,0.065142017988701,0.2266271633840229,0.089678328672221,0.1000960871133271,0.0916055562314901,0.0973459258212451,0.0794791905323399,0.0753948309454255,0.0,0.0938191968092597,0.1925710248580423,0.0766528722984269,0.0807477965288909,0.1501033447090246,0.1371958829283619,0.2292748953753406,0.1123073613715193,0.0660733871409056,0.1101621270679342,0.0578680867253704,0.2722256885530695,0.0957738665213039,0.1872409747641782,0.1183821309615201,0.1103368737633296,0.1180988434814102,0.559896409053461,0.0611756591835435,0.0484660871816097,0.0674441786825424,0.0844866979078965,0.5197541978133402,0.0867950211725233,0.07132112459645,0.1265277989846781,0.0475397717610198,0.1465253657317251,0.198120889079146,0.0892410981454626,0.1010124741338949,0.0920958123393668,0.1266996137868833,0.1786468466542939,0.2280092826167724,0.172508177365623
CW,0.1107777367553475,0.1761975363356088,0.1208781283450551,0.0668201073428421,0.0567117953867688,0.1281946662521906,0.0796577111097236,0.1710110298799777,0.1060119131206959,0.0654171550204241,0.0723854258334427,0.0877785397326975,0.0906539873349125,0.0936495883854097,0.0938191968092597,0.0,0.1466708999291658,0.0786191220111902,0.1006594555669465,0.0833055721811752,0.097232138357319,0.197450017631217,0.0872605588928376,0.1011074008359971,0.0872488249104179,0.0953249196712306,0.2480080395066282,0.0808490925065188,0.127677993735493,0.091684112127239,0.0602666458400114,0.0933370094684514,0.4965892664859399,0.1072228333941318,0.0825691606146299,0.0909355195187529,0.1026928626204324,0.4685570548943293,0.1178397693356009,0.1024855382076757,0.1133371545576054,0.0978703202477986,0.0970466141737093,0.1617386171260215,0.0636404485860629,0.1094316184297247,0.1111995424488139,0.0812391368377997,0.1783921649061333,0.178931637662037,0.135480153517906
DM,0.1203816724197912,0.159913499222088,0.1890898047490937,0.1742607539296934,0.1332538046856177,0.1452598648888261,0.1598691560793915,0.2109372795231223,0.1836844936681744,0.1056990749298635,0.1300439390494409,0.1326144934598651,0.1862184396884628,0.1728581356367438,0.1925710248580423,0.1466708999291658,0.0,0.1424757991156713,0.1848684138527152,0.1088555479896997,0.1150259920401078,0.2211443918679867,0.1363149779430484,0.1731624605301206,0.1571134743653073,0.1762031460496361,0.2389098635550804,0.1183504094668367,0.1834233235933704,0.1287952308802961,0.1299004363660486,0.1469599184031621,0.4661903666875147,0.1588528168221196,0.1445672990970433,0.1653846974514646,0.1731864817788709,0.5002765185771583,0.1908805191518398,0.1962111854083839,0.2011356795546207,0.1756431955640293,0.120542989024898,0.1444376009757265,0.1384184209046508,0.1439933464502446,0.2123982598556977,0.1156136818592695,0.1781872101388567,0.1572210567445812,0.1472408162483344
DO,0.1174586661731427,0.1978082050436604,0.0728909706597555,0.1056106153837661,0.067412645337414,0.1258355829624327,0.0435517906922047,0.2117121476103044,0.0780084149197957,0.0677422151875809,0.0691620524239986,0.06363816537778,0.0654014070886405,0.0480868726020855,0.0766528722984269,0.0786191220111902,0.1424757991156713,0.0,0.0536613151461633,0.1026981330920872,0.082653040782769,0.1910929490843218,0.0860084338712614,0.0685776702705157,0.0942693805814717,0.0495986310583802,0.1895714962129746,0.0571668420471447,0.1565140513563008,0.0907093446380955,0.0913346526262633,0.1008014539284627,0.5478662876322369,0.0572735788586032,0.0495874188438995,0.0407401895247906,0.0547191630910331,0.5065318647156509,0.0973720349354954,0.0641515459240325,0.1175128771697919,0.0670963539980361,0.108725705427746,0.1721041934843399,0.0648444184146693,0.0932325855183781,0.0876461380823254,0.0869108983352076,0.1066731640409622,0.1984706936155651,0.1512923842095699
EC,0.1712124063440708,0.2320297266272408,0.0777866846202485,0.1385179435881407,0.0908115109488876,0.163382145057733,0.0417487746798662,0.2367027080346294,0.0821085929858511,0.1103285492766135,0.0986590751355759,0.0898941728180519,0.0568975150912841,0.0444169736499344,0.0807477965288909,0.1006594555669465,0.1848684138527152,0.0536613151461633,0.0,0.1361286320941913,0.1080925243986654,0.2178682474335357,0.0962502973451504,0.0792890012580799,0.1132246580134963,0.057550653946905,0.2351879941344776,0.0991624709862196,0.2095566595593361,0.1151548312346925,0.116363945344973,0.117636725224929,0.5695212765541997,0.0726010868247012,0.0734743490137097,0.0520300886186365,0.0505356392259583,0.5544441419845006,0.125274867482952,0.0516083978276968,0.1418240911953048,0.0691691146897717,0.1539700105412322,0.2147686230327539,0.0826488946995085,0.1204725809062772,0.084763294008912,0.126121922856795,0.1279378563835871,0.2412630137068825,0.183291548589257
GD,0.0852206931461214,0.1501011392389581,0.1439625807921767,0.11419891240881,0.0825713005134719,0.1091671429400679,0.1144847165167584,0.1744909967410279,0.1276057503734302,0.076690534051933,0.0850257042411867,0.089849652151231,0.1250925945104187,0.1194259447877877,0.1501033447090246,0.0833055721811752,0.1088555479896997,0.1026981330920872,0.1361286320941913,0.0,0.0793469646462777,0.1962602691239658,0.0964593985357996,0.1277698154459731,0.1032093186976769,0.1188303045672325,0.2353908416664012,0.0773017793486449,0.1433208688030729,0.1042571743356558,0.0670776331701294,0.1080381630336276,0.4658416099805205,0.1197972390824817,0.1048377351613237,0.1128852819761218,0.1221123366424428,0.4626253372065099,0.1497712554838207,0.143023539942386,0.1496872207947308,0.1198509178597146,0.0872361832356931,0.1308617502464913,0.0922210028916374,0.1027729473926639,0.1460787296094527,0.0633602626118169,0.1465429483769931,0.1518819351010408,0.1054711259379421
GF,0.0905065757619965,0.1486069107849024,0.1165568334022504,0.1425281067438524,0.0941729342982683,0.1221268684579517,0.0920378928938518,0.2121478328706088,0.0980000640323747,0.0803913350118787,0.0838892180496934,0.0829925103818332,0.1064993547383448,0.0888094155522265,0.1371958829283619,0.097232138357319,0.1150259920401078,0.082653040782769,0.1080925243986654,0.0793469646462777,0.0,0.1856130905904486,0.0410211658151188,0.1013805252355006,0.1050740976592971,0.1077500265273216,0.1985906694220038,0.0688509102745116,0.1639410331518905,0.1076653107115869,0.0800812931996852,0.0545343510371232,0.4720011167710878,0.0978086816843626,0.0838451925918406,0.1000719753181857,0.0960729129542333,0.4572056156612354,0.1421713131016609,0.1218251942224304,0.1511260465123188,0.1033576232203743,0.0922072414428043,0.1499316731258301,0.1005303679090027,0.1037873471911308,0.1371782973688096,0.0800657083633258,0.1175710044848877,0.1621452380552259,0.1226194944726704
GL,0.2109654082930506,0.2313407838490352,0.2007510524201919,0.2161432460461624,0.2111077220459616,0.1798507204470962,0.2029801867855926,0.2653635123832388,0.2110695006432557,0.1808623213614093,0.1921578212778437,0.1565604454776472,0.1938750015679262,0.2006112630215245,0.2292748953753406,0.197450017631217,0.2211443918679867,0.1910929490843218,0.2178682474335357,0.1962602691239658,0.1856130905904486,0.0,0.2062957646612858,0.2041663592508917,0.2325030397769316,0.2217503253018333,0.3363109685342753,0.2164065873478383,0.2512910129415819,0.1865883468263451,0.1944157726940658,0.2155222470511738,0.5516435868101359,0.194599328283736,0.1995106038158003,0.2078248373232991,0.20213121413187,0.5192981348575125,0.2317748746902024,0.2236756265242087,0.2478607647793489,0.21692572608701,0.1886147189670366,0.2382948451073278,0.1969199891267447,0.1687753987989512,0.2258288730877879,0.1991149964327457,0.2274050194539739,0.2435420705558352,0.2056782038688829
GP,0.1064497159744751,0.1660705297327402,0.1204036411367019,0.1286720434763438,0.084178161327826,0.1365918606950835,0.0829755248267082,0.2013709748224184,0.104524558678447,0.0801959642317566,0.0846519023486943,0.0961652743703427,0.1064314365079919,0.0904160171906541,0.1123073613715193,0.0872605588928376,0.1363149779430484,0.0860084338712614,0.0962502973451504,0.0964593985357996,0.0410211658151188,0.2062957646612858,0.0,0.0954027794887202,0.0931076524510335,0.1022601451182974,0.2214442877405315,0.0691825060133446,0.1628152538114678,0.1062019934634759,0.0749139549833237,0.0391213917147035,0.4822395526059545,0.1059922245873752,0.0873143091496372,0.0950337709579922,0.103148955492394,0.4540825047269647,0.1287378651028438,0.1102732665681148,0.1363861912792692,0.0920203013936294,0.1054854469087631,0.165753935182908,0.087336414211238,0.1170284415908422,0.1333883748923405,0.0936606500037976,0.1529497559822863,0.1766326735563252,0.1303035078010392
GT,0.138854542025845,0.2008229343513051,0.0736740949418278,0.1263781979100876,0.0994081659171672,0.143646119933721,0.0625849336102293,0.2281308855737425,0.0817838481025956,0.0943209513639208,0.0915821250763441,0.089913960885219,0.0692589536768507,0.0660381088896452,0.0660733871409056,0.1011074008359971,0.1731624605301206,0.0685776702705157,0.0792890012580799,0.1277698154459731,0.1013805252355006,0.2041663592508917,0.0954027794887202,0.0,0.1117070788135939,0.0523141311127007,0.2484754482124898,0.0857423357769211,0.1575768373492716,0.1254343525105437,0.1188108108069726,0.1111410916650399,0.5392189069080222,0.0633351715821991,0.0485032642862731,0.0856657413633477,0.0720715219990059,0.5030445875081921,0.1148646930992071,0.0721905278399391,0.1126255732955689,0.0490254547817353,0.1309215413470488,0.1987446178933803,0.0873355943071222,0.0978411122561715,0.0998375428487047,0.1197973207593986,0.1623155185593239,0.2090740407919742,0.1625803790495836
GY,0.1245830232045402,0.2015624393166444,0.1261075641812484,0.1149540769145367,0.068505533902085,0.1615579161232999,0.0916451817446282,0.2086013253734711,0.1146005728841256,0.0752096376817286,0.0684449815357137,0.116844055219913,0.1140628247099947,0.1126688056275472,0.1101621270679342,0.0872488249104179,0.1571134743653073,0.0942693805814717,0.1132246580134963,0.1032093186976769,0.1050740976592971,0.2325030397769316,0.0931076524510335,0.1117070788135939,0.0,0.0932876127968103,0.2475618514740241,0.0733512205010372,0.1729602144868912,0.1081980734197266,0.0831459962475117,0.1074978560264061,0.5023175099593709,0.1148650114003719,0.0859700047063803,0.0982955005567765,0.1093927163520058,0.4711364289136789,0.1370344862955053,0.10923689032865,0.1128591024102469,0.102792957416805,0.1210919785800342,0.1770564467373632,0.0594806085346815,0.1321315399375922,0.1239102953130678,0.0969902707069008,0.1888728605044444,0.1985643860585474,0.1630144465096686
HN,0.1517174594933062,0.2208386817508215,0.0774773816942956,0.1130297946578819,0.0756770914682481,0.1562224923662817,0.0489487629179481,0.2336346606654178,0.077146733942286,0.0970009885761759,0.0890584537960379,0.0843907248480078,0.069781666371479,0.0579425092634509,0.0578680867253704,0.0953249196712306,0.1762031460496361,0.0495986310583802,0.057550653946905,0.1188303045672325,0.1077500265273216,0.2217503253018333,0.1022601451182974,0.0523141311127007,0.0932876127968103,0.0,0.2320670629533345,0.0721142114277412,0.1823419866485376,0.1204415918507663,0.1016447524035704,0.1255993329625004,0.5592123009513212,0.0586969751459633,0.0434873771381292,0.0560640015373736,0.0607442261608115,0.5259165083714825,0.1013907041217012,0.059762744510817,0.1072675149292348,0.036632108292927,0.1343193701744964,0.2064265188573639,0.0793371441587377,0.0934251760687928,0.0834882492759129,0.1073402744947168,0.13448583310563,0.2236659805547761,0.1663932824961418
HT,0.2442948137610935,0.3154813419887364,0.2577163712490112,0.2885482607544669,0.2430825211919848,0.2783657464703732,0.2197304029406499,0.3791522819603904,0.2313365071690702,0.2176206121929571,0.2394677088392235,0.2097214416597219,0.2524030824486938,0.2348844401309122,0.2722256885530695,0.2480080395066282,0.2389098635550804,0.1895714962129746,0.2351879941344776,0.2353908416664012,0.1985906694220038,0.3363109685342753,0.2214442877405315,0.2484754482124898,0.2475618514740241,0.2320670629533345,0.0,0.1816620594164867,0.3098249299101355,0.2471617262264133,0.252593991870145,0.2338226109883368,0.6143672854557612,0.2199014945588939,0.2166608007245604,0.2197621901786008,0.2346052234358306,0.5998347773494911,0.2766639259922071,0.2734736214754862,0.2660582040688038,0.2363073394679919,0.232266270117155,0.2657192179293006,0.2410463341498305,0.2415371093537106,0.2842975472742927,0.2261240413172611,0.2129572171324352,0.3080924853280655,0.2890750299969332
JM,0.0843805783175842,0.1848728320675805,0.1121620491802529,0.1081247343982838,0.0512160369126524,0.1281814621061735,0.0733312343943221,0.2268466391432364,0.1000760631043957,0.0566070165480547,0.0653306671673586,0.0734902497155033,0.1025886826355623,0.082110393527831,0.0957738665213039,0.0808490925065188,0.1183504094668367,0.0571668420471447,0.0991624709862196,0.0773017793486449,0.0688509102745116,0.2164065873478383,0.0691825060133446,0.0857423357769211,0.0733512205010372,0.0721142114277412,0.1816620594164867,0.0,0.1538266024956648,0.0977650664022135,0.0753588122997046,0.0837778784365959,0.5094078202534875,0.0760895378758921,0.0582184587525175,0.0619629014325207,0.0841600475653214,0.4892276665736403,0.1178178669645403,0.1089348619360028,0.1264685753938164,0.0709700303980602,0.0957558292301332,0.1526956948075524,0.0630567903536036,0.0876669664973283,0.1168974723234492,0.0598538104835432,0.1240647777168753,0.1710984834078364,0.1405891955761006
KN,0.1521874671554997,0.1979307517288582,0.2103390903989803,0.1356658492291195,0.1497676622049663,0.1520154078101125,0.1773776523448742,0.2061836549002065,0.1894919529004581,0.1362187946861796,0.1524863344664985,0.168463975163582,0.1834106736172542,0.208495068632373,0.1872409747641782,0.127677993735493,0.1834233235933704,0.1565140513563008,0.2095566595593361,0.1433208688030729,0.1639410331518905,0.2512910129415819,0.1628152538114678,0.1575768373492716,0.1729602144868912,0.1823419866485376,0.3098249299101355,0.1538266024956648,0.0,0.1604402475416224,0.1325499043825122,0.1615511562493896,0.4953850918016117,0.1911571059887018,0.1646470409695227,0.188418776079132,0.197300399920021,0.4542965202720319,0.1765237168109054,0.1954204648916322,0.1767676985146536,0.1818716179667956,0.140632558487917,0.1922143238583689,0.137697069085078,0.1721154186956731,0.1994932046265464,0.1474204589890669,0.2753963677073966,0.2014514255695552,0.1635315740354082
KY,0.1136970738435366,0.1669754923195995,0.1248334199939239,0.1113459636335554,0.0864568650436652,0.103024579198686,0.0990934832684442,0.1876426702849866,0.1328274283668076,0.0789727814793356,0.0945953367944192,0.0884594733208938,0.119356622261551,0.119920967229121,0.1183821309615201,0.091684112127239,0.1287952308802961,0.0907093446380955,0.1151548312346925,0.1042571743356558,0.1076653107115869,0.1865883468263451,0.1062019934634759,0.1254343525105437,0.1081980734197266,0.1204415918507663,0.2471617262264133,0.0977650664022135,0.1604402475416224,0.0,0.0987133021917492,0.1112899179503152,0.5156063235951576,0.1072332722938915,0.0996504057504741,0.0948199740946018,0.1129719522136146,0.4905158727201092,0.1268070570515052,0.1203030648727554,0.1466290432011141,0.1113662801267487,0.1105107047754982,0.145582369630101,0.0828545200679369,0.1043942066504841,0.1350500970449402,0.0974376476493447,0.1740733843571654,0.1635107113830238,0.1242825938046314
LC,0.0952473549491795,0.1687947689559074,0.1298109684740516,0.0871534005067753,0.061415697482376,0.1227915037394661,0.0964102197148766,0.1779047525501323,0.1153071928838697,0.0634555532537994,0.0636381902436755,0.0828776593407361,0.1138119097918002,0.1036667275147771,0.1103368737633296,0.0602666458400114,0.1299004363660486,0.0913346526262633,0.116363945344973,0.0670776331701294,0.0800812931996852,0.1944157726940658,0.0749139549833237,0.1188108108069726,0.0831459962475117,0.1016447524035704,0.252593991870145,0.0753588122997046,0.1325499043825122,0.0987133021917492,0.0,0.0769925429364492,0.457975963591775,0.109698757047904,0.0938009973878664,0.0930125985850246,0.1143375199505863,0.4466990800524286,0.1287942085471307,0.1197881774834153,0.1364297066275517,0.111041162321427,0.0994667538934559,0.1519522103576892,0.0718708164330208,0.1018047657325953,0.1265548125489238,0.0677538151218396,0.153901337526173,0.1641301464588803,0.1235531057308365
MQ,0.1140387741969823,0.1782232214680501,0.133429542195846,0.1296288404248706,0.092769648307651,0.1434268012476875,0.0974876206054374,0.2132036513288276,0.1124114430773094,0.0866312897403612,0.0965059137478226,0.1025516944981006,0.1233755408762788,0.1090866905556123,0.1180988434814102,0.0933370094684514,0.1469599184031621,0.1008014539284627,0.117636725224929,0.1080381630336276,0.0545343510371232,0.2155222470511738,0.0391213917147035,0.1111410916650399,0.1074978560264061,0.1255993329625004,0.2338226109883368,0.0837778784365959,0.1615511562493896,0.1112899179503152,0.0769925429364492,0.0,0.4831435263630179,0.1139751877328645,0.0952862517262372,0.1050157447003652,0.1176210411914089,0.4584471687990822,0.1306822830856616,0.1262829599504801,0.149747455840113,0.107433683158832,0.1177656250632228,0.1756513009842059,0.0952871191505956,0.1220744286009998,0.1445594854339221,0.106517422859881,0.1736084084471423,0.188019207089726,0.1462961055049184
MS,0.4634856125095242,0.4718874455897551,0.5768274623503884,0.506544061408935,0.5074408805048881,0.4992205988595538,0.5567476750337527,0.5090156479318388,0.560978670429525,0.4812215815983398,0.4886623169066002,0.5415239310836865,0.574656558244435,0.5693817984540919,0.559896409053461,0.4965892664859399,0.4661903666875147,0.5478662876322369,0.5695212765541997,0.4658416099805205,0.4720011167710878,0.5516435868101359,0.4822395526059545,0.5392189069080222,0.5023175099593709,0.5592123009513212,0.6143672854557612,0.5094078202534875,0.4953850918016117,0.5156063235951576,0.457975963591775,0.4831435263630179,0.0,0.5731780793850946,0.5252638966751761,0.5808623972317233,0.58263475133817,0.6557376961880313,0.5388559446620356,0.5663147548985261,0.5285496972077464,0.5494589505441134,0.4585166465260828,0.4975782041930864,0.4938784818083044,0.5344791043705144,0.5835690475088833,0.4947882204888979,0.5957670329052833,0.4688704377103942,0.4665094048831555
MX,0.1306151724589676,0.2034697083943096,0.0547319041284225,0.1308867489886005,0.0952567994282713,0.1283870511265766,0.0557775027894819,0.2336083130612926,0.0698836914110873,0.089085618120612,0.0819307189418894,0.0539515933899475,0.0609491101137337,0.0529122352101081,0.0611756591835435,0.1072228333941318,0.1588528168221196,0.0572735788586032,0.0726010868247012,0.1197972390824817,0.0978086816843626,0.194599328283736,0.1059922245873752,0.0633351715821991,0.1148650114003719,0.0586969751459633,0.2199014945588939,0.0760895378758921,0.1911571059887018,0.1072332722938915,0.109698757047904,0.1139751877328645,0.5731780793850946,0.0,0.0431111140329326,0.0559170639336588,0.0509470379315946,0.5282932673944979,0.0943705114666353,0.0676504866213991,0.1357866512571575,0.0476143373523542,0.1257963955255324,0.1841733554592515,0.0917604594368785,0.0585114616810465,0.0822474202230248,0.1060051857483099,0.1050888714951937,0.2035334967480498,0.151018653224371
NI,0.1074030835859004,0.1915092444095477,0.0699086402554021,0.1119515271481914,0.0673377793699134,0.1286200097143525,0.0460032855508975,0.2196584364482886,0.0793109032236749,0.0666051615464937,0.0589070904344805,0.0741568947812234,0.0740824970124778,0.0559835635716479,0.0484660871816097,0.0825691606146299,0.1445672990970433,0.0495874188438995,0.0734743490137097,0.1048377351613237,0.0838451925918406,0.1995106038158003,0.0873143091496372,0.0485032642862731,0.0859700047063803,0.0434873771381292,0.2166608007245604,0.0582184587525175,0.1646470409695227,0.0996504057504741,0.0938009973878664,0.0952862517262372,0.5252638966751761,0.0431111140329326,0.0,0.0626162858604723,0.0632340609984614,0.5137787959688347,0.0951340349363172,0.0663591999566554,0.1080201039380934,0.030992632267314,0.1061066577360213,0.166863751003934,0.0757047810275541,0.0768232547030977,0.0872460233144072,0.0886203124408572,0.1203327369446225,0.1920469958986635,0.1470507967546441
PA,0.1316092766677687,0.2233468406245794,0.0719011834947633,0.1179178109908178,0.063004884969408,0.1415055553719379,0.0527993683057277,0.2345284309528363,0.0712147794375186,0.0874661164291705,0.0833361607391071,0.060506604686295,0.0573274767601181,0.0501639472116204,0.0674441786825424,0.0909355195187529,0.1653846974514646,0.0407401895247906,0.0520300886186365,0.1128852819761218,0.1000719753181857,0.2078248373232991,0.0950337709579922,0.0856657413633477,0.0982955005567765,0.0560640015373736,0.2197621901786008,0.0619629014325207,0.188418776079132,0.0948199740946018,0.0930125985850246,0.1050157447003652,0.5808623972317233,0.0559170639336588,0.0626162858604723,0.0,0.0483225149773768,0.531099329827445,0.1021162228358775,0.0614235268165741,0.1385039884574761,0.0568511166322137,0.1280060296760612,0.1850107441747216,0.0728369785883826,0.0867099330258978,0.0761763029680558,0.0851305291933125,0.1125766052171768,0.2170932723272738,0.1650098951747847
PE,0.1438428759298973,0.214852960461929,0.0501911240005614,0.1403800415440813,0.0896935909115321,0.1439430322440416,0.0485110811892484,0.2264314368065562,0.0691602214272929,0.0965897136928519,0.0910446152340279,0.072498757552467,0.0369872212652664,0.0365105515987396,0.0844866979078965,0.1026928626204324,0.1731864817788709,0.0547191630910331,0.0505356392259583,0.1221123366424428,0.0960729129542333,0.20213121413187,0.103148955492394,0.0720715219990059,0.1093927163520058,0.0607442261608115,0.2346052234358306,0.0841600475653214,0.197300399920021,0.1129719522136146,0.1143375199505863,0.1176210411914089,0.58263475133817,0.0509470379315946,0.0632340609984614,0.0483225149773768,0.0,0.5349881372920594,0.1280894342317524,0.0544255231521043,0.1385071205139907,0.0651099029774135,0.1425211576293642,0.2005411412754137,0.0886471095270304,0.0982863483595857,0.0757788203035447,0.1082981249404965,0.1134183929702358,0.2085604464727769,0.1679952201569795
PM,0.470088066755983,0.4924993447380078,0.514880554184391,0.4651972210445161,0.4922124931989632,0.4827689587462817,0.5153092279099839,0.4666136242425842,0.5104629193013934,0.4684098751634644,0.4797698326815108,0.4879732362056731,0.5090267564975215,0.5429825181904506,0.5197541978133402,0.4685570548943293,0.5002765185771583,0.5065318647156509,0.5544441419845006,0.4626253372065099,0.4572056156612354,0.5192981348575125,0.4540825047269647,0.5030445875081921,0.4711364289136789,0.5259165083714825,0.5998347773494911,0.4892276665736403,0.4542965202720319,0.4905158727201092,0.4466990800524286,0.4584471687990822,0.6557376961880313,0.5282932673944979,0.5137787959688347,0.531099329827445,0.5349881372920594,0.0,0.5037958039537755,0.5115631081456686,0.5031709107428821,0.5383430337626562,0.4617913608725911,0.4941940121266208,0.4754586285805168,0.5007284172240134,0.5338041959961661,0.4819590534825971,0.57231363444023,0.4937752276167406,0.478986419930573
PR,0.1654463789534122,0.2203663583916096,0.1444919746497427,0.1103642860525782,0.1075826124819872,0.1629237739629359,0.1100639907652185,0.2288732514000691,0.1233720762900816,0.1220957722627353,0.1255186677195305,0.111300845029294,0.1226133650209175,0.1390743194945859,0.0867950211725233,0.1178397693356009,0.1908805191518398,0.0973720349354954,0.125274867482952,0.1497712554838207,0.1421713131016609,0.2317748746902024,0.1287378651028438,0.1148646930992071,0.1370344862955053,0.1013907041217012,0.2766639259922071,0.1178178669645403,0.1765237168109054,0.1268070570515052,0.1287942085471307,0.1306822830856616,0.5388559446620356,0.0943705114666353,0.0951340349363172,0.1021162228358775,0.1280894342317524,0.5037958039537755,0.0,0.1189777668157368,0.1350056389454826,0.092996848342337,0.1374954995869455,0.2006052809618421,0.1072720651734302,0.0972356367938567,0.1351952128819153,0.1409191111272159,0.2178839258250233,0.20217872896945,0.15089608698835
PY,0.1658621094753685,0.2337103614461464,0.0456669647092866,0.1216268356144884,0.0953291999387215,0.1605425367015882,0.0390813416527069,0.2296145687960177,0.0706155962460054,0.1125585368009925,0.09843616368252,0.0969545110006101,0.0366820587397949,0.0494592751146857,0.07132112459645,0.1024855382076757,0.1962111854083839,0.0641515459240325,0.0516083978276968,0.143023539942386,0.1218251942224304,0.2236756265242087,0.1102732665681148,0.0721905278399391,0.10923689032865,0.059762744510817,0.2734736214754862,0.1089348619360028,0.1954204648916322,0.1203030648727554,0.1197881774834153,0.1262829599504801,0.5663147548985261,0.0676504866213991,0.0663591999566554,0.0614235268165741,0.0544255231521043,0.5115631081456686,0.1189777668157368,0.0,0.1337289425215178,0.0756067224452581,0.151175022647212,0.2205676600576879,0.0906392071439015,0.1206525693706789,0.0531949356989374,0.1352593157263191,0.1509306809931062,0.2387046809673665,0.1743150091772297
SR,0.1625712092528631,0.2268562808308647,0.1491832242778286,0.1265946594905812,0.1195803571979633,0.1788698621518069,0.117124327658276,0.2210722675172536,0.1313510320161495,0.1206604070925274,0.1324275771149708,0.1465767820944318,0.1307785970910245,0.1505695415233418,0.1265277989846781,0.1133371545576054,0.2011356795546207,0.1175128771697919,0.1418240911953048,0.1496872207947308,0.1511260465123188,0.2478607647793489,0.1363861912792692,0.1126255732955689,0.1128591024102469,0.1072675149292348,0.2660582040688038,0.1264685753938164,0.1767676985146536,0.1466290432011141,0.1364297066275517,0.149747455840113,0.5285496972077464,0.1357866512571575,0.1080201039380934,0.1385039884574761,0.1385071205139907,0.5031709107428821,0.1350056389454826,0.1337289425215178,0.0,0.1183691368442083,0.1488995845420131,0.2094131872084443,0.096746442727589,0.1476870094665496,0.1501594009221616,0.1410207499370713,0.2330486629744339,0.2186832154918907,0.1898711043599416
