ISO_CODE,AE,AF,AM,AZ,BD,BH,BN,BT,CN,GE,HK,ID,IL,IN,IQ,JO,JP,KG,KH,KR,KW,KZ,LA,LB,LK,MM,MN,MO,MV,MY,NP,OM,PH,PK,PS,QA,SA,SG,TH,TJ,TM,TR,TW,UZ,VN,YE
AE,0.0,0.1635493050497826,0.1480884719560964,0.1610117630901463,0.1071748156153175,0.040132423067593,0.120288492797916,0.1682400054534378,0.1277471031436509,0.126788737137281,0.1962784007187998,0.1228028148272076,0.1471397360832106,0.0765277362084927,0.1859495306208749,0.188905176750538,0.1440074976624117,0.1076081878429009,0.189386936148036,0.1242407084035961,0.0521105386155862,0.1059387827384935,0.1648374827035963,0.0957659122174371,0.1470603985773332,0.0969482239508773,0.1941511501044064,0.2082333312678326,0.091681543443849,0.2230088428722978,0.1595202871425144,0.0507756103302835,0.103804934201217,0.0958168919882753,0.1996678012378012,0.0360099434921502,0.0350136759806344,0.1002105026433526,0.2320509263569262,0.1126025049674229,0.1978597716297823,0.1457435978081201,0.2248604678446194,0.1135798735751613,0.2282064330577664,0.0997984788338094
AF,0.1635493050497826,0.0,0.2503885051560457,0.2406705539385991,0.2163182513199555,0.1686513304509626,0.2096864774368575,0.2590920244826613,0.2437937298216006,0.2416530461208766,0.2839183942557227,0.2205432260883575,0.2131509691065229,0.2031184000620638,0.2148972207199698,0.2492312379559325,0.2645528270424959,0.1922680184053947,0.2935189955424579,0.2369434892185111,0.1795444488081542,0.2117745770180438,0.2805862864340205,0.1738217780871707,0.2760108196277211,0.2211217163979588,0.3000523836151858,0.290853069608108,0.1695561365529806,0.2816655735736657,0.2560850246750418,0.1900407862838371,0.2336941942890323,0.162727530831453,0.21519404331597,0.1643430576275916,0.1519974217122361,0.2094521064831405,0.3151708921389764,0.1809294737732661,0.3032430370698644,0.2113533944345164,0.2984208129546634,0.2015796579138469,0.2999352861755571,0.1622704595770021
AM,0.1480884719560964,0.2503885051560457,0.0,0.134445393404174,0.170923218317285,0.1385440924483986,0.1894968457610306,0.2173648570918555,0.1434647109550562,0.1072381295338481,0.211726315263703,0.1629180010795938,0.1786263424104268,0.1660323740300712,0.2510408431169528,0.2736430801813613,0.1524962162672972,0.0825657430465941,0.2079181127964393,0.1418955082316997,0.1430495129270454,0.0809398014329503,0.1854292617344742,0.149524825015505,0.1880970892563879,0.1388509412434041,0.202497243544498,0.2199804771479736,0.1662161509957546,0.2955733072496639,0.2258883979716085,0.1443804859418714,0.1525493400835512,0.2213176035055798,0.2618201616835248,0.1321901807971349,0.1302446655272927,0.1413041211565273,0.2623345230437548,0.0988374538717813,0.218749310098538,0.1794491858844378,0.2456661868725685,0.0916272429418235,0.2637907019578668,0.1442357039436856
AZ,0.1610117630901463,0.2406705539385991,0.134445393404174,0.0,0.1775626065705474,0.1583234748483785,0.1921760502185757,0.2538812637913794,0.1444631420922224,0.1316906052935746,0.2373085674565845,0.1739148335238085,0.2034892106010584,0.1797660955608743,0.2384226005528933,0.2549152605234771,0.1599322496667863,0.0991204157715204,0.230108648824327,0.1691706652667409,0.1443647578280791,0.0968509336849666,0.2065972832178392,0.1720709137256427,0.2233009110502166,0.1470151088507754,0.2165246834502822,0.2486094875991024,0.191734306379337,0.2933939729851248,0.2541415713097456,0.1442297016327445,0.1719981039994061,0.2241411671845217,0.2534884264152106,0.1481974458212706,0.133608170286763,0.1699171120130868,0.282465976028467,0.1063983142796762,0.2090475794519051,0.1331133904898445,0.2764558165564859,0.1005009736359553,0.2887279653816507,0.1454262524140678
BD,0.1071748156153175,0.2163182513199555,0.170923218317285,0.1775626065705474,0.0,0.0852346295071074,0.1743998513378875,0.1979856919364484,0.1254620511413035,0.1486734633527123,0.2387034411298171,0.1540381040123252,0.2094781793237115,0.0964318081007971,0.2441695173784542,0.2657732259044892,0.1510730306406918,0.1287739324543408,0.1987764087889206,0.1475529092066557,0.100188385415511,0.1228752520931875,0.1737720473335539,0.1586967638221685,0.1690779594623823,0.1067199295728047,0.2004998331046245,0.2521945534200174,0.1284317985559735,0.2755298226669057,0.1857540545812193,0.0662100428895999,0.1318817183857292,0.1565210785118433,0.2709398307505697,0.0878961957130414,0.0818878895726281,0.1400864346791842,0.2626998123525479,0.1339953586450746,0.2021145843787988,0.1724511526588841,0.26912428140104,0.1310789647972402,0.2583804110801752,0.1321107863919068
BH,0.040132423067593,0.1686513304509626,0.1385440924483986,0.1583234748483785,0.0852346295071074,0.0,0.1182812542972377,0.1632908307644237,0.128055386857773,0.1228225076203527,0.1927094215377277,0.1178346072603082,0.1329528265662249,0.0676043253367636,0.1452285882220081,0.1426496582156957,0.1404001679534441,0.0949067880903591,0.1789724781183765,0.1175689137771535,0.0277664383898614,0.094965742997779,0.156533531628914,0.0906566937587328,0.1392202225535476,0.0857311575457724,0.1914622861236095,0.2030134113113086,0.0872900882070364,0.2224568767881084,0.1634017874805698,0.0380040895226619,0.1043252631275671,0.1097355503636683,0.1772406212905009,0.0246891575681226,0.0286294426187422,0.0960803362491447,0.2218527401860773,0.1052439030285377,0.1983514733889791,0.1420065043735093,0.2196099009525701,0.1051542961314156,0.2242457868145274,0.0882122732415138
BN,0.120288492797916,0.2096864774368575,0.1894968457610306,0.1921760502185757,0.1743998513378875,0.1182812542972377,0.0,0.2116907657103296,0.1768999675673106,0.1777993555285744,0.1767733144545323,0.0935461436933902,0.1673478250502372,0.1708834965267364,0.2082670066733597,0.2103428393917642,0.1785285641181392,0.1457362475689732,0.2219924967318209,0.1422070531834832,0.1224326680060595,0.1463841487586709,0.1966359781980596,0.1307792731270733,0.2021294102531616,0.1381831676581587,0.2366464383463332,0.1819737547599311,0.1274135638621218,0.0807752782651064,0.2314138142506562,0.1371725914579332,0.1432202823023117,0.1842905116148137,0.2139028563490685,0.1097494853355822,0.1119886361722272,0.0919213058085738,0.236603077557617,0.1584345718357112,0.25415128652094,0.1725274820844954,0.2059601411866747,0.1563558005851397,0.241162960736127,0.1414659861509895
BT,0.1682400054534378,0.2590920244826613,0.2173648570918555,0.2538812637913794,0.1979856919364484,0.1632908307644237,0.2116907657103296,0.0,0.207660006639657,0.2054805893985518,0.2470075352676078,0.1978159351746224,0.213451067144342,0.1667336517224289,0.275827514635814,0.303672741139112,0.2198566464748074,0.179999319882393,0.2405763825682378,0.1914038304300882,0.1776050218912656,0.1826115982108375,0.2257775450503797,0.1832294673336911,0.2030520457561609,0.1612157019452401,0.2566982672223799,0.2621452798463644,0.1713330422310878,0.2922185664343426,0.1741320540157256,0.1726235633547094,0.1888680496352838,0.2328583457782078,0.2904995163701428,0.1507055277838133,0.1606732010340659,0.1634559984012273,0.2745663966356991,0.1888688786274807,0.2626175567818679,0.2320355245122686,0.2603032405224004,0.1912162349378825,0.2564992345828691,0.1832586355090175
CN,0.1277471031436509,0.2437937298216006,0.1434647109550562,0.1444631420922224,0.1254620511413035,0.128055386857773,0.1768999675673106,0.207660006639657,0.0,0.1078234801414095,0.2178119288540384,0.095955156370873,0.21147174250071,0.1104882030140158,0.253538304849877,0.2956682276672867,0.0302804968222824,0.0988707038908668,0.1784717179798698,0.1111675458779738,0.113053873977142,0.0785349794819977,0.1491593789451303,0.1665859338048734,0.1732754861641692,0.0990824095906385,0.1676491347485893,0.2219212626732433,0.1813485915544963,0.297743524732161,0.2081031114785059,0.0825053896339853,0.1098720224503586,0.1936140289865627,0.3018403862087214,0.1050298628359971,0.0788840192293036,0.1249799212767364,0.2583916514209353,0.0834693867456497,0.0974300619256726,0.1458750438375681,0.2529343400047181,0.0784498890814042,0.2555470305129249,0.0950392091552296
GE,0.126788737137281,0.2416530461208766,0.1072381295338481,0.1316906052935746,0.1486734633527123,0.1228225076203527,0.1777993555285744,0.2054805893985518,0.1078234801414095,0.0,0.2197601066937492,0.1396966724054209,0.1696548149573112,0.1381909084149523,0.2403610308285881,0.2636453682984441,0.1246373920221597,0.093508321624259,0.1919738608437592,0.1298200835634566,0.1202783706007721,0.085658588989546,0.1725698884993827,0.1367335708027006,0.1757035721515353,0.1143132594133455,0.1813812084050293,0.2270493058812066,0.1523024863080108,0.2913629502048135,0.2135475856839009,0.1124336756552072,0.1231235096253048,0.1988911074489662,0.2565141911826659,0.1099264434617289,0.1036061864063567,0.1306242833740947,0.2556622743316147,0.099302748035547,0.188209372811498,0.1524843499587116,0.2531031852962634,0.0932346777972495,0.2498199516179234,0.1257035069650067
HK,0.1962784007187998,0.2839183942557227,0.211726315263703,0.2373085674565845,0.2387034411298171,0.1927094215377277,0.1767733144545323,0.2470075352676078,0.2178119288540384,0.2197601066937492,0.0,0.1888137191525933,0.1794227723681494,0.2398816555835219,0.2499134589733299,0.2537322932050657,0.1843127268329533,0.1667022898462965,0.2477808677053998,0.1219125627518032,0.2034336776034407,0.1737194253365073,0.2054681368460573,0.1830310049873683,0.2487795823822042,0.1811544873919172,0.2648656653454173,0.0329381041845747,0.1795022109882011,0.2228570182293262,0.2606993197530537,0.2350755341365864,0.1901740529115819,0.2796890887765944,0.2585534449658233,0.1909723926794646,0.1964118430741577,0.0987660792432497,0.1914429593968702,0.196849317546467,0.3014992074249807,0.2426780739375422,0.0566628395539615,0.1774271299747589,0.1875006852106601,0.2113384487635256
ID,0.1228028148272076,0.2205432260883575,0.1629180010795938,0.1739148335238085,0.1540381040123252,0.1178346072603082,0.0935461436933902,0.1978159351746224,0.095955156370873,0.1396966724054209,0.1888137191525933,0.0,0.1777245133011635,0.1317464681824069,0.2230177271050809,0.2548961313345191,0.1118736182949208,0.1180735992061584,0.19594736652631,0.1221747236418203,0.1182548607265265,0.1131255905996762,0.163168684599759,0.1387016792250127,0.1878171260901566,0.1049982345774723,0.2074177727600461,0.2064127969203499,0.1533612039317085,0.1999674928227562,0.2188408799733492,0.1084150101023821,0.1254633130286819,0.1904551477906871,0.2472633047062546,0.1031353046990497,0.0864135746740718,0.1032774845296913,0.2346190322425041,0.1180628649937742,0.1828830764525461,0.1599147244926051,0.2215414886681742,0.1167918844125278,0.2408698863265764,0.1078787946127113
IL,0.1471397360832106,0.2131509691065229,0.1786263424104268,0.2034892106010584,0.2094781793237115,0.1329528265662249,0.1673478250502372,0.213451067144342,0.21147174250071,0.1696548149573112,0.1794227723681494,0.1777245133011635,0.0,0.1923319844404929,0.1892933843790337,0.1728509592608168,0.2024939721766074,0.1426171576186036,0.2459273654608134,0.1583478550191125,0.1369535462840148,0.1468196045944624,0.2218416523783547,0.1015749702792024,0.2215484401333396,0.1764668994864399,0.2554645868462122,0.1785614376349913,0.1429275582675921,0.245593271729605,0.242847622572671,0.1682282339801659,0.1761579563695271,0.2244788672140648,0.1201982996389213,0.1254197213549004,0.1369200379816242,0.1174633026090534,0.2450179380618925,0.1625184357672263,0.2710649277937139,0.1742784793238913,0.1923871513164339,0.1555107162091263,0.2219723469540359,0.1288140042879715
IN,0.0765277362084927,0.2031184000620638,0.1660323740300712,0.1797660955608743,0.0964318081007971,0.0676043253367636,0.1708834965267364,0.1667336517224289,0.1104882030140158,0.1381909084149523,0.2398816555835219,0.1317464681824069,0.1923319844404929,0.0,0.2383819609157367,0.2699773869625309,0.1380445700452889,0.1194293521473035,0.1924525346793385,0.1420781435569782,0.0826026287082571,0.1121908258660969,0.1683153537934315,0.1440335930745744,0.132098601828747,0.093300718011727,0.1998444721408657,0.2583074148031197,0.1216157091760359,0.2710071421758886,0.1385741107352164,0.0522881211480853,0.11334407247414,0.1308404117416091,0.2728158705639292,0.0559929032270515,0.0613084036894355,0.1298035510977369,0.2566364523585659,0.1208659009936899,0.1710802155289865,0.1639299734482161,0.2727917109616695,0.1213617430821146,0.2578930793560336,0.1187049094882123
IQ,0.1859495306208749,0.2148972207199698,0.2510408431169528,0.2384226005528933,0.2441695173784542,0.1452285882220081,0.2082670066733597,0.275827514635814,0.253538304849877,0.2403610308285881,0.2499134589733299,0.2230177271050809,0.1892933843790337,0.2383819609157367,0.0,0.0941535199349405,0.2550788306989339,0.1982765225672063,0.2923205725516989,0.2125888594292636,0.1278008959019156,0.2025463945551266,0.2619718838229372,0.1455798597317259,0.276978294570041,0.2099502326115901,0.3032916855216111,0.2532312235610301,0.2001729587550257,0.2769687265248759,0.3005588482184532,0.1900740545317707,0.2286854766099566,0.2427005267074991,0.1275939900315955,0.1718010751069525,0.1607537491688254,0.2001701332033297,0.2920253628691911,0.213231806062671,0.3111589801450416,0.2021332935123774,0.2634775151334954,0.2070308436213103,0.2711702968634958,0.1462135108553038
JO,0.188905176750538,0.2492312379559325,0.2736430801813613,0.2549152605234771,0.2657732259044892,0.1426496582156957,0.2103428393917642,0.303672741139112,0.2956682276672867,0.2636453682984441,0.2537322932050657,0.2548961313345191,0.1728509592608168,0.2699773869625309,0.0941535199349405,0.0,0.292310097365826,0.2240614430036326,0.3150797935419971,0.2425664491101191,0.1173370841094562,0.2276795929175455,0.2850993091478753,0.1488808061778272,0.295413045969608,0.2369093516272458,0.3242224089924651,0.2547876700614602,0.2051295755616651,0.2848827928538497,0.3159164630562983,0.1999754122428265,0.2544208432901067,0.2681700986874075,0.1005881228063214,0.1749616397427478,0.1780442996559619,0.2109408952420919,0.2994274099290297,0.2446875152842575,0.3500447381391065,0.2177350542477627,0.2648174085525347,0.2340864755974472,0.2923452025124921,0.1806804575259081
JP,0.1440074976624117,0.2645528270424959,0.1524962162672972,0.1599322496667863,0.1510730306406918,0.1404001679534441,0.1785285641181392,0.2198566464748074,0.0302804968222824,0.1246373920221597,0.1843127268329533,0.1118736182949208,0.2024939721766074,0.1380445700452889,0.2550788306989339,0.292310097365826,0.0,0.0979034371464556,0.1932003271560805,0.0967501254334508,0.1298912771435819,0.0795778037785291,0.158960890843297,0.1750636334574803,0.1887704613709679,0.1157908422222813,0.1781397891074826,0.1835139461252228,0.1917970433810234,0.2940332152697266,0.2267087282664448,0.1157125020720191,0.1265489036629065,0.2201813554407075,0.3058937821412965,0.1266342036859682,0.0987526843697057,0.1084666562033391,0.2448331457374707,0.0978900031577179,0.1253772189385295,0.1593051102774428,0.2141463473135718,0.0816867651129955,0.2569829713853839,0.1148853357083015
KG,0.1076081878429009,0.1922680184053947,0.0825657430465941,0.0991204157715204,0.1287739324543408,0.0949067880903591,0.1457362475689732,0.179999319882393,0.0988707038908668,0.093508321624259,0.1667022898462965,0.1180735992061584,0.1426171576186036,0.1194293521473035,0.1982765225672063,0.2240614430036326,0.0979034371464556,0.0,0.1709681270072298,0.0886976809756687,0.0941265917275059,0.0164288425200137,0.1357464304751942,0.1141336225037462,0.1613841652535519,0.0775862730991758,0.1630045407477752,0.1767331453318196,0.14162499368225,0.2510571909334611,0.2042320778756526,0.0947306275039283,0.124639590997032,0.1813298077297764,0.222675265704024,0.0889802086901528,0.0756513078084173,0.0991674885320553,0.2079761046790588,0.0261896200893029,0.1593040243012986,0.1300650627838735,0.1964489397904435,0.0186510239396385,0.2197380050078246,0.0880075553162962
KH,0.189386936148036,0.2935189955424579,0.2079181127964393,0.230108648824327,0.1987764087889206,0.1789724781183765,0.2219924967318209,0.2405763825682378,0.1784717179798698,0.1919738608437592,0.2477808677053998,0.19594736652631,0.2459273654608134,0.1924525346793385,0.2923205725516989,0.3150797935419971,0.1932003271560805,0.1709681270072298,0.0,0.1793252480937824,0.1869959835319387,0.1687386577901497,0.1880083137634639,0.2097211880813539,0.2172756114633839,0.1481268235280867,0.239832486698079,0.2539330556082346,0.2043869950446361,0.3088423932336352,0.243845700543579,0.1730871526823933,0.1833181972166188,0.2529019866670848,0.3190951192193838,0.1696958530821319,0.1680610272820166,0.1778137659962751,0.2615675999663528,0.1813453385955716,0.2526308716892903,0.234428031865811,0.2745267148960213,0.1749896925530644,0.2658671557556329,0.1882212332324562
KR,0.1242407084035961,0.2369434892185111,0.1418955082316997,0.1691706652667409,0.1475529092066557,0.1175689137771535,0.1422070531834832,0.1914038304300882,0.1111675458779738,0.1298200835634566,0.1219125627518032,0.1221747236418203,0.1583478550191125,0.1420781435569782,0.2125888594292636,0.2425664491101191,0.0967501254334508,0.0886976809756687,0.1793252480937824,0.0,0.119252117949971,0.0829941250553589,0.1306118695361512,0.1338578009222574,0.1739437719048462,0.0877442568297901,0.1826176910493347,0.135012366782375,0.153499036162383,0.2304318948632236,0.2158963072011454,0.1210960860018527,0.1187751659008098,0.2008685174666816,0.246679912009785,0.1110401470102628,0.099898679963776,0.0844337075824543,0.1821624147534823,0.1078359224920684,0.1993043266854959,0.1506165722990293,0.1383313426091383,0.0973862641088073,0.1875833304623899,0.1194535410589637
KW,0.0521105386155862,0.1795444488081542,0.1430495129270454,0.1443647578280791,0.100188385415511,0.0277664383898614,0.1224326680060595,0.1776050218912656,0.113053873977142,0.1202783706007721,0.2034336776034407,0.1182548607265265,0.1369535462840148,0.0826026287082571,0.1278008959019156,0.1173370841094562,0.1298912771435819,0.0941265917275059,0.1869959835319387,0.119252117949971,0.0,0.0836380537375994,0.1532093686638751,0.0925605554731968,0.1446949775708513,0.084364267836502,0.1844218271651663,0.2156333270224881,0.1064877595533574,0.2333910885389664,0.1811897382085235,0.0409263418870833,0.0989737948112479,0.1351113886401663,0.1630108331700184,0.0410757848634201,0.0312137725241762,0.1069720074458533,0.2293462056151393,0.1000299052613883,0.1796460308531268,0.1246376100093707,0.2375519965157394,0.0990770796363249,0.235385880288291,0.0781440034670846
KZ,0.1059387827384935,0.2117745770180438,0.0809398014329503,0.0968509336849666,0.1228752520931875,0.094965742997779,0.1463841487586709,0.1826115982108375,0.0785349794819977,0.085658588989546,0.1737194253365073,0.1131255905996762,0.1468196045944624,0.1121908258660969,0.2025463945551266,0.2276795929175455,0.0795778037785291,0.0164288425200137,0.1687386577901497,0.0829941250553589,0.0836380537375994,0.0,0.1286710634346999,0.1161436980916039,0.1583126679622186,0.0726428165673126,0.157022783332274,0.1878453192224369,0.1506456011295229,0.256483838104016,0.2093656297533642,0.0833393160092843,0.1163550453385015,0.1819966802999291,0.2365274705651965,0.0884110692240981,0.0700234641713196,0.1005440244048884,0.2160838646848517,0.0282185067735764,0.1389328852037757,0.1266126449071473,0.2095404215334873,0.0194555139981542,0.2330117443634498,0.0845152577280744
LA,0.1648374827035963,0.2805862864340205,0.1854292617344742,0.2065972832178392,0.1737720473335539,0.156533531628914,0.1966359781980596,0.2257775450503797,0.1491593789451303,0.1725698884993827,0.2054681368460573,0.163168684599759,0.2218416523783547,0.1683153537934315,0.2619718838229372,0.2850993091478753,0.158960890843297,0.1357464304751942,0.1880083137634639,0.1306118695361512,0.1532093686638751,0.1286710634346999,0.0,0.1782675288060849,0.2027445624562703,0.1038029202919939,0.2151725066897091,0.2186477276102856,0.1951405430441269,0.2775279711070892,0.2542127942291753,0.1413479096497805,0.1600950514292787,0.2323037710569354,0.3016793891301175,0.1487704036404686,0.1365418785564544,0.1513735622804547,0.0633584680412439,0.1483599473358937,0.2190652494733544,0.1923472294569602,0.2345984223560485,0.1387503818791943,0.2401785103253614,0.1605712038302312
LB,0.0957659122174371,0.1738217780871707,0.149524825015505,0.1720709137256427,0.1586967638221685,0.0906566937587328,0.1307792731270733,0.1832294673336911,0.1665859338048734,0.1367335708027006,0.1830310049873683,0.1387016792250127,0.1015749702792024,0.1440335930745744,0.1455798597317259,0.1488808061778272,0.1750636334574803,0.1141336225037462,0.2097211880813539,0.1338578009222574,0.0925605554731968,0.1161436980916039,0.1782675288060849,0.0,0.1823674250179098,0.1228270545439866,0.2135075019606348,0.1898269132251617,0.1134307050629713,0.2151745414316243,0.2144213263982129,0.1105347351932002,0.1306641793953327,0.1784361833348867,0.1254927397053107,0.0750503063176729,0.0848478296489829,0.1122017589349682,0.2210078080114738,0.1319945075389849,0.2268584234703857,0.1296194311630855,0.2024521346911832,0.1263773462890444,0.2198266815520189,0.0857413963599524
LK,0.1470603985773332,0.2760108196277211,0.1880970892563879,0.2233009110502166,0.1690779594623823,0.1392202225535476,0.2021294102531616,0.2030520457561609,0.1732754861641692,0.1757035721515353,0.2487795823822042,0.1878171260901566,0.2215484401333396,0.132098601828747,0.276978294570041,0.295413045969608,0.1887704613709679,0.1613841652535519,0.2172756114633839,0.1739437719048462,0.1446949775708513,0.1583126679622186,0.2027445624562703,0.1823674250179098,0.0,0.1370080531713839,0.2256619652923873,0.2541268350303536,0.1621621578202059,0.2942867671919404,0.2038151101788212,0.1352443828384528,0.1674808312184782,0.2177387095789663,0.2996857488708867,0.1237205274098526,0.1385868659899418,0.1532924770509264,0.2731722527667684,0.1731834332380024,0.2379435299944264,0.2130351300711136,0.2740940511295586,0.1654075705872479,0.2687202099950549,0.1769711617620265
MM,0.0969482239508773,0.2211217163979588,0.1388509412434041,0.1470151088507754,0.1067199295728047,0.0857311575457724,0.1381831676581587,0.1612157019452401,0.0990824095906385,0.1143132594133455,0.1811544873919172,0.1049982345774723,0.1764668994864399,0.093300718011727,0.2099502326115901,0.2369093516272458,0.1157908422222813,0.0775862730991758,0.1481268235280867,0.0877442568297901,0.084364267836502,0.0726428165673126,0.1038029202919939,0.1228270545439866,0.1370080531713839,0.0,0.1610631647027667,0.2020097834631307,0.1351793255651001,0.2409109309760146,0.1862173055652616,0.0623757350238783,0.0946713976132649,0.1621818682904354,0.2481981465657885,0.0772327031043595,0.0621425218968965,0.103742893569851,0.183095579210894,0.0918823858837138,0.1664412544788378,0.141554465290129,0.2187516970090035,0.0853763041755961,0.1995848793957688,0.0967521581115132
MN,0.1941511501044064,0.3000523836151858,0.202497243544498,0.2165246834502822,0.2004998331046245,0.1914622861236095,0.2366464383463332,0.2566982672223799,0.1676491347485893,0.1813812084050293,0.2648656653454173,0.2074177727600461,0.2554645868462122,0.1998444721408657,0.3032916855216111,0.3242224089924651,0.1781397891074826,0.1630045407477752,0.239832486698079,0.1826176910493347,0.1844218271651663,0.157022783332274,0.2151725066897091,0.2135075019606348,0.2256619652923873,0.1610631647027667,0.0,0.2717654461905772,0.2178988714145491,0.3356948760713329,0.2575151010214235,0.1749377445121697,0.1852289734267158,0.255865994601598,0.3301685284063207,0.1790882289119149,0.171652010628953,0.1931643722195556,0.2980192885705114,0.168109267220991,0.2444094646021472,0.2159466197902543,0.2969424075695741,0.1624275516027868,0.2969398470393879,0.1985984866055606
MO,0.2082333312678326,0.290853069608108,0.2199804771479736,0.2486094875991024,0.2521945534200174,0.2030134113113086,0.1819737547599311,0.2621452798463644,0.2219212626732433,0.2270493058812066,0.0329381041845747,0.2064127969203499,0.1785614376349913,0.2583074148031197,0.2532312235610301,0.2547876700614602,0.1835139461252228,0.1767331453318196,0.2539330556082346,0.135012366782375,0.2156333270224881,0.1878453192224369,0.2186477276102856,0.1898269132251617,0.2541268350303536,0.2020097834631307,0.2717654461905772,0.0,0.186667423527125,0.2281630832159145,0.2638321840340701,0.2538243252829989,0.2019493905938525,0.2937419717086682,0.2593073849466848,0.1984248842310167,0.2116101307146243,0.0977945466774784,0.2009521250768482,0.2095609163352276,0.3135870483215962,0.2527696697159294,0.0572287447115711,0.1879858937247446,0.1897308842716446,0.220676341989126
MV,0.091681543443849,0.1695561365529806,0.1662161509957546,0.191734306379337,0.1284317985559735,0.0872900882070364,0.1274135638621218,0.1713330422310878,0.1813485915544963,0.1523024863080108,0.1795022109882011,0.1533612039317085,0.1429275582675921,0.1216157091760359,0.2001729587550257,0.2051295755616651,0.1917970433810234,0.14162499368225,0.2043869950446361,0.153499036162383,0.1064877595533574,0.1506456011295229,0.1951405430441269,0.1134307050629713,0.1621621578202059,0.1351793255651001,0.2178988714145491,0.186667423527125,0.0,0.2202684112534972,0.1665046970859509,0.1198559905160305,0.1298844218848907,0.1447131701875702,0.1891093895009276,0.081938863046413,0.0960421627269639,0.0981995533153422,0.2291745059455426,0.1536692104252826,0.2544524112616597,0.1736428925931024,0.2018806469721752,0.1559854134917856,0.214425977249499,0.1317672509739537
MY,0.2230088428722978,0.2816655735736657,0.2955733072496639,0.2933939729851248,0.2755298226669057,0.2224568767881084,0.0807752782651064,0.2922185664343426,0.297743524732161,0.2913629502048135,0.2228570182293262,0.1999674928227562,0.245593271729605,0.2710071421758886,0.2769687265248759,0.2848827928538497,0.2940332152697266,0.2510571909334611,0.3088423932336352,0.2304318948632236,0.2333910885389664,0.256483838104016,0.2775279711070892,0.2151745414316243,0.2942867671919404,0.2409109309760146,0.3356948760713329,0.2281630832159145,0.2202684112534972,0.0,0.3045617557553401,0.2531276081743169,0.2522865181716599,0.2764712399862068,0.2852094131196061,0.215642955815382,0.2235649083931643,0.1683316809947274,0.2889857043013473,0.2674984624233648,0.3582450707447322,0.2696341849471561,0.2364889137379963,0.2616906460404694,0.2855987222529978,0.2488744766818278
NP,0.1595202871425144,0.2560850246750418,0.2258883979716085,0.2541415713097456,0.1857540545812193,0.1634017874805698,0.2314138142506562,0.1741320540157256,0.2081031114785059,0.2135475856839009,0.2606993197530537,0.2188408799733492,0.242847622572671,0.1385741107352164,0.3005588482184532,0.3159164630562983,0.2267087282664448,0.2042320778756526,0.243845700543579,0.2158963072011454,0.1811897382085235,0.2093656297533642,0.2542127942291753,0.2144213263982129,0.2038151101788212,0.1862173055652616,0.2575151010214235,0.2638321840340701,0.1665046970859509,0.3045617557553401,0.0,0.17279919414146,0.1880335939889572,0.2168233316822131,0.3061213584633271,0.134430309675674,0.1701576335857965,0.1785320614042669,0.3065335198038761,0.2189558277361943,0.2694959020097723,0.2521113622149599,0.2833387566759858,0.2135755711089396,0.2662524755793052,0.2170216247390799
OM,0.0507756103302835,0.1900407862838371,0.1443804859418714,0.1442297016327445,0.0662100428895999,0.0380040895226619,0.1371725914579332,0.1726235633547094,0.0825053896339853,0.1124336756552072,0.2350755341365864,0.1084150101023821,0.1682282339801659,0.0522881211480853,0.1900740545317707,0.1999754122428265,0.1157125020720191,0.0947306275039283,0.1730871526823933,0.1210960860018527,0.0409263418870833,0.0833393160092843,0.1413479096497805,0.1105347351932002,0.1352443828384528,0.0623757350238783,0.1749377445121697,0.2538243252829989,0.1198559905160305,0.2531276081743169,0.17279919414146,0.0,0.0940379064214347,0.1090687267860303,0.2230722187253088,0.0344172222548817,0.0234267941265492,0.1226592522445201,0.240656085244094,0.0908605926469534,0.1479482202810735,0.131339175562875,0.2734441622263219,0.0925878928209408,0.2362459887222027,0.0792985184696555
PH,0.103804934201217,0.2336941942890323,0.1525493400835512,0.1719981039994061,0.1318817183857292,0.1043252631275671,0.1432202823023117,0.1888680496352838,0.1098720224503586,0.1231235096253048,0.1901740529115819,0.1254633130286819,0.1761579563695271,0.11334407247414,0.2286854766099566,0.2544208432901067,0.1265489036629065,0.124639590997032,0.1833181972166188,0.1187751659008098,0.0989737948112479,0.1163550453385015,0.1600950514292787,0.1306641793953327,0.1674808312184782,0.0946713976132649,0.1852289734267158,0.2019493905938525,0.1298844218848907,0.2522865181716599,0.1880335939889572,0.0940379064214347,0.0,0.1786809164988377,0.2513457734037594,0.0895107221943367,0.0887913396190749,0.1058508994111153,0.2333721832180298,0.1308348317030501,0.1823896330583116,0.157940459069392,0.2272091306957889,0.1250876057565658,0.2180041696801417,0.1305899308712267
PK,0.0958168919882753,0.162727530831453,0.2213176035055798,0.2241411671845217,0.1565210785118433,0.1097355503636683,0.1842905116148137,0.2328583457782078,0.1936140289865627,0.1988911074489662,0.2796890887765944,0.1904551477906871,0.2244788672140648,0.1308404117416091,0.2427005267074991,0.2681700986874075,0.2201813554407075,0.1813298077297764,0.2529019866670848,0.2008685174666816,0.1351113886401663,0.1819966802999291,0.2323037710569354,0.1784361833348867,0.2177387095789663,0.1621818682904354,0.255865994601598,0.2937419717086682,0.1447131701875702,0.2764712399862068,0.2168233316822131,0.1090687267860303,0.1786809164988377,0.0,0.2589516893260566,0.1163846437396466,0.0911564140673689,0.1820171864913902,0.3048544042422147,0.1786560060827642,0.2601191076612006,0.1995953202254019,0.3054843496679372,0.1868529382591401,0.2973740687300368,0.1621993071680776
PS,0.1996678012378012,0.21519404331597,0.2618201616835248,0.2534884264152106,0.2709398307505697,0.1772406212905009,0.2139028563490685,0.2904995163701428,0.3018403862087214,0.2565141911826659,0.2585534449658233,0.2472633047062546,0.1201982996389213,0.2728158705639292,0.1275939900315955,0.1005881228063214,0.3058937821412965,0.222675265704024,0.3190951192193838,0.246679912009785,0.1630108331700184,0.2365274705651965,0.3016793891301175,0.1254927397053107,0.2996857488708867,0.2481981465657885,0.3301685284063207,0.2593073849466848,0.1891093895009276,0.2852094131196061,0.3061213584633271,0.2230722187253088,0.2513457734037594,0.2589516893260566,0.0,0.1828298250575363,0.1830337321713255,0.2116163168351787,0.3090580410833761,0.2449192295677714,0.3614905441996787,0.2039571977380374,0.26906031574464,0.2426459940582896,0.2846158175989152,0.1470056794967165
QA,0.0360099434921502,0.1643430576275916,0.1321901807971349,0.1481974458212706,0.0878961957130414,0.0246891575681226,0.1097494853355822,0.1507055277838133,0.1050298628359971,0.1099264434617289,0.1909723926794646,0.1031353046990497,0.1254197213549004,0.0559929032270515,0.1718010751069525,0.1749616397427478,0.1266342036859682,0.0889802086901528,0.1696958530821319,0.1110401470102628,0.0410757848634201,0.0884110692240981,0.1487704036404686,0.0750503063176729,0.1237205274098526,0.0772327031043595,0.1790882289119149,0.1984248842310167,0.081938863046413,0.215642955815382,0.134430309675674,0.0344172222548817,0.0895107221943367,0.1163846437396466,0.1828298250575363,0.0,0.0241758453199613,0.0883419982655028,0.2166932423446622,0.0943720654508569,0.1693691337992708,0.1271162508013866,0.215229715003843,0.094047334432376,0.2187413379916408,0.0711233840339611
SA,0.0350136759806344,0.1519974217122361,0.1302446655272927,0.133608170286763,0.0818878895726281,0.0286294426187422,0.1119886361722272,0.1606732010340659,0.0788840192293036,0.1036061864063567,0.1964118430741577,0.0864135746740718,0.1369200379816242,0.0613084036894355,0.1607537491688254,0.1780442996559619,0.0987526843697057,0.0756513078084173,0.1680610272820166,0.099898679963776,0.0312137725241762,0.0700234641713196,0.1365418785564544,0.0848478296489829,0.1385868659899418,0.0621425218968965,0.171652010628953,0.2116101307146243,0.0960421627269639,0.2235649083931643,0.1701576335857965,0.0234267941265492,0.0887913396190749,0.0911564140673689,0.1830337321713255,0.0241758453199613,0.0,0.0980076920798953,0.2177375502332174,0.0756226673330091,0.1498391621859883,0.1158778174475927,0.2286662780871047,0.0768080870004237,0.2255444733855947,0.0519012291958775
SG,0.1002105026433526,0.2094521064831405,0.1413041211565273,0.1699171120130868,0.1400864346791842,0.0960803362491447,0.0919213058085738,0.1634559984012273,0.1249799212767364,0.1306242833740947,0.0987660792432497,0.1032774845296913,0.1174633026090534,0.1298035510977369,0.2001701332033297,0.2109408952420919,0.1084666562033391,0.0991674885320553,0.1778137659962751,0.0844337075824543,0.1069720074458533,0.1005440244048884,0.1513735622804547,0.1122017589349682,0.1532924770509264,0.103742893569851,0.1931643722195556,0.0977945466774784,0.0981995533153422,0.1683316809947274,0.1785320614042669,0.1226592522445201,0.1058508994111153,0.1820171864913902,0.2116163168351787,0.0883419982655028,0.0980076920798953,0.0,0.1798655459740122,0.1199405067911585,0.210443056449221,0.1601668965444379,0.1145352776990531,0.1069993331712514,0.181675161195027,0.1249552887310191
TH,0.2320509263569262,0.3151708921389764,0.2623345230437548,0.282465976028467,0.2626998123525479,0.2218527401860773,0.236603077557617,0.2745663966356991,0.2583916514209353,0.2556622743316147,0.1914429593968702,0.2346190322425041,0.2450179380618925,0.2566364523585659,0.2920253628691911,0.2994274099290297,0.2448331457374707,0.2079761046790588,0.2615675999663528,0.1821624147534823,0.2293462056151393,0.2160838646848517,0.0633584680412439,0.2210078080114738,0.2731722527667684,0.183095579210894,0.2980192885705114,0.2009521250768482,0.2291745059455426,0.2889857043013473,0.3065335198038761,0.240656085244094,0.2333721832180298,0.3048544042422147,0.3090580410833761,0.2166932423446622,0.2177375502332174,0.1798655459740122,0.0,0.2316458455188228,0.3191999925614199,0.2605859732030932,0.2010942765643858,0.215821814730962,0.2419660319411387,0.2368975145653173
TJ,0.1126025049674229,0.1809294737732661,0.0988374538717813,0.1063983142796762,0.1339953586450746,0.1052439030285377,0.1584345718357112,0.1888688786274807,0.0834693867456497,0.099302748035547,0.196849317546467,0.1180628649937742,0.1625184357672263,0.1208659009936899,0.213231806062671,0.2446875152842575,0.0978900031577179,0.0261896200893029,0.1813453385955716,0.1078359224920684,0.1000299052613883,0.0282185067735764,0.1483599473358937,0.1319945075389849,0.1731834332380024,0.0918823858837138,0.168109267220991,0.2095609163352276,0.1536692104252826,0.2674984624233648,0.2189558277361943,0.0908605926469534,0.1308348317030501,0.1786560060827642,0.2449192295677714,0.0943720654508569,0.0756226673330091,0.1199405067911585,0.2316458455188228,0.0,0.1425831744687996,0.1402814991338594,0.2296043265681119,0.0194147497400343,0.247767131469242,0.0873945403345702
TM,0.1978597716297823,0.3032430370698644,0.218749310098538,0.2090475794519051,0.2021145843787988,0.1983514733889791,0.25415128652094,0.2626175567818679,0.0974300619256726,0.188209372811498,0.3014992074249807,0.1828830764525461,0.2710649277937139,0.1710802155289865,0.3111589801450416,0.3500447381391065,0.1253772189385295,0.1593040243012986,0.2526308716892903,0.1993043266854959,0.1796460308531268,0.1389328852037757,0.2190652494733544,0.2268584234703857,0.2379435299944264,0.1664412544788378,0.2444094646021472,0.3135870483215962,0.2544524112616597,0.3582450707447322,0.2694959020097723,0.1479482202810735,0.1823896330583116,0.2601191076612006,0.3614905441996787,0.1693691337992708,0.1498391621859883,0.210443056449221,0.3191999925614199,0.1425831744687996,0.0,0.2089140155247606,0.3343443152619219,0.1366077476196568,0.3250981171693794,0.1612447519844694
TR,0.1457435978081201,0.2113533944345164,0.1794491858844378,0.1331133904898445,0.1724511526588841,0.1420065043735093,0.1725274820844954,0.2320355245122686,0.1458750438375681,0.1524843499587116,0.2426780739375422,0.1599147244926051,0.1742784793238913,0.1639299734482161,0.2021332935123774,0.2177350542477627,0.1593051102774428,0.1300650627838735,0.234428031865811,0.1506165722990293,0.1246376100093707,0.1266126449071473,0.1923472294569602,0.1296194311630855,0.2130351300711136,0.141554465290129,0.2159466197902543,0.2527696697159294,0.1736428925931024,0.2696341849471561,0.2521113622149599,0.131339175562875,0.157940459069392,0.1995953202254019,0.2039571977380374,0.1271162508013866,0.1158778174475927,0.1601668965444379,0.2605859732030932,0.1402814991338594,0.2089140155247606,0.0,0.2728956936342751,0.1324763728565924,0.2701383031865138,0.1237095976147922
TW,0.2248604678446194,0.2984208129546634,0.2456661868725685,0.2764558165564859,0.26912428140104,0.2196099009525701,0.2059601411866747,0.2603032405224004,0.2529343400047181,0.2531031852962634,0.0566628395539615,0.2215414886681742,0.1923871513164339,0.2727917109616695,0.2634775151334954,0.2648174085525347,0.2141463473135718,0.1964489397904435,0.2745267148960213,0.1383313426091383,0.2375519965157394,0.2095404215334873,0.2345984223560485,0.2024521346911832,0.2740940511295586,0.2187516970090035,0.2969424075695741,0.0572287447115711,0.2018806469721752,0.2364889137379963,0.2833387566759858,0.2734441622263219,0.2272091306957889,0.3054843496679372,0.26906031574464,0.215229715003843,0.2286662780871047,0.1145352776990531,0.2010942765643858,0.2296043265681119,0.3343443152619219,0.2728956936342751,0.0,0.205410308990643,0.1887732659748369,0.238730386552877
UZ,0.1135798735751613,0.2015796579138469,0.0916272429418235,0.1005009736359553,0.1310789647972402,0.1051542961314156,0.1563558005851397,0.1912162349378825,0.0784498890814042,0.0932346777972495,0.1774271299747589,0.1167918844125278,0.1555107162091263,0.1213617430821146,0.2070308436213103,0.2340864755974472,0.0816867651129955,0.0186510239396385,0.1749896925530644,0.0973862641088073,0.0990770796363249,0.0194555139981542,0.1387503818791943,0.1263773462890444,0.1654075705872479,0.0853763041755961,0.1624275516027868,0.1879858937247446,0.1559854134917856,0.2616906460404694,0.2135755711089396,0.0925878928209408,0.1250876057565658,0.1868529382591401,0.2426459940582896,0.094047334432376,0.0768080870004237,0.1069993331712514,0.215821814730962,0.0194147497400343,0.1366077476196568,0.1324763728565924,0.205410308990643,0.0,0.2304801898251967,0.0885421581115701
VN,0.2282064330577664,0.2999352861755571,0.2637907019578668,0.2887279653816507,0.2583804110801752,0.2242457868145274,0.241162960736127,0.2564992345828691,0.2555470305129249,0.2498199516179234,0.1875006852106601,0.2408698863265764,0.2219723469540359,0.2578930793560336,0.2711702968634958,0.2923452025124921,0.2569829713853839,0.2197380050078246,0.2658671557556329,0.1875833304623899,0.235385880288291,0.2330117443634498,0.2401785103253614,0.2198266815520189,0.2687202099950549,0.1995848793957688,0.2969398470393879,0.1897308842716446,0.214425977249499,0.2855987222529978,0.2662524755793052,0.2362459887222027,0.2180041696801417,0.2973740687300368,0.2846158175989152,0.2187413379916408,0.2255444733855947,0.181675161195027,0.2419660319411387,0.247767131469242,0.3250981171693794,0.2701383031865138,0.1887732659748369,0.2304801898251967,0.0,0.2366423027098757
YE,0.0997984788338094,0.1622704595770021,0.1442357039436856,0.1454262524140678,0.1321107863919068,0.0882122732415138,0.1414659861509895,0.1832586355090175,0.0950392091552296,0.1257035069650067,0.2113384487635256,0.1078787946127113,0.1288140042879715,0.1187049094882123,0.1462135108553038,0.1806804575259081,0.1148853357083015,0.0880075553162962,0.1882212332324562,0.1194535410589637,0.0781440034670846,0.0845152577280744,0.1605712038302312,0.0857413963599524,0.1769711617620265,0.0967521581115132,0.1985984866055606,0.220676341989126,0.1317672509739537,0.2488744766818278,0.2170216247390799,0.0792985184696555,0.1305899308712267,0.1621993071680776,0.1470056794967165,0.0711233840339611,0.0519012291958775,0.1249552887310191,0.2368975145653173,0.0873945403345702,0.1612447519844694,0.1237095976147922,0.238730386552877,0.0885421581115701,0.2366423027098757,0.0
