ISO_CODE,AO,BF,BI,BJ,BW,CD,CF,CG,CI,CM,CV,DJ,DZ,EG,ER,ET,GA,GH,GM,GN,GQ,GW,KE,KM,LR,LS,LY,MA,MG,ML,MR,MU,MW,MZ,NA,NE,NG,RE,RW,SC,SL,SN,SO,SS,ST,SZ,TD,TG,TN,TZ,UG,YT,ZA,ZM,ZW
AO,0.0,0.1644666955275139,0.0897847932650273,0.0826883026525724,0.0573377624845941,0.0578138830359973,0.1006825430673588,0.0955524244900154,0.1517289812442169,0.1509531123921993,0.0596958454735614,0.0822197708695602,0.079564984216966,0.1509375286196359,0.3325575070188542,0.0837201541223779,0.1135462892653037,0.1244946281446035,0.0745580643832688,0.0920216064909899,0.2591965779189297,0.1211026419002674,0.0961182517800471,0.1143070973998795,0.0658859045950671,0.0875396209075909,0.1624074611986365,0.1310376270402826,0.0751982037723185,0.1091600808038691,0.1012368447860661,0.0803493400197831,0.1175779538906603,0.0603993861278038,0.080982450879485,0.0950302374377065,0.0978630511962439,0.0939758173452809,0.0991565747824771,0.1053187891191667,0.0820503785733597,0.1592213610395603,0.1061897298726863,0.1012850527227339,0.1447004461177748,0.0656690514109081,0.0937581157436625,0.1022326150931216,0.1073787451518494,0.1099439427733255,0.0737590190739646,0.1734037486786512,0.0554621746412069,0.1400135173048132,0.0608708593121184
BF,0.1644666955275139,0.0,0.137986198586675,0.0701162465800948,0.1494553889711464,0.1002075263369171,0.1208881040419405,0.1043871981125101,0.0838247333522409,0.1878329824799243,0.1510627660951551,0.1302421469937993,0.1236058577960917,0.1491159001817076,0.4103195152844513,0.1540044935492123,0.1362495610879497,0.1522777579086518,0.1372248293386652,0.0882314484816704,0.2557606785268164,0.1662163340637503,0.1380658764506014,0.1630328542048111,0.1367462139526249,0.1636950592913815,0.1615218153165308,0.1729422620611929,0.1473227259768565,0.1174939623080052,0.1257068642074413,0.1620874200759011,0.1656646650461744,0.1153223512095243,0.1406705221471663,0.0673604518197023,0.0902782274334292,0.1566945025783086,0.144648523437791,0.1901970914926319,0.1592373555254298,0.1239328457227909,0.1322960168020589,0.1393999642999989,0.2031127606086672,0.1567879950702541,0.163798611215004,0.0902301029120362,0.1745003867495816,0.1248232825786815,0.1094335932690011,0.179724024722222,0.1338186515444049,0.1555027281865738,0.1369884819291695
BI,0.0897847932650273,0.137986198586675,0.0,0.0687273804080736,0.1145672675820763,0.0643885665975636,0.0578628040811635,0.1070565333447011,0.1544636671983016,0.1354266650507769,0.0717156642070432,0.0443604835583736,0.0875149512807788,0.1762166639947582,0.3245966893202427,0.0512977387336102,0.1188091332867045,0.1558908110585959,0.0346600565062027,0.091377128440611,0.2138950297782718,0.0617918017614191,0.0854618115680273,0.0550228995113339,0.0574210573862468,0.0849135751179668,0.1819179002970511,0.1243460769762752,0.0582839411986571,0.1124648707247276,0.0588711985464308,0.1074579730204645,0.1023334912374135,0.0429858125411202,0.1005818036316525,0.0832755666725673,0.1143007173338088,0.1059702626077936,0.0370932363303991,0.074344315953199,0.0796632681331569,0.1676141884696814,0.0503485028014358,0.0794957704807588,0.1103007618399661,0.0669250078840337,0.0801793260133417,0.0900123271183687,0.1279755600831633,0.0866272000208491,0.0778092325226565,0.1777064866805685,0.0646979025622225,0.1626930634402434,0.0733399788690316
BJ,0.0826883026525724,0.0701162465800948,0.0687273804080736,0.0,0.0912932226025424,0.0320244649994235,0.0616477187866238,0.0323922569923262,0.0446095494150783,0.1251553364645807,0.0809105122715125,0.0712826335132553,0.064096351597532,0.1243907276952951,0.360955459116326,0.0935115562443253,0.0643525483307644,0.0967936590629374,0.0617394488511798,0.032676538938106,0.2460916326229917,0.1147556514676201,0.079698716687811,0.0947347100124429,0.0712422219927284,0.0923436339017776,0.1323351274291268,0.0935037765244659,0.0702512837512243,0.0560475456212351,0.0545960198692235,0.094583191303175,0.1174200094119227,0.064062363326293,0.0964110553744953,0.0351282162156537,0.0504491032714831,0.0841494990433106,0.0713111441399071,0.120795981206952,0.0944365140064829,0.0857313668385035,0.092309899944031,0.0848391840739548,0.1429015823935387,0.0904158411039489,0.0925287154812509,0.0243941373787205,0.0906925905002338,0.0830943863590774,0.0605440838981083,0.150167274695521,0.0636220014319737,0.1122313917568443,0.0689123520917474
BW,0.0573377624845941,0.1494553889711464,0.1145672675820763,0.0912932226025424,0.0,0.0850705763098431,0.1183982594799071,0.0991616128489064,0.1442882329213892,0.1599928370224699,0.0978229249612003,0.0974444711610016,0.0705294174903562,0.1235179082516475,0.3407561587118793,0.0941986865212763,0.1195593827312115,0.1069445495606029,0.1049795309526415,0.0832168363995945,0.3013332958824467,0.1671587677538765,0.0711078204534169,0.1609746230200306,0.0725480496203787,0.0568430847402472,0.1420599997729505,0.1326771983554232,0.0798569176933579,0.1245157471486093,0.1196727598935383,0.060710286077929,0.1097607849125699,0.0761545265851399,0.0598020034638624,0.1057810300407139,0.0720464320934497,0.0904578533181279,0.1087022773349043,0.1193063243291061,0.0724915898017519,0.1655409070714266,0.0902931987692517,0.0844795991709043,0.1985179185963552,0.0509744804500613,0.1568454871023152,0.0984611361496829,0.0961766976752931,0.1068768736652364,0.0613545729997583,0.1570502845533672,0.047237825354311,0.0990646636206332,0.0530082590106018
CD,0.0578138830359973,0.1002075263369171,0.0643885665975636,0.0320244649994235,0.0850705763098431,0.0,0.0522789263889653,0.0413390595217098,0.0857505252579644,0.1199484467124768,0.0675577796010346,0.0585643629777549,0.0714554815857126,0.1555143132680239,0.3589874667252996,0.0669210028387166,0.078089470956189,0.1155008016126789,0.0581850388333323,0.0381146853076566,0.2335460157773147,0.0987983306497706,0.0928594159651171,0.0804605190840269,0.0661708260999635,0.086245764290843,0.1637886157500605,0.0924071252299371,0.0665002312392122,0.0586453780173569,0.0605726316449913,0.095985691320298,0.1065519326016006,0.0517263324816785,0.0865172782751365,0.0443132505715211,0.0715271773042536,0.0739983076077447,0.0646957946802839,0.1169956502341685,0.0743257854898726,0.1128359617854695,0.0810136529758855,0.0784438596933325,0.1357192420556308,0.0757494129782464,0.0699071352961534,0.0386557428397686,0.1043071088693051,0.068777446458221,0.0675507784396584,0.1473416684580091,0.0644976506070295,0.124969564281794,0.0578218764592045
CF,0.1006825430673588,0.1208881040419405,0.0578628040811635,0.0616477187866238,0.1183982594799071,0.0522789263889653,0.0,0.0739056092570907,0.1320802679042917,0.1433542319556289,0.0856761933784375,0.0429988680974464,0.09583799877108,0.182361673046461,0.3738479855157128,0.0759791952126043,0.1111069994455058,0.1491924839658109,0.0577015953101368,0.0756726273065625,0.2351389851487748,0.0894278798840202,0.1150569131981256,0.068781957688489,0.0764797954614781,0.0912840247167882,0.1851065327263897,0.1221123216926164,0.076769570794839,0.095989512339139,0.0735648922319655,0.1301525581689665,0.1261327905511418,0.0577294310927131,0.0923411805049667,0.0670703596072337,0.0997712146256842,0.1081328458167776,0.0582602983734424,0.1129329025637337,0.0806943858961837,0.1617971420594176,0.0710905331396091,0.0767106563494337,0.1305156045546049,0.0873121063581074,0.0784887972828612,0.0562306737471403,0.1374704297480816,0.0818549359226961,0.0961495157343352,0.1195528762129333,0.08138706962649,0.1771981425300808,0.0719642022715051
CG,0.0955524244900154,0.1043871981125101,0.1070565333447011,0.0323922569923262,0.0991616128489064,0.0413390595217098,0.0739056092570907,0.0,0.0652535547996966,0.140751729745347,0.0993781473202237,0.0967374091763354,0.0776677968182822,0.1377246955275803,0.3707028254492424,0.1260594282596329,0.0722927989426976,0.1135237216799551,0.0906237671347522,0.0389860693467514,0.2888676957223685,0.1440901935153753,0.1083726115507904,0.1212200968777882,0.0914722842113608,0.1048954473804586,0.1496465019155344,0.100738705619065,0.0866676727127985,0.0642807809330872,0.0757088193576607,0.107496837526115,0.1510984638513304,0.0864054840050503,0.1100792556655642,0.0550814394178367,0.0619088579981298,0.094315932430792,0.0955962635217064,0.154438760603525,0.1018481916942439,0.1050338826769237,0.1151892071530304,0.0995533505801062,0.1684107055638866,0.1114023124972097,0.1200922116146636,0.0306808139242107,0.0996515006119813,0.1015726844751238,0.0803464419731878,0.1492786376373513,0.0819368493343866,0.1400282698840744,0.0863205419412196
CI,0.1517289812442169,0.0838247333522409,0.1544636671983016,0.0446095494150783,0.1442882329213892,0.0857505252579644,0.1320802679042917,0.0652535547996966,0.0,0.139324429057092,0.1495033156156491,0.1591899662183391,0.078187413758313,0.1167688360947856,0.4107133906355472,0.1774012871249308,0.0810186085792965,0.1142657194355005,0.1451494731054656,0.0541675202390472,0.2919250907670976,0.1940635542224147,0.1177219528712327,0.1772727101243399,0.1480753484212791,0.1606800837377436,0.1267376565711904,0.1073563523552771,0.1333242295150284,0.0775878467942615,0.0943948056474287,0.1345560486435063,0.1656713910005486,0.1363332682353591,0.1649496628118296,0.073381220278444,0.0721379765674058,0.1229015047842452,0.13816494441066,0.1914583968536385,0.1696800781648052,0.0885513215765777,0.1764193416798227,0.1507586497359148,0.195305373583295,0.1696856568708852,0.181666005978014,0.0714082184655866,0.118092656239279,0.1335246795442749,0.0893832068443786,0.2142121197857567,0.1291356955130421,0.1218286367398704,0.1284907040390515
CM,0.1509531123921993,0.1878329824799243,0.1354266650507769,0.1251553364645807,0.1599928370224699,0.1199484467124768,0.1433542319556289,0.140751729745347,0.139324429057092,0.0,0.1390687639998693,0.1447993993061685,0.1225703337541468,0.1881377801786855,0.342620761672566,0.129845561376761,0.122768878923801,0.1570836649279499,0.133631318600378,0.1366828237737825,0.3049042009833891,0.1882424983093026,0.1468330720652421,0.1798904818814539,0.1427304376471722,0.125884317392944,0.19655892316945,0.1490015135012249,0.1280781869069597,0.1461033301112542,0.1339734680439483,0.1598993822025671,0.1688422558416851,0.121293707521989,0.1397917179375628,0.1572257341079472,0.1283100504873908,0.1450393706664813,0.1169726103563387,0.1664574231450407,0.1312952580647595,0.2208733773360737,0.1560685406852775,0.1373549228780973,0.2060562359568306,0.1359982332464961,0.1709481486515145,0.1726407316708932,0.1357534210872977,0.1298744736237449,0.1122412120898437,0.1940380004986758,0.1350224039419093,0.1777093060512711,0.0976328296971139
CV,0.0596958454735614,0.1510627660951551,0.0717156642070432,0.0809105122715125,0.0978229249612003,0.0675577796010346,0.0856761933784375,0.0993781473202237,0.1495033156156491,0.1390687639998693,0.0,0.0742848685077625,0.0938968908169342,0.1540526819683394,0.3483104279403219,0.0911749163391095,0.1064032938072285,0.1585363850421681,0.0744748432705951,0.0951835617045883,0.2260453964044415,0.0877165779752531,0.10368535242131,0.0826437684663137,0.0870118405281082,0.1049400627983339,0.1756845713400047,0.1222458686152259,0.0721366415657017,0.090037134741803,0.1124824732530178,0.0743376439129006,0.1364615902503422,0.0635672797204557,0.1025769089011856,0.1024130046599383,0.1348315294922314,0.0910069601950106,0.0959695459977978,0.0869776030691201,0.1078505384668025,0.1439394158388596,0.0967721343446034,0.1183991115879852,0.1084797683553457,0.0943222841525786,0.1092787679243553,0.1049089343275274,0.0848359483193481,0.1105938042209833,0.0986409115743649,0.1550881849799454,0.0727813102729091,0.1787823003013093,0.1005690753110432
DJ,0.0822197708695602,0.1302421469937993,0.0443604835583736,0.0712826335132553,0.0974444711610016,0.0585643629777549,0.0429988680974464,0.0967374091763354,0.1591899662183391,0.1447993993061685,0.0742848685077625,0.0,0.0866796845008505,0.1719280352343675,0.3621480420320407,0.047779501116373,0.1124162726717852,0.1470822200820111,0.0390977053656896,0.0867651915159457,0.2346498504547872,0.0854135579336619,0.1050784111040865,0.0617357491464508,0.0636747000412802,0.0676313515757378,0.1767341878048266,0.1305937913707444,0.0632319492754678,0.1179770502100683,0.0723124498972505,0.113300695980372,0.1007837843778981,0.0418935628384236,0.0643187733431749,0.0757611427147472,0.106903861516172,0.0954548790706403,0.048515373567029,0.0964608789318618,0.0670710411901257,0.1848672769500666,0.041001893524618,0.0735440052386746,0.1273982595778808,0.0622580107043126,0.0671811459543346,0.07670083957713,0.1320647926334651,0.0901786931496857,0.0864899050395856,0.1017393445738696,0.0633249958017558,0.1685654915069516,0.0588136024104468
DZ,0.079564984216966,0.1236058577960917,0.0875149512807788,0.064096351597532,0.0705294174903562,0.0714554815857126,0.09583799877108,0.0776677968182822,0.078187413758313,0.1225703337541468,0.0938968908169342,0.0866796845008505,0.0,0.0661643369405641,0.3452999786532708,0.095620997677619,0.0885578452309957,0.1074842391592932,0.0872296559264804,0.0595253612568942,0.2755747324621719,0.1321895470087539,0.0797747945368343,0.1330042468255619,0.0938490521106474,0.0812706435688077,0.0776128049536849,0.0601260523024171,0.0707176802118809,0.0723154927382209,0.0590396077557975,0.0729166212544948,0.1264437223863379,0.0730648708952185,0.0895380965815233,0.073855206208738,0.0731035618482229,0.0717861408702643,0.0791770136889732,0.1184850209830911,0.0952976943786617,0.1244320845589421,0.0740543948680474,0.0896033222573032,0.1667624461453711,0.0859150292381671,0.1404804936629977,0.0862366726698293,0.0522339841454473,0.0980598353156921,0.0669409415956892,0.1503900668516019,0.0625386295646475,0.1345305738127402,0.0717661119874613
EG,0.1509375286196359,0.1491159001817076,0.1762166639947582,0.1243907276952951,0.1235179082516475,0.1555143132680239,0.182361673046461,0.1377246955275803,0.1167688360947856,0.1881377801786855,0.1540526819683394,0.1719280352343675,0.0661643369405641,0.0,0.3931136967745552,0.173373359397069,0.1465122548519974,0.1397280961510907,0.163230406518378,0.1139010053634437,0.3262204926156836,0.2149592892110164,0.1261468486692747,0.2173296199661271,0.1676420826040499,0.1700470309353914,0.0475161546287974,0.1122719319031549,0.1559276700447472,0.1367150782267588,0.1203522130618457,0.112341658454259,0.2031128524651528,0.1603067990680885,0.155036694493308,0.1250670784177872,0.11230694607793,0.149649288217352,0.1645620316358209,0.1755619059525148,0.1725766478588879,0.1420084273353007,0.1450719704605646,0.1579188841173888,0.2112424476627141,0.1618605941642752,0.2337963567668121,0.1504004961235758,0.0907848324388311,0.1609246927379188,0.1081810286571578,0.2236118476464663,0.1227245488279047,0.1645790928006922,0.1543860122788281
ER,0.3325575070188542,0.4103195152844513,0.3245966893202427,0.360955459116326,0.3407561587118793,0.3589874667252996,0.3738479855157128,0.3707028254492424,0.4107133906355472,0.342620761672566,0.3483104279403219,0.3621480420320407,0.3452999786532708,0.3931136967745552,0.0,0.3184477043519316,0.3927326450406807,0.3562738604955476,0.3163174974142261,0.3884295348300728,0.4437952398360216,0.3690864789762884,0.3293342931847478,0.3702812338808086,0.345794065649654,0.3175252018489464,0.3988643062560918,0.3895314901849279,0.3076584549528579,0.3593316549590852,0.3662502632895443,0.3205617785844341,0.3899840469196322,0.3483834506007535,0.3358055854994026,0.3995033125432282,0.3587742797445351,0.3712972122713079,0.338814943802643,0.3091811981933533,0.3454062561778765,0.3671753146738333,0.3606081986958201,0.3400850404512159,0.3807372335397142,0.3145586981656256,0.3487303212292266,0.3879389044841812,0.3374042007865641,0.350241443320804,0.3258911990077823,0.4487651879133248,0.3256039748913441,0.3828349006772634,0.3485564221985148
ET,0.0837201541223779,0.1540044935492123,0.0512977387336102,0.0935115562443253,0.0941986865212763,0.0669210028387166,0.0759791952126043,0.1260594282596329,0.1774012871249308,0.129845561376761,0.0911749163391095,0.047779501116373,0.095620997677619,0.173373359397069,0.3184477043519316,0.0,0.1293981411006269,0.148017261050333,0.0506562889166759,0.0965033944145972,0.2316702416839148,0.1063489667209952,0.1014518244593949,0.0851208707880021,0.0686242861903265,0.0678384368121249,0.1771339847073763,0.1516969234911258,0.0769252003953867,0.124225674987827,0.0760421882251576,0.1165118055479018,0.109641229852178,0.0511268180925271,0.0690459121652394,0.1019472081942309,0.1144822087853163,0.1297110870712066,0.0571076653926599,0.0998030099963338,0.0658560436147305,0.2010493733621392,0.0440394915716988,0.0677822582117997,0.1439587243951917,0.0446220353362041,0.091968710821458,0.1057331278008335,0.1432945602721599,0.0740119124101077,0.0838187113674776,0.1698337785608764,0.0744862823583834,0.1571461473734705,0.0556366517216845
GA,0.1135462892653037,0.1362495610879497,0.1188091332867045,0.0643525483307644,0.1195593827312115,0.078089470956189,0.1111069994455058,0.0722927989426976,0.0810186085792965,0.122768878923801,0.1064032938072285,0.1124162726717852,0.0885578452309957,0.1465122548519974,0.3927326450406807,0.1293981411006269,0.0,0.1254153332534928,0.110048080982812,0.0706509937792713,0.2987855482815196,0.1592653074601434,0.1134887480645673,0.1430944085081252,0.105446220060149,0.1178763402492659,0.162862302976907,0.1227735755516162,0.107563172621906,0.1033540361660236,0.1068014938642013,0.112120886581975,0.1450769260547916,0.1032441472452992,0.1145903091851632,0.0917257739596314,0.0934274268155117,0.0982976799784298,0.1156345686926544,0.1477616578728949,0.1240083740385546,0.1358202602313937,0.135378684077986,0.1311246728713857,0.1731187369842162,0.1200250218142738,0.1535302422835139,0.0894718108296547,0.1049520347063552,0.1303825863962608,0.0952914189098255,0.1682590231276589,0.0886634984114387,0.1408424484409199,0.0935649832151301
GH,0.1244946281446035,0.1522777579086518,0.1558908110585959,0.0967936590629374,0.1069445495606029,0.1155008016126789,0.1491924839658109,0.1135237216799551,0.1142657194355005,0.1570836649279499,0.1585363850421681,0.1470822200820111,0.1074842391592932,0.1397280961510907,0.3562738604955476,0.148017261050333,0.1254153332534928,0.0,0.1292535827119522,0.1043175657505313,0.3370887746879809,0.208815184585437,0.0933907336354675,0.1913262456735533,0.1237139691629516,0.1285389038922999,0.1578798475808933,0.1300540269561938,0.1222203555014992,0.1372963979385534,0.1240306016344473,0.1263294404627895,0.1374324104644022,0.1172751033396396,0.1344875363396686,0.1235963490550065,0.0530203628959163,0.1436741249957488,0.1298108206949783,0.1769868019762485,0.1149455503641448,0.1728288439020401,0.1458700683636447,0.11899296326569,0.1948939535720422,0.1189032644752809,0.1874498649501352,0.1272215989000826,0.1385062422607379,0.1288713929255881,0.0663774846695872,0.2019311626455919,0.1105813076454964,0.1059050797886327,0.0957193570810485
GM,0.0745580643832688,0.1372248293386652,0.0346600565062027,0.0617394488511798,0.1049795309526415,0.0581850388333323,0.0577015953101368,0.0906237671347522,0.1451494731054656,0.133631318600378,0.0744748432705951,0.0390977053656896,0.0872296559264804,0.163230406518378,0.3163174974142261,0.0506562889166759,0.110048080982812,0.1292535827119522,0.0,0.0904807309080745,0.2263725021291426,0.0824184520659965,0.0956124410456603,0.0566305916842468,0.054350200539589,0.0697966510836539,0.1708992440535678,0.1292145981959342,0.0565281426876881,0.1053332653742153,0.0565580287545113,0.1098403965313372,0.1047736210881252,0.0464854930707957,0.0881928984951631,0.0746906607397779,0.0965531536917208,0.1038483647344451,0.0416029207427488,0.0791389420941367,0.0682975427244259,0.1586339602410101,0.0621430883533343,0.069995255267648,0.1139150772824295,0.0549752230159639,0.0719812839946344,0.0755507146796807,0.1269519226774265,0.0826022599355388,0.0741096434824497,0.1588333860579016,0.0657723743060816,0.1578874603833823,0.060126503468148
GN,0.0920216064909899,0.0882314484816704,0.091377128440611,0.032676538938106,0.0832168363995945,0.0381146853076566,0.0756726273065625,0.0389860693467514,0.0541675202390472,0.1366828237737825,0.0951835617045883,0.0867651915159457,0.0595253612568942,0.1139010053634437,0.3884295348300728,0.0965033944145972,0.0706509937792713,0.1043175657505313,0.0904807309080745,0.0,0.2599044271390806,0.1293028821242364,0.0877263537230057,0.1186425108497523,0.079490852805147,0.0983420154516057,0.1280466779761946,0.0926343562785877,0.0890752060504833,0.0668242567822043,0.0641165733190537,0.103177017546005,0.1216690732634528,0.077891265978144,0.097994052705846,0.0454867298922374,0.0610982962975237,0.1031878111934287,0.0892296985313928,0.1499698677138939,0.0957612061889645,0.1098627120046387,0.089209236247173,0.0963472895327002,0.1640647625288799,0.0988302720941753,0.127212251470183,0.0383655793822278,0.1029140382515905,0.0917219047693544,0.0709240753266823,0.1687935708890183,0.0793621633957161,0.1152476961283661,0.0770364450069682
GQ,0.2591965779189297,0.2557606785268164,0.2138950297782718,0.2460916326229917,0.3013332958824467,0.2335460157773147,0.2351389851487748,0.2888676957223685,0.2919250907670976,0.3049042009833891,0.2260453964044415,0.2346498504547872,0.2755747324621719,0.3262204926156836,0.4437952398360216,0.2316702416839148,0.2987855482815196,0.3370887746879809,0.2263725021291426,0.2599044271390806,0.0,0.2203793410964225,0.2693532633068841,0.2098112697101646,0.250596913376875,0.2793517285629899,0.3466977329504179,0.300845620288155,0.2440594868111076,0.2716618988122413,0.2418187062217182,0.2817571803983132,0.2771945244758358,0.2300320799896446,0.2885049601117031,0.2435607908643307,0.3034186934032767,0.2901233906783906,0.2407802401202299,0.2505479925803336,0.2797746568779863,0.2940468015572713,0.2618663027745558,0.2809170329310085,0.2298361441826502,0.2695988011994004,0.2359068574102294,0.2699415457101888,0.3195214975360894,0.257325029668853,0.26807544716171,0.3412515705756535,0.2673741613438202,0.3382943055553341,0.279431341998233
GW,0.1211026419002674,0.1662163340637503,0.0617918017614191,0.1147556514676201,0.1671587677538765,0.0987983306497706,0.0894278798840202,0.1440901935153753,0.1940635542224147,0.1882424983093026,0.0877165779752531,0.0854135579336619,0.1321895470087539,0.2149592892110164,0.3690864789762884,0.1063489667209952,0.1592653074601434,0.208815184585437,0.0824184520659965,0.1293028821242364,0.2203793410964225,0.0,0.1406647774655158,0.0743453356202388,0.1015076344187049,0.1353212224472673,0.229376565644963,0.1531497105018628,0.1049761414824453,0.1370070950750751,0.1070911659850359,0.1450620938403682,0.144890641599461,0.0861047097270915,0.1503870848870679,0.1143431312000058,0.1774985814244006,0.1537552724667081,0.091190336691589,0.1069554667349185,0.1296193283252711,0.1834896479537325,0.1094217593631972,0.1316979713464668,0.1025281072977684,0.1261783309859148,0.1068904580613822,0.1275327093461808,0.1617386325043356,0.1313920110533091,0.1363613500405019,0.1972338663865409,0.1238698463690742,0.212387099810591,0.1370932472432343
KE,0.0961182517800471,0.1380658764506014,0.0854618115680273,0.079698716687811,0.0711078204534169,0.0928594159651171,0.1150569131981256,0.1083726115507904,0.1177219528712327,0.1468330720652421,0.10368535242131,0.1050784111040865,0.0797747945368343,0.1261468486692747,0.3293342931847478,0.1014518244593949,0.1134887480645673,0.0933907336354675,0.0956124410456603,0.0877263537230057,0.2693532633068841,0.1406647774655158,0.0,0.1443079073798421,0.0788428596848151,0.0918818247417164,0.144141818778605,0.112438582536245,0.0892794577322244,0.1252579517925079,0.10443780698751,0.0743309702443756,0.104810485282166,0.0864409730290379,0.0952031084393073,0.1110527597691459,0.0666043048631143,0.1044158605423657,0.0993149861109434,0.114263899799423,0.1028114694104527,0.1503720190599157,0.0961991539831126,0.0992062035456954,0.163951176196867,0.0792433285147832,0.1555550679482027,0.1065181939083759,0.1062599564084225,0.1042467224981467,0.0583221134261043,0.1858146545503107,0.0587904807614683,0.1032872372495232,0.0759236339891864
KM,0.1143070973998795,0.1630328542048111,0.0550228995113339,0.0947347100124429,0.1609746230200306,0.0804605190840269,0.068781957688489,0.1212200968777882,0.1772727101243399,0.1798904818814539,0.0826437684663137,0.0617357491464508,0.1330042468255619,0.2173296199661271,0.3702812338808086,0.0851208707880021,0.1430944085081252,0.1913262456735533,0.0566305916842468,0.1186425108497523,0.2098112697101646,0.0743453356202388,0.1443079073798421,0.0,0.088536140440507,0.1154239682092199,0.2361700682470526,0.1543404055224295,0.0891140063127043,0.1289120947253222,0.0892303651874145,0.1522122675163741,0.1253242079753715,0.0787993866246552,0.1361533422660671,0.1011676228152124,0.1602454325622151,0.1420509087484599,0.066149678883667,0.1054143588742557,0.1133576494273749,0.1904040433718498,0.1018522862343032,0.1207588473428897,0.1019588047500685,0.1015296023932871,0.0810319966533854,0.1012647782741169,0.1703159105766901,0.1172911513838544,0.1222296051690198,0.1761451702619504,0.1162060508721117,0.1972433445663624,0.1166497578699553
LR,0.0658859045950671,0.1367462139526249,0.0574210573862468,0.0712422219927284,0.0725480496203787,0.0661708260999635,0.0764797954614781,0.0914722842113608,0.1480753484212791,0.1427304376471722,0.0870118405281082,0.0636747000412802,0.0938490521106474,0.1676420826040499,0.345794065649654,0.0686242861903265,0.105446220060149,0.1237139691629516,0.054350200539589,0.079490852805147,0.250596913376875,0.1015076344187049,0.0788428596848151,0.088536140440507,0.0,0.0695249104524811,0.1808829802929706,0.1363539682168862,0.0746508394810142,0.1284165211961317,0.0868617589252082,0.097690628906089,0.1118573388919017,0.0523286636128532,0.0707635315438366,0.0922165858384415,0.0904917321425228,0.1037531231011096,0.0650332431589909,0.0990855421238581,0.0678809146198895,0.1745154690142581,0.0749560100314278,0.0742054725024586,0.1380047657387411,0.0459517902754023,0.1063074390934488,0.0839354790209979,0.127606309314203,0.1056603079236648,0.0644259931184731,0.1568200616046832,0.0570474124723863,0.1382119260000501,0.0508503321900551
LS,0.0875396209075909,0.1636950592913815,0.0849135751179668,0.0923436339017776,0.0568430847402472,0.086245764290843,0.0912840247167882,0.1048954473804586,0.1606800837377436,0.125884317392944,0.1049400627983339,0.0676313515757378,0.0812706435688077,0.1700470309353914,0.3175252018489464,0.0678384368121249,0.1178763402492659,0.1285389038922999,0.0697966510836539,0.0983420154516057,0.2793517285629899,0.1353212224472673,0.0918818247417164,0.1154239682092199,0.0695249104524811,0.0,0.1779940150130033,0.138783481046796,0.0526770500037389,0.1250211830379708,0.0894600538680923,0.0934506168180563,0.1196383767597066,0.0574849422628949,0.0519398325072585,0.1097367442314827,0.0934083538955272,0.0902968988882471,0.0632878008283069,0.1115243960783156,0.0447027129957237,0.1927443643658154,0.0686154631950167,0.0676353479237104,0.1894647614157546,0.0409038674040351,0.1292689635305398,0.1017505094276864,0.1105660547131268,0.0839497379143505,0.0681957983368855,0.1334469418505297,0.0608540033574552,0.1485673657788054,0.0431730396818181
LY,0.1624074611986365,0.1615218153165308,0.1819179002970511,0.1323351274291268,0.1420599997729505,0.1637886157500605,0.1851065327263897,0.1496465019155344,0.1267376565711904,0.19655892316945,0.1756845713400047,0.1767341878048266,0.0776128049536849,0.0475161546287974,0.3988643062560918,0.1771339847073763,0.162862302976907,0.1578798475808933,0.1708992440535678,0.1280466779761946,0.3466977329504179,0.229376565644963,0.144141818778605,0.2361700682470526,0.1808829802929706,0.1779940150130033,0.0,0.1375979492573852,0.1649504950190279,0.1508468109568236,0.1230385471087545,0.1485239214560452,0.2108504446806938,0.1605840565495023,0.1608513826512458,0.135854601036114,0.1175317233902234,0.1749705786688451,0.1657121899031783,0.2060310259325309,0.1768145800019999,0.1447222872654666,0.1487131231369883,0.1339212116923458,0.2344058871807539,0.1694526303632446,0.2392900394899862,0.1526480435611051,0.1212848388712467,0.1548646387380479,0.1179652609763314,0.2348051931990269,0.1435711058533904,0.1892586698049184,0.1478212984046396
MA,0.1310376270402826,0.1729422620611929,0.1243460769762752,0.0935037765244659,0.1326771983554232,0.0924071252299371,0.1221123216926164,0.100738705619065,0.1073563523552771,0.1490015135012249,0.1222458686152259,0.1305937913707444,0.0601260523024171,0.1122719319031549,0.3895314901849279,0.1516969234911258,0.1227735755516162,0.1300540269561938,0.1292145981959342,0.0926343562785877,0.300845620288155,0.1531497105018628,0.112438582536245,0.1543404055224295,0.1363539682168862,0.138783481046796,0.1375979492573852,0.0,0.1016412481479677,0.1027805725797861,0.0852325022780016,0.1119562991572866,0.1744399736528629,0.1144124252362217,0.1518074707884518,0.1083047287729633,0.1125645662386145,0.0908527371461799,0.1072067245681085,0.1579889589809241,0.1318872891302878,0.1436336746129732,0.1324478266765157,0.1371121039384044,0.1790456387405878,0.1532772932239979,0.1664923531297899,0.1125917612689965,0.0816909883557688,0.1224583991857521,0.1069257440838875,0.181610317338674,0.1036115890849181,0.1764392692937851,0.1249989894192397
MG,0.0751982037723185,0.1473227259768565,0.0582839411986571,0.0702512837512243,0.0798569176933579,0.0665002312392122,0.076769570794839,0.0866676727127985,0.1333242295150284,0.1280781869069597,0.0721366415657017,0.0632319492754678,0.0707176802118809,0.1559276700447472,0.3076584549528579,0.0769252003953867,0.107563172621906,0.1222203555014992,0.0565281426876881,0.0890752060504833,0.2440594868111076,0.1049761414824453,0.0892794577322244,0.0891140063127043,0.0746508394810142,0.0526770500037389,0.1649504950190279,0.1016412481479677,0.0,0.0926829939908294,0.0711379823318971,0.0758117435504168,0.1186187142237553,0.0442313755895937,0.0753678144104721,0.0884313994659862,0.1003979842420038,0.06804082522752,0.043277441127383,0.0993703119922495,0.0409639797404397,0.1493070482165879,0.0691479677655804,0.0711379169923451,0.1449645142642136,0.0689920699681246,0.1069118061096993,0.0792668868969385,0.0860263757595544,0.0645871538104372,0.0609310205974467,0.124902198698157,0.060079745674115,0.1543166320872345,0.0589690145739273
ML,0.1091600808038691,0.1174939623080052,0.1124648707247276,0.0560475456212351,0.1245157471486093,0.0586453780173569,0.095989512339139,0.0642807809330872,0.0775878467942615,0.1461033301112542,0.090037134741803,0.1179770502100683,0.0723154927382209,0.1367150782267588,0.3593316549590852,0.124225674987827,0.1033540361660236,0.1372963979385534,0.1053332653742153,0.0668242567822043,0.2716618988122413,0.1370070950750751,0.1252579517925079,0.1289120947253222,0.1284165211961317,0.1250211830379708,0.1508468109568236,0.1027805725797861,0.0926829939908294,0.0,0.0810253993590146,0.113178585241739,0.16778518724598,0.0988957655965804,0.1378365782808295,0.0596864049530568,0.101192750329338,0.101278705014166,0.0998644962134828,0.162458131427487,0.1203125266835252,0.0813019842601838,0.1255329723508657,0.1160079707688872,0.1839181445138753,0.1316147185939299,0.1298247845439247,0.0658816991039226,0.0729241396310027,0.0905715242228346,0.0958404572661776,0.171609593082068,0.1115838843730508,0.1671820613486798,0.1110519375607663
MR,0.1012368447860661,0.1257068642074413,0.0588711985464308,0.0545960198692235,0.1196727598935383,0.0605726316449913,0.0735648922319655,0.0757088193576607,0.0943948056474287,0.1339734680439483,0.1124824732530178,0.0723124498972505,0.0590396077557975,0.1203522130618457,0.3662502632895443,0.0760421882251576,0.1068014938642013,0.1240306016344473,0.0565580287545113,0.0641165733190537,0.2418187062217182,0.1070911659850359,0.10443780698751,0.0892303651874145,0.0868617589252082,0.0894600538680923,0.1230385471087545,0.0852325022780016,0.0711379823318971,0.0810253993590146,0.0,0.1312476161854779,0.1307221606722103,0.0659910288522561,0.1216036266631109,0.0480584517567013,0.0862135495622533,0.1159080708839962,0.0354358914784804,0.133887046581169,0.075601093544015,0.1360412275848126,0.0709337552410278,0.0758729507297211,0.1424501116291434,0.0878541229802332,0.1076157027680584,0.0644211582076871,0.1146291941335209,0.0749663719539018,0.0671426296875963,0.1813131644533049,0.0940539666938379,0.1540887006719971,0.0741680884370052
MU,0.0803493400197831,0.1620874200759011,0.1074579730204645,0.094583191303175,0.060710286077929,0.095985691320298,0.1301525581689665,0.107496837526115,0.1345560486435063,0.1598993822025671,0.0743376439129006,0.113300695980372,0.0729166212544948,0.112341658454259,0.3205617785844341,0.1165118055479018,0.112120886581975,0.1263294404627895,0.1098403965313372,0.103177017546005,0.2817571803983132,0.1450620938403682,0.0743309702443756,0.1522122675163741,0.097690628906089,0.0934506168180563,0.1485239214560452,0.1119562991572866,0.0758117435504168,0.113178585241739,0.1312476161854779,0.0,0.1422068639070541,0.0939093442359705,0.0881414563744465,0.1214259357800656,0.1093751742617276,0.0618222918590827,0.1271549397629006,0.0835378583362761,0.119248219198989,0.134896456320037,0.1195733284799744,0.1319025566752507,0.1581844703573353,0.0928829160704075,0.1612463148746712,0.1198290021242503,0.0630466283723559,0.1341364963465798,0.0824738943090677,0.1792923552981808,0.043247673890324,0.1373522693160875,0.0962936593662083
MW,0.1175779538906603,0.1656646650461744,0.1023334912374135,0.1174200094119227,0.1097607849125699,0.1065519326016006,0.1261327905511418,0.1510984638513304,0.1656713910005486,0.1688422558416851,0.1364615902503422,0.1007837843778981,0.1264437223863379,0.2031128524651528,0.3899840469196322,0.109641229852178,0.1450769260547916,0.1374324104644022,0.1047736210881252,0.1216690732634528,0.2771945244758358,0.144890641599461,0.104810485282166,0.1253242079753715,0.1118573388919017,0.1196383767597066,0.2108504446806938,0.1744399736528629,0.1186187142237553,0.16778518724598,0.1307221606722103,0.1422068639070541,0.0,0.0913960490582638,0.1359258422469043,0.1267197021153862,0.1116849222685809,0.1556344669363289,0.109488052351223,0.1380162640150181,0.1066225924750968,0.2151433928565528,0.1176482512956001,0.1207697885189169,0.162204734880183,0.1060736059993451,0.1282896844179054,0.1348241638699135,0.1824721383095239,0.1417818199710134,0.0928898541863902,0.2057891215975826,0.1059244510316331,0.064570885770076,0.0889919494990553
MZ,0.0603993861278038,0.1153223512095243,0.0429858125411202,0.064062363326293,0.0761545265851399,0.0517263324816785,0.0577294310927131,0.0864054840050503,0.1363332682353591,0.121293707521989,0.0635672797204557,0.0418935628384236,0.0730648708952185,0.1603067990680885,0.3483834506007535,0.0511268180925271,0.1032441472452992,0.1172751033396396,0.0464854930707957,0.077891265978144,0.2300320799896446,0.0861047097270915,0.0864409730290379,0.0787993866246552,0.0523286636128532,0.0574849422628949,0.1605840565495023,0.1144124252362217,0.0442313755895937,0.0988957655965804,0.0659910288522561,0.0939093442359705,0.0913960490582638,0.0,0.0664079259479225,0.0710362662519764,0.08503699792723,0.0853297477556621,0.0455904171280329,0.0944547284873247,0.0506803404267112,0.1630106782108397,0.0506367484479325,0.0558582597233581,0.1288340721757939,0.0575785842212779,0.092844210260219,0.0764683680552964,0.1070704486390079,0.073182988125538,0.0565488694411857,0.1229354917731192,0.0524679600393117,0.1353785034127461,0.0440245249071571
NA,0.080982450879485,0.1406705221471663,0.1005818036316525,0.0964110553744953,0.0598020034638624,0.0865172782751365,0.0923411805049667,0.1100792556655642,0.1649496628118296,0.1397917179375628,0.1025769089011856,0.0643187733431749,0.0895380965815233,0.155036694493308,0.3358055854994026,0.0690459121652394,0.1145903091851632,0.1344875363396686,0.0881928984951631,0.097994052705846,0.2885049601117031,0.1503870848870679,0.0952031084393073,0.1361533422660671,0.0707635315438366,0.0519398325072585,0.1608513826512458,0.1518074707884518,0.0753678144104721,0.1378365782808295,0.1216036266631109,0.0881414563744465,0.1359258422469043,0.0664079259479225,0.0,0.1189036710730967,0.0980597154940776,0.091930205381427,0.0989521987564622,0.1141678959765745,0.0793257759655772,0.1998934637360954,0.0676127313332155,0.0899198780550155,0.1904114259119265,0.0573966260888141,0.1302091491131195,0.1078891496695024,0.1123217908834799,0.0964938265159841,0.0792803661832326,0.1109544857885623,0.048623636954569,0.1466548867146705,0.0480794127315769
NE,0.0950302374377065,0.0673604518197023,0.0832755666725673,0.0351282162156537,0.1057810300407139,0.0443132505715211,0.0670703596072337,0.0550814394178367,0.073381220278444,0.1572257341079472,0.1024130046599383,0.0757611427147472,0.073855206208738,0.1250670784177872,0.3995033125432282,0.1019472081942309,0.0917257739596314,0.1235963490550065,0.0746906607397779,0.0454867298922374,0.2435607908643307,0.1143431312000058,0.1110527597691459,0.1011676228152124,0.0922165858384415,0.1097367442314827,0.135854601036114,0.1083047287729633,0.0884313994659862,0.0596864049530568,0.0480584517567013,0.1214259357800656,0.1267197021153862,0.0710362662519764,0.1189036710730967,0.0,0.0666946307315732,0.1085333879173473,0.066747017517313,0.1448134253733692,0.0867977393621954,0.0981140515785157,0.0891349758119836,0.0865596942622249,0.1510032885820784,0.1006397531321782,0.0984669628151676,0.0354094252745649,0.1195900280389629,0.0836151920371433,0.0800292050738874,0.1562532408303507,0.0877241618399516,0.1428353300968332,0.0840771099783543
NG,0.0978630511962439,0.0902782274334292,0.1143007173338088,0.0504491032714831,0.0720464320934497,0.0715271773042536,0.0997712146256842,0.0619088579981298,0.0721379765674058,0.1283100504873908,0.1348315294922314,0.106903861516172,0.0731035618482229,0.11230694607793,0.3587742797445351,0.1144822087853163,0.0934274268155117,0.0530203628959163,0.0965531536917208,0.0610982962975237,0.3034186934032767,0.1774985814244006,0.0666043048631143,0.1602454325622151,0.0904917321425228,0.0934083538955272,0.1175317233902234,0.1125645662386145,0.1003979842420038,0.101192750329338,0.0862135495622533,0.1093751742617276,0.1116849222685809,0.08503699792723,0.0980597154940776,0.0666946307315732,0.0,0.1131322588474388,0.095997851727045,0.1571553007524166,0.0834693129136837,0.1258546865715513,0.0996189638755059,0.0764380586832179,0.1948984675303395,0.0855548663283459,0.1455947952347273,0.0687760310705076,0.1151644418873542,0.0935634750184254,0.0445635423267409,0.1641894861734685,0.0774952027055809,0.0907685116822527,0.0586853870055337
RE,0.0939758173452809,0.1566945025783086,0.1059702626077936,0.0841494990433106,0.0904578533181279,0.0739983076077447,0.1081328458167776,0.094315932430792,0.1229015047842452,0.1450393706664813,0.0910069601950106,0.0954548790706403,0.0717861408702643,0.149649288217352,0.3712972122713079,0.1297110870712066,0.0982976799784298,0.1436741249957488,0.1038483647344451,0.1031878111934287,0.2901233906783906,0.1537552724667081,0.1044158605423657,0.1420509087484599,0.1037531231011096,0.0902968988882471,0.1749705786688451,0.0908527371461799,0.06804082522752,0.101278705014166,0.1159080708839962,0.0618222918590827,0.1556344669363289,0.0853297477556621,0.091930205381427,0.1085333879173473,0.1131322588474388,0.0,0.1098674292600467,0.112177651349326,0.1069909838775341,0.1441754866556746,0.1161078000241708,0.1274807071408237,0.1843484796687972,0.1055013736731583,0.136522631204036,0.1042037115313714,0.0727366718216647,0.1278385738381257,0.0902901974115704,0.1190377936507333,0.054369921091666,0.1694554187371116,0.0908765097706146
