ISO_CODE,AD,AL,AT,BA,BE,BG,BY,CH,CY,CZ,DE,DK,EE,ES,FI,FO,FR,GB,GI,GR,HR,HU,IE,IM,IS,IT,LI,LT,LU,LV,MC,MD,ME,MK,MT,NL,NO,PL,PT,RO,RS,RU,SE,SI,SK,SM,UA
AD,0.0,0.2346571302201838,0.2280384914065417,0.232782345680097,0.2109560491967523,0.2296954312515071,0.2440220724724013,0.1887701133898545,0.2328805612462154,0.2805972196396096,0.2547914740866588,0.2818595673171465,0.2267521357270374,0.1519982755888754,0.2809850589971355,0.4490371741034167,0.2043562696606969,0.2696557979659228,0.3181202330392725,0.1983886051809038,0.2084422873091438,0.2215792494623827,0.278298259626897,0.352857171512164,0.3302751536750012,0.2283158338749612,0.419469232689347,0.3224203700436696,0.1850731225053343,0.247740613314723,0.4246326345146289,0.2630585864270374,0.2194866770247177,0.1962821537765311,0.2465787189195495,0.2351246290281641,0.2446613451825366,0.2158877260489113,0.2535337885845605,0.2433425245746693,0.253025061142996,0.2397730795245011,0.2473315393779522,0.1854074520781338,0.2623708871509538,0.4461768090147876,0.3413675429432327
AL,0.2346571302201838,0.0,0.2052918567959319,0.1321621581058847,0.145463108367471,0.1609086379252327,0.2149100174162866,0.1574633615211638,0.1346488105754357,0.2602011167226761,0.1810819456123825,0.2295322149799301,0.1810885968772136,0.1693111841012414,0.2707926589134073,0.3847849159652129,0.1645774062553795,0.1933267110894128,0.3133837039946416,0.1209939073784986,0.1296029258785676,0.1545590618407322,0.2107483246618866,0.3490883149080501,0.2622365738248928,0.1237532317750736,0.42508919813222,0.2822531562006467,0.139946774289054,0.2388671896563261,0.451064072936429,0.1875395522113021,0.1596351090128678,0.0870436823439924,0.1444743266954877,0.1850542796554102,0.2088793824165804,0.1337490929106943,0.2296392698666236,0.1655018959248029,0.1688210791768885,0.2030654160390859,0.1981394587541651,0.1682887677894864,0.2248148743617177,0.447996851133011,0.3074942209323557
AT,0.2280384914065417,0.2052918567959319,0.0,0.150847822261376,0.1236519125917542,0.1512421622137029,0.1408341342889978,0.0540279482790857,0.1616532287315468,0.0921610683058103,0.0700459173057035,0.1017740345092996,0.1298542575701222,0.2058544162917437,0.1498371619225529,0.4577078486267691,0.154284806978671,0.1412570952899166,0.3288449519941449,0.1650313107230843,0.120405831327363,0.121315437439553,0.1787043952878644,0.2805161486397686,0.2921374146377122,0.1826372264757594,0.3707495087975596,0.217393118720675,0.1281122650672954,0.127980300684426,0.4420725892714219,0.1650725110475018,0.1956908306608049,0.1564030845917361,0.1658654354521151,0.1385240376490851,0.1076887955703913,0.1452041180908622,0.2918458848337366,0.1777501884020582,0.1841554146580795,0.1349857742517033,0.1065459142585962,0.094862189202268,0.0860749973614711,0.4952613915564665,0.1784707025643851
BA,0.232782345680097,0.1321621581058847,0.150847822261376,0.0,0.1425553593706794,0.1357171611758933,0.1848033654269603,0.1261483543615874,0.1334052170086874,0.1934172547436246,0.1470580914589081,0.1867941256522343,0.1597649933741847,0.1762511313245988,0.2299653693047412,0.4053187405958419,0.1519697693447155,0.1761822182147787,0.3128732883539334,0.1104728436331821,0.0548752767227278,0.1331738095525798,0.187913816649195,0.3354439549721355,0.2314541439441075,0.1692076043215902,0.4263887248617077,0.2272313175545763,0.1328127610768898,0.1742367576065089,0.4572177324282067,0.1530952678708714,0.064709143656981,0.0606853244863682,0.1553371761808496,0.1816919811811621,0.1758101593246588,0.1309769812106855,0.2385475956847753,0.1377917099442978,0.0586347726655203,0.1811376198924714,0.174126824176227,0.0953154875361432,0.1612225566145424,0.4810469905864967,0.2682588865421913
BE,0.2109560491967523,0.145463108367471,0.1236519125917542,0.1425553593706794,0.0,0.1202144840568149,0.123889489476895,0.0825743055992387,0.1183940419521774,0.1682304865883822,0.1147630810977899,0.1302409507327222,0.0924291176884158,0.1424237942280788,0.1586924527330719,0.4102807474586911,0.0720679852026711,0.1031918132620701,0.3034825604636237,0.1115148032946988,0.1022544262809317,0.0977221389424203,0.1526252675103596,0.2719337895454953,0.2557112007141682,0.1127125180879883,0.4305009276255449,0.2271389340670125,0.0893732637284325,0.1234882520342797,0.4163111237953332,0.1175034748503095,0.1845089521298283,0.1248569533419498,0.1237260342010109,0.0698197237048751,0.1356436314219211,0.1018478224518357,0.2216879402243662,0.1297240375040507,0.1676377076252706,0.1117698978800121,0.1073674739050881,0.1330052086777311,0.145504350853308,0.4740044073708296,0.1862469402757871
BG,0.2296954312515071,0.1609086379252327,0.1512421622137029,0.1357171611758933,0.1202144840568149,0.0,0.1284599388744719,0.1272817082055501,0.129623735153836,0.1907522118228273,0.1545041156388699,0.1841202648162119,0.1264999833083405,0.1794335498446159,0.196300245580073,0.4335066238613281,0.128243386333952,0.1414930238079396,0.3406890174532895,0.1179037674076191,0.0975442344711323,0.1150643594481467,0.1760192373502609,0.3149492074295084,0.2644268071321003,0.1514792238777706,0.4400229635938408,0.2186727960826255,0.1505968850740815,0.1446799169268575,0.4445010384194081,0.1266324298773957,0.1653937852387692,0.1163611864643978,0.1615244317184041,0.1347963983211462,0.1648447318133052,0.1208303233608991,0.2635575183937211,0.1280037236414886,0.1546346805176983,0.1220453160141373,0.1527539913292032,0.1348280612248493,0.1706409097504979,0.4745769536359777,0.196287483244741
BY,0.2440220724724013,0.2149100174162866,0.1408341342889978,0.1848033654269603,0.123889489476895,0.1284599388744719,0.0,0.1149168830695196,0.1512966381230015,0.1644180884226604,0.1633343991121729,0.1613941921908162,0.1100985089225987,0.2021426920854088,0.1570478091023616,0.494346125754093,0.1494342344231136,0.158925959543147,0.3971508783837663,0.1622220526176478,0.1258274905484298,0.1073753330026638,0.2264961769381703,0.3247964889656205,0.313422075644868,0.1739161358531442,0.4916246859227446,0.2058468101851756,0.1670977027843465,0.1075474235435434,0.4774161719803862,0.098341431665911,0.204599013609158,0.1695706057412694,0.2033779826528006,0.1143780178329952,0.1498703356823775,0.1371544874821912,0.3097838290374081,0.1525550608055825,0.1845916931631996,0.0359121960336337,0.1202273244230955,0.1540720265980599,0.159273632389516,0.5405736223408916,0.0903582665714715
CH,0.1887701133898545,0.1574633615211638,0.0540279482790857,0.1261483543615874,0.0825743055992387,0.1272817082055501,0.1149168830695196,0.0,0.1377018122003788,0.0907523813464323,0.0729939311281039,0.1069804368533008,0.1041725301223779,0.1436128695702119,0.1403640414192379,0.4329558570621279,0.0945694701725505,0.1354475516599234,0.3205530058690182,0.1290241352179016,0.0923218749025807,0.0961688705059331,0.1684695373717187,0.2907575797248277,0.2458003043453711,0.1259159610741977,0.3906636283110732,0.231238550488918,0.0885114227665444,0.1159038350071713,0.4249958362859298,0.1307368453295071,0.1496551650101476,0.114900261385086,0.1385676843174399,0.1058840070053682,0.1053885586289946,0.115596696430656,0.2176337544548108,0.1270176224542614,0.1433369611141384,0.1061964369989576,0.0835537569414242,0.0868407248222564,0.0858409222202509,0.4882848816190391,0.1992556935680753
CY,0.2328805612462154,0.1346488105754357,0.1616532287315468,0.1334052170086874,0.1183940419521774,0.129623735153836,0.1512966381230015,0.1377018122003788,0.0,0.2159484054443492,0.1475646535295831,0.1822048333247574,0.1258728799547995,0.1689652214998668,0.2079932803877904,0.4137615771058869,0.1381025604694252,0.1356170681711135,0.3145648279156923,0.0865089933590925,0.1044211871510344,0.1144769093596087,0.1519404574732707,0.3039409959063153,0.237285739219613,0.1553369249504048,0.4119719485305021,0.2139049013147174,0.1212096451129485,0.1546839529396095,0.4535089795885245,0.1331937395519313,0.1728142689452749,0.1025150126470627,0.1259879771919124,0.1368339075324829,0.1715458814717785,0.1168908678187078,0.2382852644007504,0.1491464530792901,0.1610689693994986,0.1450733705087661,0.1533882194927347,0.1480830293482056,0.185970675775646,0.4757685784497234,0.2190553097276641
CZ,0.2805972196396096,0.2602011167226761,0.0921610683058103,0.1934172547436246,0.1682304865883822,0.1907522118228273,0.1644180884226604,0.0907523813464323,0.2159484054443492,0.0,0.1374916755627085,0.1120560760637117,0.1485806345943251,0.2567954675914685,0.1113331554595677,0.4815058542443173,0.2006815252372943,0.1776629016825186,0.3669013035997482,0.2158397062372661,0.163390123795952,0.1562999208072574,0.2042177939302696,0.309460126373235,0.325353500767789,0.2355265841026945,0.4243946433011366,0.245792218761063,0.1768982606979476,0.1309474614105988,0.480035378085788,0.1911345916756721,0.2290742162280878,0.2021912088484261,0.1985351154470016,0.182695741889951,0.1298901694100056,0.1947352619129736,0.3369707342017629,0.2062440016598348,0.2136419488674531,0.1574330521907686,0.0981432390788701,0.1325758889134191,0.0405895673032946,0.5210500002446629,0.2125416462060212
DE,0.2547914740866588,0.1810819456123825,0.0700459173057035,0.1470580914589081,0.1147630810977899,0.1545041156388699,0.1633343991121729,0.0729939311281039,0.1475646535295831,0.1374916755627085,0.0,0.1072049219696049,0.138437821465619,0.1798968032333537,0.1889511684898774,0.4338858279439062,0.1406161722830297,0.1442857833439828,0.3262689299638901,0.1571675428155163,0.122608311766457,0.1128697217643741,0.1835130885640332,0.2960895380171485,0.2645004200763917,0.1759517701381563,0.3974400956854587,0.2455814457141837,0.1107582086801971,0.1542623656582114,0.456832085248627,0.1551008884705965,0.2089758107425872,0.1526572140010575,0.1642866911925664,0.1286618142961728,0.1407742514008207,0.1413316198038179,0.2653230643438411,0.1671462544218227,0.1906653245031422,0.148918851156298,0.1177966458066162,0.1423379154210831,0.1238154610541402,0.5251048238778709,0.2136208000709281
DK,0.2818595673171465,0.2295322149799301,0.1017740345092996,0.1867941256522343,0.1302409507327222,0.1841202648162119,0.1613941921908162,0.1069804368533008,0.1822048333247574,0.1120560760637117,0.1072049219696049,0.0,0.1296088340109511,0.2298494224671852,0.1436584972334279,0.4272359200271052,0.1747183435224784,0.1211587150888688,0.3517721411636512,0.1992758178643865,0.152959939733922,0.133625126627758,0.1691467283934129,0.270627139021381,0.3015499488319166,0.2119542079792895,0.4393043096480475,0.2228660807243225,0.1471649200377504,0.1333444830907832,0.4970932042539238,0.1557043585344224,0.2610578893829522,0.1880751315436264,0.1575284283815964,0.1296706968732004,0.0802388556261444,0.1791781905249352,0.3104717675345803,0.2054620522937735,0.2308641056401332,0.1430918788018587,0.0567067202807944,0.1626707055361386,0.0939779042749877,0.5292619379144861,0.1533636059292151
EE,0.2267521357270374,0.1810885968772136,0.1298542575701222,0.1597649933741847,0.0924291176884158,0.1264999833083405,0.1100985089225987,0.1041725301223779,0.1258728799547995,0.1485806345943251,0.138437821465619,0.1296088340109511,0.0,0.1845333993751454,0.1127429159532042,0.4440943539415369,0.1135876569942331,0.1160461264308569,0.3440786609270319,0.1215439088060932,0.1181208239534865,0.0958015817374914,0.1587559030001061,0.2519157916742602,0.2580837323558558,0.1542563594342703,0.4472156084694005,0.1750065859986184,0.1173617840555424,0.0747169468569025,0.4500402877012585,0.0984518650497621,0.2001363367110186,0.1440793515731218,0.1376726681376516,0.0965444373078963,0.1314569546568795,0.1119762838765894,0.2672448837795478,0.1414553725076485,0.177371042914604,0.0926470747236165,0.0962800603312834,0.1259340682331593,0.1438607770284548,0.4969629836895866,0.1454226273176022
ES,0.1519982755888754,0.1693111841012414,0.2058544162917437,0.1762511313245988,0.1424237942280788,0.1794335498446159,0.2021426920854088,0.1436128695702119,0.1689652214998668,0.2567954675914685,0.1798968032333537,0.2298494224671852,0.1845333993751454,0.0,0.2649631615317931,0.4686534415797326,0.1463505059914807,0.2182420969816342,0.3503109759239449,0.1439858287837918,0.1447196791860369,0.1550421490631468,0.2404287731791191,0.3760801261643735,0.2803125444844008,0.1726516215089441,0.4883684121721768,0.2959094172804725,0.1578568869309469,0.2149144691306481,0.4751116463694438,0.180155541853358,0.1947993438161496,0.1585232124304643,0.2038508189839819,0.1632459645476555,0.2310641220604243,0.1598595437952403,0.2098034472081196,0.1672884755855153,0.1967947491410484,0.1940811813313424,0.197460831628542,0.1789823813166102,0.2292394474969569,0.5168847411941722,0.3006996629019012
FI,0.2809850589971355,0.2707926589134073,0.1498371619225529,0.2299653693047412,0.1586924527330719,0.196300245580073,0.1570478091023616,0.1403640414192379,0.2079932803877904,0.1113331554595677,0.1889511684898774,0.1436584972334279,0.1127429159532042,0.2649631615317931,0.0,0.5037485005751063,0.2030979775783836,0.1664517296341644,0.4091674195212874,0.206339217899267,0.1766639106326539,0.1663904739741928,0.2057122539016793,0.3126313150491854,0.3488246206072583,0.2282893178223982,0.4851380618384824,0.227112357340387,0.1876802428703752,0.0795735505876157,0.4935336356500046,0.1992348187963595,0.2606143193774739,0.2163280045697532,0.2159880833112359,0.1406387550785679,0.1413190457734326,0.1953982535262329,0.3392338775499061,0.2323424167303445,0.2484205319968815,0.1422477144929056,0.0824782847284557,0.1552154848892395,0.1134619860398707,0.5313579574093671,0.189925485989678
FO,0.4490371741034167,0.3847849159652129,0.4577078486267691,0.4053187405958419,0.4102807474586911,0.4335066238613281,0.494346125754093,0.4329558570621279,0.4137615771058869,0.4815058542443173,0.4338858279439062,0.4272359200271052,0.4440943539415369,0.4686534415797326,0.5037485005751063,0.0,0.4253228047003721,0.4008681714387929,0.375154095850168,0.4169819860555609,0.4167092839414275,0.4379842811271526,0.4021640951362666,0.4520042869803001,0.3689691930404579,0.4444031125583969,0.4884410852011032,0.5457540452095614,0.3973426143236376,0.5019464122137379,0.5438068546144019,0.4766985987067207,0.4328003880301609,0.3757133391560163,0.3713680702578334,0.436282656377483,0.3944756957606441,0.4268653282688948,0.4685272183459167,0.4455815678318824,0.4359366527319073,0.479883662527983,0.4278307655027665,0.4343122357293735,0.458889536541981,0.5017876780185533,0.5562006502395369
FR,0.2043562696606969,0.1645774062553795,0.154284806978671,0.1519697693447155,0.0720679852026711,0.128243386333952,0.1494342344231136,0.0945694701725505,0.1381025604694252,0.2006815252372943,0.1406161722830297,0.1747183435224784,0.1135876569942331,0.1463505059914807,0.2030979775783836,0.4253228047003721,0.0,0.1455454472372694,0.3226456140301981,0.120128206460873,0.1164123262362119,0.1183153880344047,0.1767580936925473,0.3005860290540135,0.2419347761999182,0.1282220680241543,0.443567029184275,0.2504368172924425,0.0981091420387552,0.1493462013832831,0.3997194109586823,0.1387330075312567,0.1787853496245675,0.136368697034066,0.1608059152653923,0.1135028906246112,0.1641565822305336,0.1170928200101948,0.2121932962964352,0.1411319703314341,0.171847255490086,0.1333522006797048,0.1433792824880222,0.1422262214356444,0.1889085807255015,0.4831408436465356,0.2311531347489616
GB,0.2696557979659228,0.1933267110894128,0.1412570952899166,0.1761822182147787,0.1031918132620701,0.1414930238079396,0.158925959543147,0.1354475516599234,0.1356170681711135,0.1776629016825186,0.1442857833439828,0.1211587150888688,0.1160461264308569,0.2182420969816342,0.1664517296341644,0.4008681714387929,0.1455454472372694,0.0,0.2862020885408538,0.1437959737240288,0.1297154908488458,0.1357359497917476,0.0709623128988464,0.222177872675386,0.2697172555811267,0.1810229347046446,0.4104017598853937,0.2249316864321512,0.1402662733746507,0.1385129006827914,0.4451526179187435,0.1462263803732195,0.2335273040186016,0.1600078245138333,0.1096133400485328,0.118068424120139,0.1293213748681119,0.1434203220595764,0.2770385805732358,0.1799438284595074,0.203439460329924,0.143902929117865,0.1178792149274836,0.1681334128238487,0.1494966382832482,0.4506819199003,0.1627998781072265
GI,0.3181202330392725,0.3133837039946416,0.3288449519941449,0.3128732883539334,0.3034825604636237,0.3406890174532895,0.3971508783837663,0.3205530058690182,0.3145648279156923,0.3669013035997482,0.3262689299638901,0.3517721411636512,0.3440786609270319,0.3503109759239449,0.4091674195212874,0.375154095850168,0.3226456140301981,0.2862020885408538,0.0,0.3142124996459057,0.3122083636649506,0.3332717420981965,0.2903243834353917,0.338900480737903,0.3930436419678296,0.3414143322324545,0.3626332136171765,0.4178033766302423,0.2897582442991624,0.3774055202780684,0.4132396513877411,0.3764874904197117,0.3406425829954242,0.2986724463756368,0.2789853463515446,0.3587923688198824,0.3515106719198004,0.3283137904424278,0.3767909203179909,0.3624659427175812,0.3523481494465588,0.388730462487341,0.3588426391889623,0.3260245246206181,0.3418488953270011,0.4165804084441823,0.4462673163703086
GR,0.1983886051809038,0.1209939073784986,0.1650313107230843,0.1104728436331821,0.1115148032946988,0.1179037674076191,0.1622220526176478,0.1290241352179016,0.0865089933590925,0.2158397062372661,0.1571675428155163,0.1992758178643865,0.1215439088060932,0.1439858287837918,0.206339217899267,0.4169819860555609,0.120128206460873,0.1437959737240288,0.3142124996459057,0.0,0.0854578742250025,0.1189677398984836,0.1633730506511741,0.3145796492557497,0.2287100110387159,0.1300519781771094,0.4323191524761853,0.2018388146169092,0.1172301876686392,0.1432118881835392,0.4335872461672232,0.1372901007267065,0.1327139632094923,0.0914105408468927,0.1403190216743637,0.130909582859713,0.1802183890064711,0.1056676849506337,0.2276194287364326,0.1352602108047585,0.1286340504330196,0.1526294102987619,0.162401928018494,0.1109913768113251,0.1902309786401994,0.4629105036436132,0.2416105457678743
HR,0.2084422873091438,0.1296029258785676,0.120405831327363,0.0548752767227278,0.1022544262809317,0.0975442344711323,0.1258274905484298,0.0923218749025807,0.1044211871510344,0.163390123795952,0.122608311766457,0.152959939733922,0.1181208239534865,0.1447196791860369,0.1766639106326539,0.4167092839414275,0.1164123262362119,0.1297154908488458,0.3122083636649506,0.0854578742250025,0.0,0.0970457472580568,0.158824624852473,0.3045951041488192,0.2283288398233245,0.137072322989004,0.4317404562727608,0.1978267804650685,0.1114246229966005,0.1226157185390921,0.4329298959410173,0.1162117321885409,0.0938738277792113,0.0684587089467025,0.1395653782797535,0.122083970346108,0.1441790580008308,0.1016924208881118,0.2256854416229952,0.117450037688068,0.0849675369317854,0.1235459503933197,0.1253177172049477,0.0798953179298227,0.1357144280104587,0.474386956728604,0.1962027537172532
HU,0.2215792494623827,0.1545590618407322,0.121315437439553,0.1331738095525798,0.0977221389424203,0.1150643594481467,0.1073753330026638,0.0961688705059331,0.1144769093596087,0.1562999208072574,0.1128697217643741,0.133625126627758,0.0958015817374914,0.1550421490631468,0.1663904739741928,0.4379842811271526,0.1183153880344047,0.1357359497917476,0.3332717420981965,0.1189677398984836,0.0970457472580568,0.0,0.179300348921723,0.2812484161298058,0.2495018318836215,0.1332728318393234,0.4313582281309533,0.1968745983384759,0.1117080328272697,0.1231743881649958,0.4403608887985201,0.1083850072936689,0.1788181372025478,0.1262591747512716,0.1424640822023541,0.1037257431555676,0.1457086453242323,0.1075937177766209,0.2445867085696913,0.1256465623091748,0.1617536702286075,0.0961392150610107,0.115545164067048,0.13145358549733,0.1318371939851588,0.495373699182546,0.1679091374851686
IE,0.278298259626897,0.2107483246618866,0.1787043952878644,0.187913816649195,0.1526252675103596,0.1760192373502609,0.2264961769381703,0.1684695373717187,0.1519404574732707,0.2042177939302696,0.1835130885640332,0.1691467283934129,0.1587559030001061,0.2404287731791191,0.2057122539016793,0.4021640951362666,0.1767580936925473,0.0709623128988464,0.2903243834353917,0.1633730506511741,0.158824624852473,0.179300348921723,0.0,0.2516557826428747,0.2592631284765454,0.2212602002703381,0.4130031060717477,0.2526383999971602,0.159503141723276,0.1789280201635961,0.464800915123862,0.1963228868320372,0.2346092254674675,0.1725202000024608,0.1231307309326545,0.1808228664676766,0.1595590714611309,0.1775131283499755,0.2844530121649238,0.2186333851822763,0.2166095816858234,0.2060626035864068,0.1626908147276424,0.183058871860246,0.1799148554989711,0.444955941907885,0.2458864763345122
IM,0.352857171512164,0.3490883149080501,0.2805161486397686,0.3354439549721355,0.2719337895454953,0.3149492074295084,0.3247964889656205,0.2907575797248277,0.3039409959063153,0.309460126373235,0.2960895380171485,0.270627139021381,0.2519157916742602,0.3760801261643735,0.3126313150491854,0.4520042869803001,0.3005860290540135,0.222177872675386,0.338900480737903,0.3145796492557497,0.3045951041488192,0.2812484161298058,0.2516557826428747,0.0,0.4044766825477561,0.3266215727564392,0.4299787615597814,0.337849961265352,0.2672250305903678,0.2785912581998877,0.463889800179484,0.3167363943688113,0.375709196876634,0.3188961832185133,0.2407300437589419,0.2880036927633975,0.2939777168931987,0.3079840022550868,0.402177407808312,0.3418220297911638,0.3645519950823909,0.3138016689566283,0.2892672054382237,0.305959431138495,0.2993224836800838,0.476846427955883,0.3405346294467141
IS,0.3302751536750012,0.2622365738248928,0.2921374146377122,0.2314541439441075,0.2557112007141682,0.2644268071321003,0.313422075644868,0.2458003043453711,0.237285739219613,0.325353500767789,0.2645004200763917,0.3015499488319166,0.2580837323558558,0.2803125444844008,0.3488246206072583,0.3689691930404579,0.2419347761999182,0.2697172555811267,0.3930436419678296,0.2287100110387159,0.2283288398233245,0.2495018318836215,0.2592631284765454,0.4044766825477561,0.0,0.2841913349697283,0.4792355565229632,0.367168234715209,0.2357581672547005,0.3007304597944535,0.5193531264748945,0.2859717402004462,0.2432554171760996,0.2028647962718028,0.2468371142582894,0.2722720887351769,0.2646708028218529,0.2384467130109058,0.3202196506618011,0.2587280506996319,0.2483203362144488,0.298411843047666,0.2731809161704601,0.2508843821974815,0.3076418205650302,0.5406697327588188,0.4171917601621695
IT,0.2283158338749612,0.1237532317750736,0.1826372264757594,0.1692076043215902,0.1127125180879883,0.1514792238777706,0.1739161358531442,0.1259159610741977,0.1553369249504048,0.2355265841026945,0.1759517701381563,0.2119542079792895,0.1542563594342703,0.1726516215089441,0.2282893178223982,0.4444031125583969,0.1282220680241543,0.1810229347046446,0.3414143322324545,0.1300519781771094,0.137072322989004,0.1332728318393234,0.2212602002703381,0.3266215727564392,0.2841913349697283,0.0,0.4480675017244413,0.2753012042873167,0.1282182300133882,0.1840959869839674,0.4226045287821817,0.1652475655358019,0.1886660409909502,0.130002567767125,0.1478441582242767,0.1385532820449118,0.2013213571698355,0.1317496438980889,0.2345355802885641,0.1541238443020409,0.1880981192882951,0.1631168619096304,0.1725122014722622,0.1631922498567071,0.210036121000944,0.4291670274222079,0.2548777282012837
LI,0.419469232689347,0.42508919813222,0.3707495087975596,0.4263887248617077,0.4305009276255449,0.4400229635938408,0.4916246859227446,0.3906636283110732,0.4119719485305021,0.4243946433011366,0.3974400956854587,0.4393043096480475,0.4472156084694005,0.4883684121721768,0.4851380618384824,0.4884410852011032,0.443567029184275,0.4104017598853937,0.3626332136171765,0.4323191524761853,0.4317404562727608,0.4313582281309533,0.4130031060717477,0.4299787615597814,0.4792355565229632,0.4480675017244413,0.0,0.514801806114303,0.3904366020890978,0.4860195700786394,0.5122912281149997,0.4818269267873718,0.4562030942782487,0.4052337715673934,0.3868825597031629,0.4756917417984627,0.4119302057707172,0.4341361540218335,0.4844256139605296,0.4742394049731924,0.4699196713183409,0.4816996298075657,0.4452725666304377,0.4066115540110507,0.4088788247464453,0.4668715364470024,0.5325093842632693
LT,0.3224203700436696,0.2822531562006467,0.217393118720675,0.2272313175545763,0.2271389340670125,0.2186727960826255,0.2058468101851756,0.231238550488918,0.2139049013147174,0.245792218761063,0.2455814457141837,0.2228660807243225,0.1750065859986184,0.2959094172804725,0.227112357340387,0.5457540452095614,0.2504368172924425,0.2249316864321512,0.4178033766302423,0.2018388146169092,0.1978267804650685,0.1968745983384759,0.2526383999971602,0.337849961265352,0.367168234715209,0.2753012042873167,0.514801806114303,0.0,0.2205653878801481,0.150199516353124,0.5197793139670468,0.1949105535237102,0.2550295710185181,0.2296749727414726,0.2395675100609134,0.2368786754737225,0.2659191261768145,0.2268639020455687,0.3683767618680007,0.2625281355219772,0.240219677130939,0.2061492255697274,0.2335186418847757,0.216165693656122,0.2317901409916068,0.5662277054910583,0.2122104729809866
LU,0.1850731225053343,0.139946774289054,0.1281122650672954,0.1328127610768898,0.0893732637284325,0.1505968850740815,0.1670977027843465,0.0885114227665444,0.1212096451129485,0.1768982606979476,0.1107582086801971,0.1471649200377504,0.1173617840555424,0.1578568869309469,0.1876802428703752,0.3973426143236376,0.0981091420387552,0.1402662733746507,0.2897582442991624,0.1172301876686392,0.1114246229966005,0.1117080328272697,0.159503141723276,0.2672250305903678,0.2357581672547005,0.1282182300133882,0.3904366020890978,0.2205653878801481,0.0,0.1493999075293595,0.3920920671042522,0.1475351792210355,0.1671086306454696,0.1137302769092074,0.1153972603939414,0.1224341014807788,0.1548370090041346,0.1209782349105002,0.1358312163916841,0.1458249286063153,0.1682103891699197,0.1563991757661146,0.1393329040445853,0.131015686140365,0.1490886606527484,0.4423235735308146,0.2408528965914882
LV,0.247740613314723,0.2388671896563261,0.127980300684426,0.1742367576065089,0.1234882520342797,0.1446799169268575,0.1075474235435434,0.1159038350071713,0.1546839529396095,0.1309474614105988,0.1542623656582114,0.1333444830907832,0.0747169468569025,0.2149144691306481,0.0795735505876157,0.5019464122137379,0.1493462013832831,0.1385129006827914,0.3774055202780684,0.1432118881835392,0.1226157185390921,0.1231743881649958,0.1789280201635961,0.2785912581998877,0.3007304597944535,0.1840959869839674,0.4860195700786394,0.150199516353124,0.1493999075293595,0.0,0.4790378434295467,0.124979460459647,0.2022702173736235,0.1675071921560724,0.1774374268166263,0.1136145782987054,0.149204648253048,0.1458005985464808,0.3075478697355143,0.1785567699646484,0.1834887102851021,0.0987036645469821,0.0986037347316547,0.1205705493589676,0.1269150759369548,0.5363179570381722,0.1381650683965118
MC,0.4246326345146289,0.451064072936429,0.4420725892714219,0.4572177324282067,0.4163111237953332,0.4445010384194081,0.4774161719803862,0.4249958362859298,0.4535089795885245,0.480035378085788,0.456832085248627,0.4970932042539238,0.4500402877012585,0.4751116463694438,0.4935336356500046,0.5438068546144019,0.3997194109586823,0.4451526179187435,0.4132396513877411,0.4335872461672232,0.4329298959410173,0.4403608887985201,0.464800915123862,0.463889800179484,0.5193531264748945,0.4226045287821817,0.5122912281149997,0.5197793139670468,0.3920920671042522,0.4790378434295467,0.0,0.4743910073748167,0.4489651766988325,0.4339052559020964,0.4277324868632162,0.4590175634545357,0.4994711955022561,0.4484593539517354,0.4515611656325629,0.4401292296698563,0.4635244888313529,0.4762941252823599,0.4870051018073043,0.4401044723689983,0.4597760873959507,0.4849148082382385,0.5395351058033542
MD,0.2630585864270374,0.1875395522113021,0.1650725110475018,0.1530952678708714,0.1175034748503095,0.1266324298773957,0.098341431665911,0.1307368453295071,0.1331937395519313,0.1911345916756721,0.1551008884705965,0.1557043585344224,0.0984518650497621,0.180155541853358,0.1992348187963595,0.4766985987067207,0.1387330075312567,0.1462263803732195,0.3764874904197117,0.1372901007267065,0.1162117321885409,0.1083850072936689,0.1963228868320372,0.3167363943688113,0.2859717402004462,0.1652475655358019,0.4818269267873718,0.1949105535237102,0.1475351792210355,0.124979460459647,0.4743910073748167,0.0,0.2047672981201733,0.153550034382395,0.1710399867083867,0.1190928396640655,0.1862212746209228,0.1233599241200539,0.2738874568000802,0.0944624610920492,0.1698793225871162,0.0986356545879426,0.142701615140572,0.1716660994022846,0.172351872065377,0.535713854491685,0.134903156036355
ME,0.2194866770247177,0.1596351090128678,0.1956908306608049,0.064709143656981,0.1845089521298283,0.1653937852387692,0.204599013609158,0.1496551650101476,0.1728142689452749,0.2290742162280878,0.2089758107425872,0.2610578893829522,0.2001363367110186,0.1947993438161496,0.2606143193774739,0.4328003880301609,0.1787853496245675,0.2335273040186016,0.3406425829954242,0.1327139632094923,0.0938738277792113,0.1788181372025478,0.2346092254674675,0.375709196876634,0.2432554171760996,0.1886660409909502,0.4562030942782487,0.2550295710185181,0.1671086306454696,0.2022702173736235,0.4489651766988325,0.2047672981201733,0.0,0.0748434333497451,0.1958667236501007,0.2238739577900586,0.2230167779957982,0.1612163504817145,0.2613382237185474,0.1669390170747225,0.0448575758857933,0.2172658645080227,0.2246878125356688,0.1039609558062431,0.2098677830840428,0.482604308156637,0.3414782456986592
MK,0.1962821537765311,0.0870436823439924,0.1564030845917361,0.0606853244863682,0.1248569533419498,0.1163611864643978,0.1695706057412694,0.114900261385086,0.1025150126470627,0.2021912088484261,0.1526572140010575,0.1880751315436264,0.1440793515731218,0.1585232124304643,0.2163280045697532,0.3757133391560163,0.136368697034066,0.1600078245138333,0.2986724463756368,0.0914105408468927,0.0684587089467025,0.1262591747512716,0.1725202000024608,0.3188961832185133,0.2028647962718028,0.130002567767125,0.4052337715673934,0.2296749727414726,0.1137302769092074,0.1675071921560724,0.4339052559020964,0.153550034382395,0.0748434333497451,0.0,0.1298524968780163,0.1631748426302248,0.1586091533490962,0.1064607219871518,0.2109735861999515,0.128663397360861,0.0831103609800145,0.166665240766439,0.160039334091705,0.090083275201209,0.1704976635781825,0.4313764596853366,0.268272517470718
MT,0.2465787189195495,0.1444743266954877,0.1658654354521151,0.1553371761808496,0.1237260342010109,0.1615244317184041,0.2033779826528006,0.1385676843174399,0.1259879771919124,0.1985351154470016,0.1642866911925664,0.1575284283815964,0.1376726681376516,0.2038508189839819,0.2159880833112359,0.3713680702578334,0.1608059152653923,0.1096133400485328,0.2789853463515446,0.1403190216743637,0.1395653782797535,0.1424640822023541,0.1231307309326545,0.2407300437589419,0.2468371142582894,0.1478441582242767,0.3868825597031629,0.2395675100609134,0.1153972603939414,0.1774374268166263,0.4277324868632162,0.1710399867083867,0.1958667236501007,0.1298524968780163,0.0,0.1638461825092199,0.1597196960058754,0.1553085574117638,0.232847655907612,0.1753847612423598,0.1845577158574536,0.1882469358593823,0.156790820877275,0.1663033830467728,0.1669895786895547,0.417585495333903,0.2515050707730641
NL,0.2351246290281641,0.1850542796554102,0.1385240376490851,0.1816919811811621,0.0698197237048751,0.1347963983211462,0.1143780178329952,0.1058840070053682,0.1368339075324829,0.182695741889951,0.1286618142961728,0.1296706968732004,0.0965444373078963,0.1632459645476555,0.1406387550785679,0.436282656377483,0.1135028906246112,0.118068424120139,0.3587923688198824,0.130909582859713,0.122083970346108,0.1037257431555676,0.1808228664676766,0.2880036927633975,0.2722720887351769,0.1385532820449118,0.4756917417984627,0.2368786754737225,0.1224341014807788,0.1136145782987054,0.4590175634545357,0.1190928396640655,0.2238739577900586,0.1631748426302248,0.1638461825092199,0.0,0.1366344522210707,0.1149670145745398,0.2655185970093904,0.1465108180016792,0.1998612543938627,0.106073523719857,0.0945933788896888,0.1510880769859524,0.1617565935749338,0.5168143081693611,0.1727369737237252
NO,0.2446613451825366,0.2088793824165804,0.1076887955703913,0.1758101593246588,0.1356436314219211,0.1648447318133052,0.1498703356823775,0.1053885586289946,0.1715458814717785,0.1298901694100056,0.1407742514008207,0.0802388556261444,0.1314569546568795,0.2310641220604243,0.1413190457734326,0.3944756957606441,0.1641565822305336,0.1293213748681119,0.3515106719198004,0.1802183890064711,0.1441790580008308,0.1457086453242323,0.1595590714611309,0.2939777168931987,0.2646708028218529,0.2013213571698355,0.4119302057707172,0.2659191261768145,0.1548370090041346,0.149204648253048,0.4994711955022561,0.1862212746209228,0.2230167779957982,0.1586091533490962,0.1597196960058754,0.1366344522210707,0.0,0.1614714605892011,0.3100636284834852,0.201149655647631,0.2140744405639313,0.1264030380756002,0.0555399146239161,0.1314195036867783,0.1226562728716313,0.4881938759616796,0.1815047584789935
PL,0.2158877260489113,0.1337490929106943,0.1452041180908622,0.1309769812106855,0.1018478224518357,0.1208303233608991,0.1371544874821912,0.115596696430656,0.1168908678187078,0.1947352619129736,0.1413316198038179,0.1791781905249352,0.1119762838765894,0.1598595437952403,0.1953982535262329,0.4268653282688948,0.1170928200101948,0.1434203220595764,0.3283137904424278,0.1056676849506337,0.1016924208881118,0.1075937177766209,0.1775131283499755,0.3079840022550868,0.2384467130109058,0.1317496438980889,0.4341361540218335,0.2268639020455687,0.1209782349105002,0.1458005985464808,0.4484593539517354,0.1233599241200539,0.1612163504817145,0.1064607219871518,0.1553085574117638,0.1149670145745398,0.1614714605892011,0.0,0.2415792801697613,0.1252816596591954,0.1533005251794713,0.1263729872701633,0.1419562069021513,0.1252552554095418,0.1732074565814566,0.481572562124975,0.2207094763690638
PT,0.2535337885845605,0.2296392698666236,0.2918458848337366,0.2385475956847753,0.2216879402243662,0.2635575183937211,0.3097838290374081,0.2176337544548108,0.2382852644007504,0.3369707342017629,0.2653230643438411,0.3104717675345803,0.2672448837795478,0.2098034472081196,0.3392338775499061,0.4685272183459167,0.2121932962964352,0.2770385805732358,0.3767909203179909,0.2276194287364326,0.2256854416229952,0.2445867085696913,0.2844530121649238,0.402177407808312,0.3202196506618011,0.2345355802885641,0.4844256139605296,0.3683767618680007,0.1358312163916841,0.3075478697355143,0.4515611656325629,0.2738874568000802,0.2613382237185474,0.2109735861999515,0.232847655907612,0.2655185970093904,0.3100636284834852,0.2415792801697613,0.0,0.2448775382461703,0.269207920076373,0.2980657763656695,0.2966083731239168,0.2635859042162722,0.2966578863091864,0.4978385297776497,0.3955579431408407
RO,0.2433425245746693,0.1655018959248029,0.1777501884020582,0.1377917099442978,0.1297240375040507,0.1280037236414886,0.1525550608055825,0.1270176224542614,0.1491464530792901,0.2062440016598348,0.1671462544218227,0.2054620522937735,0.1414553725076485,0.1672884755855153,0.2323424167303445,0.4455815678318824,0.1411319703314341,0.1799438284595074,0.3624659427175812,0.1352602108047585,0.117450037688068,0.1256465623091748,0.2186333851822763,0.3418220297911638,0.2587280506996319,0.1541238443020409,0.4742394049731924,0.2625281355219772,0.1458249286063153,0.1785567699646484,0.4401292296698563,0.0944624610920492,0.1669390170747225,0.128663397360861,0.1753847612423598,0.1465108180016792,0.201149655647631,0.1252816596591954,0.2448775382461703,0.0,0.1532694573053217,0.1522002406884643,0.1716516311307037,0.161539547832389,0.1803560126616159,0.5075631266285665,0.2483008955367108
RS,0.253025061142996,0.1688210791768885,0.1841554146580795,0.0586347726655203,0.1676377076252706,0.1546346805176983,0.1845916931631996,0.1433369611141384,0.1610689693994986,0.2136419488674531,0.1906653245031422,0.2308641056401332,0.177371042914604,0.1967947491410484,0.2484205319968815,0.4359366527319073,0.171847255490086,0.203439460329924,0.3523481494465588,0.1286340504330196,0.0849675369317854,0.1617536702286075,0.2166095816858234,0.3645519950823909,0.2483203362144488,0.1880981192882951,0.4699196713183409,0.240219677130939,0.1682103891699197,0.1834887102851021,0.4635244888313529,0.1698793225871162,0.0448575758857933,0.0831103609800145,0.1845577158574536,0.1998612543938627,0.2140744405639313,0.1533005251794713,0.269207920076373,0.1532694573053217,0.0,0.1954620343662363,0.2021634094127572,0.1141519040604692,0.1911199773313185,0.4981768053679295,0.2933153234671422
RU,0.2397730795245011,0.2030654160390859,0.1349857742517033,0.1811376198924714,0.1117698978800121,0.1220453160141373,0.0359121960336337,0.1061964369989576,0.1450733705087661,0.1574330521907686,0.148918851156298,0.1430918788018587,0.0926470747236165,0.1940811813313424,0.1422477144929056,0.479883662527983,0.1333522006797048,0.143902929117865,0.388730462487341,0.1526294102987619,0.1235459503933197,0.0961392150610107,0.2060626035864068,0.3138016689566283,0.298411843047666,0.1631168619096304,0.4816996298075657,0.2061492255697274,0.1563991757661146,0.0987036645469821,0.4762941252823599,0.0986356545879426,0.2172658645080227,0.166665240766439,0.1882469358593823,0.106073523719857,0.1264030380756002,0.1263729872701633,0.2980657763656695,0.1522002406884643,0.1954620343662363,0.0,0.0939631159485899,0.1500181037179936,0.155968596940853,0.5404263494277358,0.0816348351307512
SE,0.2473315393779522,0.1981394587541651,0.1065459142585962,0.174126824176227,0.1073674739050881,0.1527539913292032,0.1202273244230955,0.0835537569414242,0.1533882194927347,0.0981432390788701,0.1177966458066162,0.0567067202807944,0.0962800603312834,0.197460831628542,0.0824782847284557,0.4278307655027665,0.1433792824880222,0.1178792149274836,0.3588426391889623,0.162401928018494,0.1253177172049477,0.115545164067048,0.1626908147276424,0.2892672054382237,0.2731809161704601,0.1725122014722622,0.4452725666304377,0.2335186418847757,0.1393329040445853,0.0986037347316547,0.4870051018073043,0.142701615140572,0.2246878125356688,0.160039334091705,0.156790820877275,0.0945933788896888,0.0555399146239161,0.1419562069021513,0.2966083731239168,0.1716516311307037,0.2021634094127572,0.0939631159485899,0.0,0.1311333272704948,0.0917900173404637,0.5130308299445965,0.1525760236313488
SI,0.1854074520781338,0.1682887677894864,0.094862189202268,0.0953154875361432,0.1330052086777311,0.1348280612248493,0.1540720265980599,0.0868407248222564,0.1480830293482056,0.1325758889134191,0.1423379154210831,0.1626707055361386,0.1259340682331593,0.1789823813166102,0.1552154848892395,0.4343122357293735,0.1422262214356444,0.1681334128238487,0.3260245246206181,0.1109913768113251,0.0798953179298227,0.13145358549733,0.183058871860246,0.305959431138495,0.2508843821974815,0.1631922498567071,0.4066115540110507,0.216165693656122,0.131015686140365,0.1205705493589676,0.4401044723689983,0.1716660994022846,0.1039609558062431,0.090083275201209,0.1663033830467728,0.1510880769859524,0.1314195036867783,0.1252552554095418,0.2635859042162722,0.161539547832389,0.1141519040604692,0.1500181037179936,0.1311333272704948,0.0,0.1252817749146255,0.4735232271956875,0.2389919023551934
SK,0.2623708871509538,0.2248148743617177,0.0860749973614711,0.1612225566145424,0.145504350853308,0.1706409097504979,0.159273632389516,0.0858409222202509,0.185970675775646,0.0405895673032946,0.1238154610541402,0.0939779042749877,0.1438607770284548,0.2292394474969569,0.1134619860398707,0.458889536541981,0.1889085807255015,0.1494966382832482,0.3418488953270011,0.1902309786401994,0.1357144280104587,0.1318371939851588,0.1799148554989711,0.2993224836800838,0.3076418205650302,0.210036121000944,0.4088788247464453,0.2317901409916068,0.1490886606527484,0.1269150759369548,0.4597760873959507,0.172351872065377,0.2098677830840428,0.1704976635781825,0.1669895786895547,0.1617565935749338,0.1226562728716313,0.1732074565814566,0.2966578863091864,0.1803560126616159,0.1911199773313185,0.155968596940853,0.0917900173404637,0.1252817749146255,0.0,0.4943523321594671,0.1976706190110222
