ISO_CODE,AE,AF,AM,AZ,BD,BH,BN,BT,CN,GE,HK,ID,IL,IN,IQ,JO,JP,KG,KH,KR,KW,KZ,LA,LB,LK,MM,MN,MO,MV,MY,NP,OM,PH,PK,PS,QA,SA,SG,TH,TJ,TM,TR,TW,UZ,VN,YE
AE,0.0,0.3495997488799043,0.4827382271729957,0.5084314772814256,0.4079351764377379,0.1302690342317592,0.422001545038879,0.3977235505718545,0.377542221035094,0.5218607956537429,0.4687438908519168,0.464991685241649,0.4342304361040746,0.3575856815618099,0.4296189149976153,0.3338364014453258,0.4270777945595555,0.4423301083803409,0.4882630798184422,0.4075271363389517,0.1605505230461583,0.448083524175374,0.4851984315890866,0.3144938172902968,0.4270275239221708,0.4018583395507024,0.4847202079609432,0.4640856062130805,0.3495080340070957,0.4741866388861757,0.4051520389475704,0.1384905681249728,0.4212147626263292,0.3493142039083565,0.4575680699768257,0.1654526395359722,0.1498142063471413,0.3567111196459923,0.4594016710289252,0.3541192576402237,0.4847462585922225,0.4684352680724462,0.4625773908466464,0.4196465519749278,0.4895503395654498,0.3067577703062109
AF,0.3495997488799043,0.0,0.4850298849315609,0.488011935201047,0.4247543084197847,0.3688405327853329,0.4674163457539125,0.3843956002188905,0.3641448376237147,0.5307976431744688,0.4794391847478971,0.46125711937627,0.4485005242979935,0.3830793337357333,0.4594776230319758,0.4529653254466019,0.4340826584036023,0.4202920766255227,0.501501053845375,0.407957847926653,0.3735030158018388,0.4373124148978976,0.4978817875053835,0.4277235125353541,0.4720172597010288,0.4122056090656004,0.4833830625631969,0.4774722894367891,0.4028665684238495,0.5011519218267351,0.4189995578547576,0.3589237286672186,0.4921245899284907,0.3298958893583709,0.5172981879930576,0.3279448403325494,0.340591284606581,0.3962367364967541,0.4788953114994368,0.3134471181844172,0.4653526695302115,0.4170664729075325,0.4641606591066641,0.3806484085361884,0.502092454040536,0.3983884621826412
AM,0.4827382271729957,0.4850298849315609,0.0,0.408563632525424,0.4887216145286471,0.4818106817497323,0.4949277133563987,0.4480471133406539,0.3159023973395882,0.3608751522293508,0.5185403884934265,0.4404114229814397,0.4884299522780156,0.4308763651327465,0.5739433447046178,0.5589708893312352,0.3611832711122632,0.3651332805226277,0.5112666837663387,0.3682085211989929,0.4564193483286339,0.3674313557117074,0.4943286544518306,0.4688248469495792,0.4766831618789162,0.4069458479676151,0.4432249075116753,0.5149655719800224,0.4547058304407944,0.5468641934470883,0.4877159514261104,0.4304779015949151,0.4722715815394959,0.5066589230833145,0.6091321936499547,0.4170707388516456,0.4359491136600969,0.4060369917123513,0.4920258503137908,0.3066066894482324,0.3925951032584612,0.4453872213676211,0.498545406414785,0.3522096785307547,0.5297974683862543,0.4697392793713498
AZ,0.5084314772814256,0.488011935201047,0.408563632525424,0.0,0.5416090128246784,0.5036788671606434,0.5493999250133362,0.5131847303874356,0.3856201913180922,0.3963885295838716,0.5763712479063234,0.4973886784238303,0.5334757109643684,0.4946426448348693,0.5399265262260411,0.5623958305780976,0.4383742000018649,0.4057842638639718,0.5612303810122472,0.4449212412715877,0.4863100544846344,0.4083209868993426,0.5527550428748953,0.5006072957366012,0.5378805536502915,0.4682060999444775,0.4934212594334065,0.5771454135357894,0.5094929331963964,0.5932564081938705,0.5442073269221861,0.4635979236856585,0.5316969014811046,0.5360197131564084,0.6092585511228696,0.4533410317375609,0.4610752670390989,0.4748561682839737,0.5528961007529913,0.3436555949620354,0.4114939615501941,0.3494380403327788,0.5639952339137022,0.36699242327558,0.5869595546154518,0.4949954727826231
BD,0.4079351764377379,0.4247543084197847,0.4887216145286471,0.5416090128246784,0.0,0.3937881430974873,0.4452650487368075,0.3198915963524161,0.2882244026935505,0.5274590165276234,0.5011408477067277,0.4305845821519777,0.543087644029561,0.3035256355470794,0.5955027939928541,0.5851900882396341,0.3691307259741948,0.463198339005099,0.4772853361394097,0.3849456617348645,0.4127902350050578,0.4719566126570641,0.4703004906567981,0.5211654062993318,0.4262022118456821,0.3649409845584674,0.4539634900674854,0.4917646783370423,0.3448477332183192,0.5030846442853579,0.3748761202442867,0.325820486469313,0.4575886202477478,0.3963055617036919,0.6450684605011332,0.3467561374759127,0.3812777671072253,0.3656218391699382,0.4814962566153355,0.3921773796471099,0.4336146101008331,0.5105127932522802,0.4913839113276376,0.449753380820279,0.5363925660079345,0.4689753105190495
BH,0.1302690342317592,0.3688405327853329,0.4818106817497323,0.5036788671606434,0.3937881430974873,0.0,0.427066331328283,0.400423735038151,0.3698111569912373,0.5039007101673056,0.4870551901200799,0.4575708606803796,0.4278692419026619,0.356863072609764,0.4279586561103971,0.3239787437623062,0.417116088107909,0.446769588057663,0.5087313517099319,0.4037635251127445,0.134066513403341,0.4517674749676368,0.4967558906344107,0.303834831873525,0.4311602255674115,0.4105559410211936,0.4911705304446578,0.4832593828938351,0.3489814311154269,0.4920089342702763,0.4166778235201381,0.1473633290991214,0.4418519160540266,0.3748471996105792,0.4520995149681556,0.1567354929495499,0.133469734162263,0.370438068874875,0.4761770036705144,0.3678050895480174,0.464346932687797,0.4525093203897723,0.4772363009971886,0.4280210529297074,0.5117729836786855,0.2851561625184119
BN,0.422001545038879,0.4674163457539125,0.4949277133563987,0.5493999250133362,0.4452650487368075,0.427066331328283,0.0,0.3856748691289469,0.3328761937557117,0.5367108668733201,0.3978419606145444,0.2777233375987199,0.4850559414684121,0.4153748603157563,0.5730435898660193,0.5360795472442423,0.3682350611130444,0.4462984405399088,0.4074705593069291,0.3323813133080116,0.4268056738860536,0.4521223215006069,0.4095418914232314,0.4885970086132223,0.4437526156717708,0.3422502677135817,0.4617165370172121,0.3818367022205227,0.3803490549390494,0.1873547638730931,0.4405438575840487,0.419370879033528,0.3730091432167691,0.4728658459705146,0.600836371159494,0.3809195741159763,0.412811455746235,0.2100183090998767,0.3821777109778357,0.389340523947457,0.4693173404867875,0.5128874678873101,0.3953289979404681,0.4348488050397373,0.4444853244694623,0.4834548347301166
BT,0.3977235505718545,0.3843956002188905,0.4480471133406539,0.5131847303874356,0.3198915963524161,0.400423735038151,0.3856748691289469,0.0,0.246334264974019,0.4932467131586344,0.3956275738958669,0.3709876920584831,0.4743984316904309,0.2426907714560976,0.553030543252895,0.5415127798384429,0.3147436232985543,0.4028929375982879,0.398105339298342,0.3018121468453923,0.3952591673721144,0.4115834818079592,0.3854403828045605,0.4837253504062719,0.3828142603679869,0.2961880414588439,0.3966351310961818,0.3762731646169337,0.3268198632042015,0.4335180004608676,0.2373144833270323,0.3589989446850644,0.3901791196594592,0.3954042142475724,0.6062154246048189,0.3275352732690622,0.3779183567350366,0.2888764562835467,0.3822304428401137,0.3348211272919243,0.4109056292685944,0.4843920217363102,0.3811402642286221,0.3936559634175133,0.4437582138203875,0.4326079443647239
CN,0.377542221035094,0.3641448376237147,0.3159023973395882,0.3856201913180922,0.2882244026935505,0.3698111569912373,0.3328761937557117,0.246334264974019,0.0,0.3524724197560028,0.3426605200004856,0.2314146061691805,0.4423745519945835,0.2263346034502908,0.5220375334632272,0.5205263813948509,0.1194175119214141,0.2992798901871771,0.3103971145325154,0.1833464099639696,0.3373305456933183,0.2989912677008262,0.3051737683824255,0.4138323846119501,0.3114707152890138,0.1712991864830487,0.2496551155108475,0.3239294351241658,0.3176726778036359,0.4127568116492262,0.3120445192828183,0.2726978622609369,0.2649015920598359,0.3370755535641067,0.5832194956221337,0.2869139898761139,0.2878638372775628,0.2198665697059773,0.3440855883611446,0.1957765634765552,0.1801128656139232,0.3431934233390074,0.3281027911524121,0.2746130929651273,0.4057409882987821,0.3252887673539988
GE,0.5218607956537429,0.5307976431744688,0.3608751522293508,0.3963885295838716,0.5274590165276234,0.5039007101673056,0.5367108668733201,0.4932467131586344,0.3524724197560028,0.0,0.552341665587088,0.4817757619643203,0.5341985972674285,0.4714466897860367,0.60723953308975,0.5798087499176892,0.3981618725098227,0.4346395726072224,0.5395613709979961,0.4197013781520389,0.4892555603575897,0.4241807357186609,0.5321492709310872,0.5046446267449033,0.5151664274218184,0.4411304701800795,0.4678455782055185,0.5460659081990712,0.4922180507578365,0.5894138409914076,0.530785741085499,0.4534390897790968,0.5017746036334712,0.5397198430594183,0.6394459423532497,0.4504797234509525,0.468235169541768,0.4497609733666827,0.5394520247426996,0.3738664127012917,0.4300271245848932,0.4506173273753672,0.5430625310530628,0.4139208002201014,0.5810509894509628,0.5123078797271627
HK,0.4687438908519168,0.4794391847478971,0.5185403884934265,0.5763712479063234,0.5011408477067277,0.4870551901200799,0.3978419606145444,0.3956275738958669,0.3426605200004856,0.552341665587088,0.0,0.4327100600937481,0.4681355536330351,0.4615228328143368,0.5579019815797132,0.5226909562539253,0.3587301906953594,0.4542658844760332,0.3998013641529808,0.3104929796597184,0.4698482919803025,0.4481373101556125,0.3884907826989485,0.4813481694338651,0.4847064217462767,0.3466161543689019,0.4497687653582611,0.0654421404455495,0.4195407159233772,0.3911287564223258,0.4331995422087972,0.4823622492376124,0.4157274999644931,0.515555782773399,0.5952036082823075,0.4281758489016305,0.4736827271405892,0.2362822330589832,0.3223297174874217,0.4235164051182334,0.524864795912998,0.5398604879852535,0.2003253519694463,0.452825917070921,0.3855600253047863,0.5185300905119608
ID,0.464991685241649,0.46125711937627,0.4404114229814397,0.4973886784238303,0.4305845821519777,0.4575708606803796,0.2777233375987199,0.3709876920584831,0.2314146061691805,0.4817757619643203,0.4327100600937481,0.0,0.4804702987490761,0.3752137700413509,0.5763231800907856,0.5613474247626727,0.2819935342130382,0.4015725066321766,0.4060556255410426,0.3020505709160641,0.4336285171333076,0.4123805751625933,0.3888487191832327,0.4858706312283914,0.4256676209103398,0.3043345325817076,0.4082951129343591,0.4281750131745458,0.3961799511621409,0.3829909476920661,0.4292902204505654,0.4012637336669488,0.3751715053398442,0.4603551217058561,0.600478936378428,0.3870582266740314,0.3995955187301091,0.2622583849571855,0.3995406191933355,0.3364121703213226,0.3674482630891881,0.4512248769869115,0.4181804228282064,0.3884324698571686,0.4749623382771194,0.4443957855441898
IL,0.4342304361040746,0.4485005242979935,0.4884299522780156,0.5334757109643684,0.543087644029561,0.4278692419026619,0.4850559414684121,0.4743984316904309,0.4423745519945835,0.5341985972674285,0.4681355536330351,0.4804702987490761,0.0,0.4865291387677936,0.4577076642132737,0.3706970351466138,0.4558672418056214,0.4490995012690401,0.5453025349448066,0.410830658788329,0.39668213330294,0.4519793722273227,0.5087569476644038,0.3633415645469029,0.522714437606946,0.4633368866361731,0.5306554420528633,0.4733762596975064,0.4465768764423451,0.5091650292885543,0.5046606552097732,0.4253163564154648,0.5086668410640267,0.5337554450221856,0.2563279548323058,0.3707904131346231,0.3983197755668923,0.4030559049566941,0.461486584480544,0.4019522646558017,0.5158091981687236,0.4474537680523631,0.4506125255539837,0.4353888417150459,0.5051094908238811,0.4104610165993305
IN,0.3575856815618099,0.3830793337357333,0.4308763651327465,0.4946426448348693,0.3035256355470794,0.356863072609764,0.4153748603157563,0.2426907714560976,0.2263346034502908,0.4714466897860367,0.4615228328143368,0.3752137700413509,0.4865291387677936,0.0,0.5616325104806787,0.5680468181981515,0.2985140075960467,0.4020298047628363,0.4597523499839184,0.3147780399196053,0.3523169533444882,0.4125715505823457,0.4440697252418002,0.481564621345234,0.3426988793843809,0.3354011721461913,0.4134653294043752,0.4632969215220291,0.3070515956718915,0.4823074043713444,0.3071786217164466,0.2886968781054586,0.408594781741004,0.3535561094556273,0.6239695604108442,0.2888509119031055,0.3393612762690636,0.3107629203374646,0.4447818393004233,0.3217432250135827,0.3428135390295586,0.451055783435453,0.4554487216379907,0.3915776293090907,0.5117472272084633,0.4301860605089502
IQ,0.4296189149976153,0.4594776230319758,0.5739433447046178,0.5399265262260411,0.5955027939928541,0.4279586561103971,0.5730435898660193,0.553030543252895,0.5220375334632272,0.60723953308975,0.5579019815797132,0.5763231800907856,0.4577076642132737,0.5616325104806787,0.0,0.3342763316708509,0.564723644889274,0.5383582608941231,0.6046457327375837,0.5284557196112999,0.3851470419588368,0.5476365944729145,0.5970662721051347,0.3451963875945709,0.6011880730290006,0.5393184105223079,0.587076692593659,0.5591790401806531,0.53428302406501,0.5933735075887623,0.5670790488642004,0.4442237511968678,0.60035940387441,0.5667420047499327,0.4020327529322468,0.392364887427571,0.3912153558545035,0.5145688215375079,0.5731651556072656,0.4860381643681764,0.5765543201484455,0.462479632421883,0.5479790165152919,0.5202969922688515,0.5923487579186184,0.3808724566811152
JO,0.3338364014453258,0.4529653254466019,0.5589708893312352,0.5623958305780976,0.5851900882396341,0.3239787437623062,0.5360795472442423,0.5415127798384429,0.5205263813948509,0.5798087499176892,0.5226909562539253,0.5613474247626727,0.3706970351466138,0.5680468181981515,0.3342763316708509,0.0,0.5600064951494341,0.5154236387093339,0.5928795014722543,0.5042375078339255,0.2956386995036913,0.5252743348542867,0.5777651894986294,0.2749897997321782,0.5731405997766787,0.5221249678702206,0.5632324314816608,0.5217566101092311,0.4909146817976083,0.5469289924178297,0.5527816094963219,0.2955245391527037,0.5803798465472007,0.5442169173514071,0.2496736902128944,0.3066221952625753,0.2944802578386976,0.4802398127822825,0.5368485597913843,0.4663710074252265,0.5718720066655754,0.4565070955326936,0.5160758966585708,0.4938017206800401,0.5673659036489334,0.3079011522017899
JP,0.4270777945595555,0.4340826584036023,0.3611832711122632,0.4383742000018649,0.3691307259741948,0.417116088107909,0.3682350611130444,0.3147436232985543,0.1194175119214141,0.3981618725098227,0.3587301906953594,0.2819935342130382,0.4558672418056214,0.2985140075960467,0.564723644889274,0.5600064951494341,0.0,0.3332222368855178,0.3585680247842352,0.1754965371973391,0.3875642834703612,0.3394842717927705,0.3276277701684356,0.4478316549158545,0.3498469214985701,0.23328065393544,0.3001601124980126,0.3598933641698546,0.3625953073181319,0.4326960928191089,0.3593384498212132,0.3394275630978591,0.2911333081637031,0.4097465308772665,0.6177225286282186,0.3367044691321156,0.3518119337218383,0.2310790386792799,0.3311461021999586,0.2622678289098151,0.2736442088421394,0.3812020581395181,0.3251756365810122,0.3171514153355684,0.4130130237774737,0.4024084379110424
KG,0.4423301083803409,0.4202920766255227,0.3651332805226277,0.4057842638639718,0.463198339005099,0.446769588057663,0.4462984405399088,0.4028929375982879,0.2992798901871771,0.4346395726072224,0.4542658844760332,0.4015725066321766,0.4490995012690401,0.4020298047628363,0.5383582608941231,0.5154236387093339,0.3332222368855178,0.0,0.4771820268239131,0.3143029557479412,0.4211680851398338,0.1852025298247881,0.4508149567051869,0.4496678972850708,0.452376433315271,0.3723588400592514,0.4157653094357345,0.4555843456233728,0.4235673615415186,0.4863490529177908,0.448701967995907,0.4024435860081652,0.4405407517567145,0.4676752482272681,0.574222167753693,0.3803678045429919,0.40300566527852,0.3486902597029576,0.4307226899564582,0.1767135729862436,0.3772097681034628,0.3960977199371013,0.4296816198941395,0.2149382159131576,0.4659574791904051,0.4440129997074047
KH,0.4882630798184422,0.501501053845375,0.5112666837663387,0.5612303810122472,0.4772853361394097,0.5087313517099319,0.4074705593069291,0.398105339298342,0.3103971145325154,0.5395613709979961,0.3998013641529808,0.4060556255410426,0.5453025349448066,0.4597523499839184,0.6046457327375837,0.5928795014722543,0.3585680247842352,0.4771820268239131,0.0,0.3519821412954039,0.4938554897809862,0.4828915568481388,0.2947707760969958,0.5452617989443254,0.4741714343671138,0.2871452332158555,0.4264710121361326,0.3756986070676046,0.4353881855772588,0.4483104051307267,0.4521331479339942,0.4776367982770052,0.400165453621253,0.5096637028725108,0.6522125155294727,0.4515738754641355,0.481185419173313,0.3097072913104844,0.3358402764611123,0.4241629843221385,0.4777654551828473,0.5394343408639797,0.4013656196458289,0.4621927118763771,0.3931793289805125,0.511572910264748
KR,0.4075271363389517,0.407957847926653,0.3682085211989929,0.4449212412715877,0.3849456617348645,0.4037635251127445,0.3323813133080116,0.3018121468453923,0.1833464099639696,0.4197013781520389,0.3104929796597184,0.3020505709160641,0.410830658788329,0.3147780399196053,0.5284557196112999,0.5042375078339255,0.1754965371973391,0.3143029557479412,0.3519821412954039,0.0,0.3745649453722054,0.3145411079525244,0.3107512706611515,0.4136332931335666,0.3680662831301119,0.2418886619100433,0.3193490803869039,0.3123542342175145,0.3406112143486515,0.3887619409029319,0.3572495835223006,0.3488586217682148,0.3074906574361888,0.4072357511156442,0.5722910291914103,0.327645841796245,0.3567314324426032,0.1988797291281434,0.2832670595249128,0.2607093129802906,0.338378715837777,0.394500116630293,0.286979745059025,0.3040351071563629,0.3525137336161869,0.4095817388202533
KW,0.1605505230461583,0.3735030158018388,0.4564193483286339,0.4863100544846344,0.4127902350050578,0.134066513403341,0.4268056738860536,0.3952591673721144,0.3373305456933183,0.4892555603575897,0.4698482919803025,0.4336285171333076,0.39668213330294,0.3523169533444882,0.3851470419588368,0.2956386995036913,0.3875642834703612,0.4211680851398338,0.4938554897809862,0.3745649453722054,0.0,0.4235460146000011,0.4806542806378822,0.2486886580391202,0.4269565834014024,0.3905674361690702,0.4646486850321815,0.4692694257629545,0.3551352446441589,0.4885253029041728,0.413487705338874,0.1747569182032659,0.4024644605650656,0.4022519840806851,0.4098403881942526,0.1437928471867356,0.1288292018830432,0.3602888518624884,0.4673370729235918,0.3454670996550079,0.4302731464616611,0.4199092273736444,0.4630350888283374,0.4010569344060791,0.5031254957235138,0.2415483750474203
KZ,0.448083524175374,0.4373124148978976,0.3674313557117074,0.4083209868993426,0.4719566126570641,0.4517674749676368,0.4521223215006069,0.4115834818079592,0.2989912677008262,0.4241807357186609,0.4481373101556125,0.4123805751625933,0.4519793722273227,0.4125715505823457,0.5476365944729145,0.5252743348542867,0.3394842717927705,0.1852025298247881,0.4828915568481388,0.3145411079525244,0.4235460146000011,0.0,0.4527739241729415,0.4529062757979379,0.4600117411789091,0.3808900119145032,0.4168332524734812,0.4530603467083928,0.4280935104591807,0.488376829160196,0.4591634440236795,0.4046165590590846,0.4445217148382971,0.4791975103717073,0.5825698986983749,0.3842207129553919,0.4033330398774465,0.3530485772857897,0.4328293605877216,0.2246314243228231,0.3905540855367837,0.4072437079918531,0.4382056692181251,0.2473696059249119,0.4761241216983808,0.4480994423443475
LA,0.4851984315890866,0.4978817875053835,0.4943286544518306,0.5527550428748953,0.4703004906567981,0.4967558906344107,0.4095418914232314,0.3854403828045605,0.3051737683824255,0.5321492709310872,0.3884907826989485,0.3888487191832327,0.5087569476644038,0.4440697252418002,0.5970662721051347,0.5777651894986294,0.3276277701684356,0.4508149567051869,0.2947707760969958,0.3107512706611515,0.4806542806378822,0.4527739241729415,0.0,0.5208191718806577,0.460595292371765,0.2782613036561906,0.4334016500185339,0.3674078184220479,0.42220355265645,0.4411780910580615,0.446521979682001,0.4658655245586611,0.4022097178471474,0.5069633334238512,0.6393086367191365,0.4373785025393526,0.4705462271470737,0.3017707947915942,0.2007418142568831,0.4033282244773483,0.4634048831384676,0.5166128208187389,0.3836218630137327,0.4342086114909591,0.3665833395865521,0.5067154298120883
LB,0.3144938172902968,0.4277235125353541,0.4688248469495792,0.5006072957366012,0.5211654062993318,0.303834831873525,0.4885970086132223,0.4837253504062719,0.4138323846119501,0.5046446267449033,0.4813481694338651,0.4858706312283914,0.3633415645469029,0.481564621345234,0.3451963875945709,0.2749897997321782,0.4478316549158545,0.4496678972850708,0.5452617989443254,0.4136332931335666,0.2486886580391202,0.4529062757979379,0.5208191718806577,0.0,0.5084955410222447,0.4511624563580876,0.5003533460947729,0.4874570771664794,0.4306068017044866,0.5280064612136307,0.4994757967360792,0.3192357116918067,0.5052109219061818,0.4996693305811713,0.3607471028471042,0.2659894543372142,0.2642094529111638,0.4150295718778622,0.4948036299808354,0.3863230716139441,0.486021130956068,0.4055812711291297,0.4644255745283245,0.4268006111170801,0.5243730592842242,0.310982149777081
LK,0.4270275239221708,0.4720172597010288,0.4766831618789162,0.5378805536502915,0.4262022118456821,0.4311602255674115,0.4437526156717708,0.3828142603679869,0.3114707152890138,0.5151664274218184,0.4847064217462767,0.4256676209103398,0.522714437606946,0.3426988793843809,0.6011880730290006,0.5731405997766787,0.3498469214985701,0.452376433315271,0.4741714343671138,0.3680662831301119,0.4269565834014024,0.4600117411789091,0.460595292371765,0.5084955410222447,0.0,0.3752713618078368,0.4587808061554034,0.4751055367577647,0.324122211751504,0.4953618598691637,0.4289812163484638,0.3864155397996157,0.4480419330592481,0.4541958685869425,0.6399164963829518,0.3721399483751856,0.4150371754430892,0.3469878470527299,0.4464867237812092,0.3865842153227236,0.4358600161564188,0.4972214703121513,0.4729277787972133,0.4402167173768848,0.5223757179765931,0.4825944423713513
MM,0.4018583395507024,0.4122056090656004,0.4069458479676151,0.4682060999444775,0.3649409845584674,0.4105559410211936,0.3422502677135817,0.2961880414588439,0.1712991864830487,0.4411304701800795,0.3466161543689019,0.3043345325817076,0.4633368866361731,0.3354011721461913,0.5393184105223079,0.5221249678702206,0.23328065393544,0.3723588400592514,0.2871452332158555,0.2418886619100433,0.3905674361690702,0.3808900119145032,0.2782613036561906,0.4511624563580876,0.3752713618078368,0.0,0.3331698195060079,0.3268125032180684,0.33481997105349,0.3979947522452055,0.3569295515572921,0.35827340725648,0.3282238688657436,0.4084500714618306,0.5815490078558371,0.3452841508073865,0.366773073540441,0.2267244417942725,0.2835956932223838,0.3000574978873889,0.3393914534267908,0.4377989512132094,0.3396117882808438,0.3531340741675259,0.3886325226463356,0.4076743776452856
MN,0.4847202079609432,0.4833830625631969,0.4432249075116753,0.4934212594334065,0.4539634900674854,0.4911705304446578,0.4617165370172121,0.3966351310961818,0.2496551155108475,0.4678455782055185,0.4497687653582611,0.4082951129343591,0.5306554420528633,0.4134653294043752,0.587076692593659,0.5632324314816608,0.3001601124980126,0.4157653094357345,0.4264710121361326,0.3193490803869039,0.4646486850321815,0.4168332524734812,0.4334016500185339,0.5003533460947729,0.4587808061554034,0.3331698195060079,0.0,0.439678984976337,0.4500127449382116,0.5196843055911231,0.4371285880083674,0.4295551166850229,0.4089621583762365,0.4794823337357016,0.6302288675372147,0.4241605543352523,0.437172473304369,0.358549343260433,0.460497663687622,0.3560931122798356,0.3926691830733573,0.4743683429926032,0.4457447131077768,0.4067704865445888,0.5014117866150252,0.4608716338880135
MO,0.4640856062130805,0.4774722894367891,0.5149655719800224,0.5771454135357894,0.4917646783370423,0.4832593828938351,0.3818367022205227,0.3762731646169337,0.3239294351241658,0.5460659081990712,0.0654421404455495,0.4281750131745458,0.4733762596975064,0.4632969215220291,0.5591790401806531,0.5217566101092311,0.3598933641698546,0.4555843456233728,0.3756986070676046,0.3123542342175145,0.4692694257629545,0.4530603467083928,0.3674078184220479,0.4874570771664794,0.4751055367577647,0.3268125032180684,0.439678984976337,0.0,0.4076224035695361,0.3682528074423707,0.4173542135488318,0.4805991807544205,0.3810188405293043,0.5084528532237564,0.5962961717198965,0.4201166376811626,0.4645793759985263,0.2212488457144256,0.3076703296048335,0.4204610178858652,0.5170297298667211,0.5458596905916557,0.1820374648938605,0.4526640711514829,0.3745922688469801,0.5126149571053739
MV,0.3495080340070957,0.4028665684238495,0.4547058304407944,0.5094929331963964,0.3448477332183192,0.3489814311154269,0.3803490549390494,0.3268198632042015,0.3176726778036359,0.4922180507578365,0.4195407159233772,0.3961799511621409,0.4465768764423451,0.3070515956718915,0.53428302406501,0.4909146817976083,0.3625953073181319,0.4235673615415186,0.4353881855772588,0.3406112143486515,0.3551352446441589,0.4280935104591807,0.42220355265645,0.4306068017044866,0.324122211751504,0.33481997105349,0.4500127449382116,0.4076224035695361,0.0,0.428413334662012,0.3763480915469386,0.3264815003262333,0.4211301492650268,0.4005876536156423,0.5533401549839726,0.3027775509058249,0.3409886797267188,0.2860700497142995,0.3895913264479479,0.3510988711765711,0.4477640887985348,0.469914811149722,0.4280100371551469,0.4056572713458326,0.4528669221652504,0.4256294572588235
MY,0.4741866388861757,0.5011519218267351,0.5468641934470883,0.5932564081938705,0.5030846442853579,0.4920089342702763,0.1873547638730931,0.4335180004608676,0.4127568116492262,0.5894138409914076,0.3911287564223258,0.3829909476920661,0.5091650292885543,0.4823074043713444,0.5933735075887623,0.5469289924178297,0.4326960928191089,0.4863490529177908,0.4483104051307267,0.3887619409029319,0.4885253029041728,0.488376829160196,0.4411780910580615,0.5280064612136307,0.4953618598691637,0.3979947522452055,0.5196843055911231,0.3682528074423707,0.428413334662012,0.0,0.4803525882318878,0.486058697114672,0.4611434886374976,0.5262486120675574,0.6108683394231751,0.4397072448259059,0.482006517030371,0.2225043101682345,0.3893787733966392,0.4463314265090747,0.5505828565796111,0.5465482642552384,0.3814563699075537,0.4788381039335952,0.4472689063812438,0.5334185777749092
NP,0.4051520389475704,0.4189995578547576,0.4877159514261104,0.5442073269221861,0.3748761202442867,0.4166778235201381,0.4405438575840487,0.2373144833270323,0.3120445192828183,0.530785741085499,0.4331995422087972,0.4292902204505654,0.5046606552097732,0.3071786217164466,0.5670790488642004,0.5527816094963219,0.3593384498212132,0.448701967995907,0.4521331479339942,0.3572495835223006,0.413487705338874,0.4591634440236795,0.446521979682001,0.4994757967360792,0.4289812163484638,0.3569295515572921,0.4371285880083674,0.4173542135488318,0.3763480915469386,0.4803525882318878,0.0,0.3892372073545269,0.4457239393083642,0.430731054711148,0.6173278342987009,0.3253105886688872,0.4041574919808984,0.3447682064309521,0.4407387532021725,0.381495592834829,0.4658061972916919,0.5208593084224067,0.4199395189526391,0.4380043362654913,0.4901997187608048,0.4603383089395001
OM,0.1384905681249728,0.3589237286672186,0.4304779015949151,0.4635979236856585,0.325820486469313,0.1473633290991214,0.419370879033528,0.3589989446850644,0.2726978622609369,0.4534390897790968,0.4823622492376124,0.4012637336669488,0.4253163564154648,0.2886968781054586,0.4442237511968678,0.2955245391527037,0.3394275630978591,0.4024435860081652,0.4776367982770052,0.3488586217682148,0.1747569182032659,0.4046165590590846,0.4658655245586611,0.3192357116918067,0.3864155397996157,0.35827340725648,0.4295551166850229,0.4805991807544205,0.3264815003262333,0.486058697114672,0.3892372073545269,0.0,0.4109084214552789,0.3358647963438027,0.4559739800727477,0.1520377367630909,0.1496627044700138,0.3458128289253008,0.4672718859410346,0.3069748930532985,0.3669586372299995,0.4122744962082674,0.4700166181975223,0.3792481072954078,0.5101716355235522,0.2717148988872377
PH,0.4212147626263292,0.4921245899284907,0.4722715815394959,0.5316969014811046,0.4575886202477478,0.4418519160540266,0.3730091432167691,0.3901791196594592,0.2649015920598359,0.5017746036334712,0.4157274999644931,0.3751715053398442,0.5086668410640267,0.408594781741004,0.60035940387441,0.5803798465472007,0.2911333081637031,0.4405407517567145,0.400165453621253,0.3074906574361888,0.4024644605650656,0.4445217148382971,0.4022097178471474,0.5052109219061818,0.4480419330592481,0.3282238688657436,0.4089621583762365,0.3810188405293043,0.4211301492650268,0.4611434886374976,0.4457239393083642,0.4109084214552789,0.0,0.4815149981086695,0.6388435005133699,0.3509959934292982,0.398055849173432,0.2892803815858875,0.4090060462577041,0.3784490911717347,0.3784694671622843,0.4902792164110148,0.4109088594928159,0.4297959221497868,0.4804224523301756,0.4799976990235898
PK,0.3493142039083565,0.3298958893583709,0.5066589230833145,0.5360197131564084,0.3963055617036919,0.3748471996105792,0.4728658459705146,0.3954042142475724,0.3370755535641067,0.5397198430594183,0.515555782773399,0.4603551217058561,0.5337554450221856,0.3535561094556273,0.5667420047499327,0.5442169173514071,0.4097465308772665,0.4676752482272681,0.5096637028725108,0.4072357511156442,0.4022519840806851,0.4791975103717073,0.5069633334238512,0.4996693305811713,0.4541958685869425,0.4084500714618306,0.4794823337357016,0.5084528532237564,0.4005876536156423,0.5262486120675574,0.430731054711148,0.3358647963438027,0.4815149981086695,0.0,0.6149214601987786,0.3509951676171958,0.3348884074560124,0.4046779037814719,0.5066427911032048,0.3892338962357746,0.4631448917148709,0.5052449979582072,0.5037676514706935,0.4538020613446082,0.5515392477853645,0.462598524058485
PS,0.4575680699768257,0.5172981879930576,0.6091321936499547,0.6092585511228696,0.6450684605011332,0.4520995149681556,0.600836371159494,0.6062154246048189,0.5832194956221337,0.6394459423532497,0.5952036082823075,0.600478936378428,0.2563279548323058,0.6239695604108442,0.4020327529322468,0.2496736902128944,0.6177225286282186,0.574222167753693,0.6522125155294727,0.5722910291914103,0.4098403881942526,0.5825698986983749,0.6393086367191365,0.3607471028471042,0.6399164963829518,0.5815490078558371,0.6302288675372147,0.5962961717198965,0.5533401549839726,0.6108683394231751,0.6173278342987009,0.4559739800727477,0.6388435005133699,0.6149214601987786,0.0,0.4119000837938473,0.4093351588739338,0.5551149005964158,0.6057019031856647,0.5250806285302936,0.619291634513723,0.5066209525125522,0.588584347073263,0.5576193411995216,0.6305851857085865,0.3959470995398896
QA,0.1654526395359722,0.3279448403325494,0.4170707388516456,0.4533410317375609,0.3467561374759127,0.1567354929495499,0.3809195741159763,0.3275352732690622,0.2869139898761139,0.4504797234509525,0.4281758489016305,0.3870582266740314,0.3707904131346231,0.2888509119031055,0.392364887427571,0.3066221952625753,0.3367044691321156,0.3803678045429919,0.4515738754641355,0.327645841796245,0.1437928471867356,0.3842207129553919,0.4373785025393526,0.2659894543372142,0.3721399483751856,0.3452841508073865,0.4241605543352523,0.4201166376811626,0.3027775509058249,0.4397072448259059,0.3253105886688872,0.1520377367630909,0.3509959934292982,0.3509951676171958,0.4119000837938473,0.0,0.1417566412425883,0.3052746231391054,0.4180737868925602,0.3025853792716614,0.391487320250642,0.3749437343361806,0.4201976789004632,0.3603696213731004,0.4615306785377768,0.2559754039584161
SA,0.1498142063471413,0.340591284606581,0.4359491136600969,0.4610752670390989,0.3812777671072253,0.133469734162263,0.412811455746235,0.3779183567350366,0.2878638372775628,0.468235169541768,0.4736827271405892,0.3995955187301091,0.3983197755668923,0.3393612762690636,0.3912153558545035,0.2944802578386976,0.3518119337218383,0.40300566527852,0.481185419173313,0.3567314324426032,0.1288292018830432,0.4033330398774465,0.4705462271470737,0.2642094529111638,0.4150371754430892,0.366773073540441,0.437172473304369,0.4645793759985263,0.3409886797267188,0.482006517030371,0.4041574919808984,0.1496627044700138,0.398055849173432,0.3348884074560124,0.4093351588739338,0.1417566412425883,0.0,0.3528258210239202,0.4709950273388595,0.310389890297888,0.3826206572694054,0.3955476437298091,0.4657241480406449,0.3775586492028479,0.5093057629432212,0.2104287940848914
SG,0.3567111196459923,0.3962367364967541,0.4060369917123513,0.4748561682839737,0.3656218391699382,0.370438068874875,0.2100183090998767,0.2888764562835467,0.2198665697059773,0.4497609733666827,0.2362822330589832,0.2622583849571855,0.4030559049566941,0.3107629203374646,0.5145688215375079,0.4802398127822825,0.2310790386792799,0.3486902597029576,0.3097072913104844,0.1988797291281434,0.3602888518624884,0.3530485772857897,0.3017707947915942,0.4150295718778622,0.3469878470527299,0.2267244417942725,0.358549343260433,0.2212488457144256,0.2860700497142995,0.2225043101682345,0.3447682064309521,0.3458128289253008,0.2892803815858875,0.4046779037814719,0.5551149005964158,0.3052746231391054,0.3528258210239202,0.0,0.2478579000795344,0.2943243696408021,0.3941687427511456,0.4250974797852488,0.2194528964530558,0.3416812590493072,0.3306727203924375,0.4232919698209481
TH,0.4594016710289252,0.4788953114994368,0.4920258503137908,0.5528961007529913,0.4814962566153355,0.4761770036705144,0.3821777109778357,0.3822304428401137,0.3440855883611446,0.5394520247426996,0.3223297174874217,0.3995406191933355,0.461486584480544,0.4447818393004233,0.5731651556072656,0.5368485597913843,0.3311461021999586,0.4307226899564582,0.3358402764611123,0.2832670595249128,0.4673370729235918,0.4328293605877216,0.2007418142568831,0.4948036299808354,0.4464867237812092,0.2835956932223838,0.460497663687622,0.3076703296048335,0.3895913264479479,0.3893787733966392,0.4407387532021725,0.4672718859410346,0.4090060462577041,0.5066427911032048,0.6057019031856647,0.4180737868925602,0.4709950273388595,0.2478579000795344,0.0,0.4055786497550337,0.4958352312790921,0.5053253784446726,0.3097566976153539,0.4191974333089066,0.3501580819850488,0.5145911908410289
TJ,0.3541192576402237,0.3134471181844172,0.3066066894482324,0.3436555949620354,0.3921773796471099,0.3678050895480174,0.389340523947457,0.3348211272919243,0.1957765634765552,0.3738664127012917,0.4235164051182334,0.3364121703213226,0.4019522646558017,0.3217432250135827,0.4860381643681764,0.4663710074252265,0.2622678289098151,0.1767135729862436,0.4241629843221385,0.2607093129802906,0.3454670996550079,0.2246314243228231,0.4033282244773483,0.3863230716139441,0.3865842153227236,0.3000574978873889,0.3560931122798356,0.4204610178858652,0.3510988711765711,0.4463314265090747,0.381495592834829,0.3069748930532985,0.3784490911717347,0.3892338962357746,0.5250806285302936,0.3025853792716614,0.310389890297888,0.2943243696408021,0.4055786497550337,0.0,0.2725836580049572,0.33405065889841,0.4061130769271246,0.1189616802221724,0.4487546327835713,0.36125838109797
TM,0.4847462585922225,0.4653526695302115,0.3925951032584612,0.4114939615501941,0.4336146101008331,0.464346932687797,0.4693173404867875,0.4109056292685944,0.1801128656139232,0.4300271245848932,0.524864795912998,0.3674482630891881,0.5158091981687236,0.3428135390295586,0.5765543201484455,0.5718720066655754,0.2736442088421394,0.3772097681034628,0.4777654551828473,0.338378715837777,0.4302731464616611,0.3905540855367837,0.4634048831384676,0.486021130956068,0.4358600161564188,0.3393914534267908,0.3926691830733573,0.5170297298667211,0.4477640887985348,0.5505828565796111,0.4658061972916919,0.3669586372299995,0.3784694671622843,0.4631448917148709,0.619291634513723,0.391487320250642,0.3826206572694054,0.3941687427511456,0.4958352312790921,0.2725836580049572,0.0,0.368876970315668,0.5177686114934703,0.3493654972213545,0.5676887094804997,0.4205160301136771
TR,0.4684352680724462,0.4170664729075325,0.4453872213676211,0.3494380403327788,0.5105127932522802,0.4525093203897723,0.5128874678873101,0.4843920217363102,0.3431934233390074,0.4506173273753672,0.5398604879852535,0.4512248769869115,0.4474537680523631,0.451055783435453,0.462479632421883,0.4565070955326936,0.3812020581395181,0.3960977199371013,0.5394343408639797,0.394500116630293,0.4199092273736444,0.4072437079918531,0.5166128208187389,0.4055812711291297,0.4972214703121513,0.4377989512132094,0.4743683429926032,0.5458596905916557,0.469914811149722,0.5465482642552384,0.5208593084224067,0.4122744962082674,0.4902792164110148,0.5052449979582072,0.5066209525125522,0.3749437343361806,0.3955476437298091,0.4250974797852488,0.5053253784446726,0.33405065889841,0.368876970315668,0.0,0.528771127010074,0.3606810682396247,0.553629842697515,0.4175268925353312
TW,0.4625773908466464,0.4641606591066641,0.498545406414785,0.5639952339137022,0.4913839113276376,0.4772363009971886,0.3953289979404681,0.3811402642286221,0.3281027911524121,0.5430625310530628,0.2003253519694463,0.4181804228282064,0.4506125255539837,0.4554487216379907,0.5479790165152919,0.5160758966585708,0.3251756365810122,0.4296816198941395,0.4013656196458289,0.286979745059025,0.4630350888283374,0.4382056692181251,0.3836218630137327,0.4644255745283245,0.4729277787972133,0.3396117882808438,0.4457447131077768,0.1820374648938605,0.4280100371551469,0.3814563699075537,0.4199395189526391,0.4700166181975223,0.4109088594928159,0.5037676514706935,0.588584347073263,0.4201976789004632,0.4657241480406449,0.2194528964530558,0.3097566976153539,0.4061130769271246,0.5177686114934703,0.528771127010074,0.0,0.4348381032241341,0.3528073768034376,0.4998353044006283
UZ,0.4196465519749278,0.3806484085361884,0.3522096785307547,0.36699242327558,0.449753380820279,0.4280210529297074,0.4348488050397373,0.3936559634175133,0.2746130929651273,0.4139208002201014,0.452825917070921,0.3884324698571686,0.4353888417150459,0.3915776293090907,0.5202969922688515,0.4938017206800401,0.3171514153355684,0.2149382159131576,0.4621927118763771,0.3040351071563629,0.4010569344060791,0.2473696059249119,0.4342086114909591,0.4268006111170801,0.4402167173768848,0.3531340741675259,0.4067704865445888,0.4526640711514829,0.4056572713458326,0.4788381039335952,0.4380043362654913,0.3792481072954078,0.4297959221497868,0.4538020613446082,0.5576193411995216,0.3603696213731004,0.3775586492028479,0.3416812590493072,0.4191974333089066,0.1189616802221724,0.3493654972213545,0.3606810682396247,0.4348381032241341,0.0,0.468674250918565,0.4190293243400287
VN,0.4895503395654498,0.502092454040536,0.5297974683862543,0.5869595546154518,0.5363925660079345,0.5117729836786855,0.4444853244694623,0.4437582138203875,0.4057409882987821,0.5810509894509628,0.3855600253047863,0.4749623382771194,0.5051094908238811,0.5117472272084633,0.5923487579186184,0.5673659036489334,0.4130130237774737,0.4659574791904051,0.3931793289805125,0.3525137336161869,0.5031254957235138,0.4761241216983808,0.3665833395865521,0.5243730592842242,0.5223757179765931,0.3886325226463356,0.5014117866150252,0.3745922688469801,0.4528669221652504,0.4472689063812438,0.4901997187608048,0.5101716355235522,0.4804224523301756,0.5515392477853645,0.6305851857085865,0.4615306785377768,0.5093057629432212,0.3306727203924375,0.3501580819850488,0.4487546327835713,0.5676887094804997,0.553629842697515,0.3528073768034376,0.468674250918565,0.0,0.550200056030874
YE,0.3067577703062109,0.3983884621826412,0.4697392793713498,0.4949954727826231,0.4689753105190495,0.2851561625184119,0.4834548347301166,0.4326079443647239,0.3252887673539988,0.5123078797271627,0.5185300905119608,0.4443957855441898,0.4104610165993305,0.4301860605089502,0.3808724566811152,0.3079011522017899,0.4024084379110424,0.4440129997074047,0.511572910264748,0.4095817388202533,0.2415483750474203,0.4480994423443475,0.5067154298120883,0.310982149777081,0.4825944423713513,0.4076743776452856,0.4608716338880135,0.5126149571053739,0.4256294572588235,0.5334185777749092,0.4603383089395001,0.2717148988872377,0.4799976990235898,0.462598524058485,0.3959470995398896,0.2559754039584161,0.2104287940848914,0.4232919698209481,0.5145911908410289,0.36125838109797,0.4205160301136771,0.4175268925353312,0.4998353044006283,0.4190293243400287,0.550200056030874,0.0
