ISO_CODE,AO,BF,BI,BJ,BW,CD,CF,CG,CI,CM,CV,DJ,DZ,EG,ER,ET,GA,GH,GM,GN,GQ,GW,KE,KM,LR,LS,LY,MA,MG,ML,MR,MU,MW,MZ,NA,NE,NG,RE,RW,SC,SL,SN,SO,SS,ST,SZ,TD,TG,TN,TZ,UG,YT,ZA,ZM,ZW
AO,0.0,0.1366826555759833,0.1124647159633885,0.1254963481554265,0.1547593316086838,0.1113779944978035,0.12332717298342,0.1350486924540105,0.1312949186998256,0.1140510190984878,0.0685021854241904,0.1422507374774656,0.1689750250691615,0.2013886779647692,0.2831705071701244,0.1525922351909978,0.1248753661555748,0.138535824808708,0.1458860357202425,0.1436407764104192,0.1794316374595022,0.1249133301966555,0.1494933035177325,0.1629444873776716,0.1370079630777467,0.1542840794113824,0.2491869356485139,0.1642435262036682,0.1213278313915597,0.1685134289811253,0.151577934287895,0.1720449412817675,0.1228737976546293,0.0565064435365505,0.1560762796945261,0.1588107238490613,0.1449506672476392,0.158146107849239,0.1399704182303345,0.1493506827820042,0.1598457809759588,0.1395571800024677,0.1776012302441085,0.1573392680766255,0.0989721397111712,0.1336140171379727,0.1499633859342052,0.1223744065849196,0.2166807899154911,0.1859492304253609,0.129456278195585,0.1512695769994961,0.1348625127191963,0.1339557189141067,0.1291436633264319
BF,0.1366826555759833,0.0,0.0478597132583887,0.0300781988193232,0.1284970332985506,0.0480532081944592,0.0411770716677359,0.062337995499589,0.0270005002166345,0.0358074182604477,0.1238758841331459,0.059290191418303,0.1134416796490136,0.1566380100973639,0.1727065735792466,0.0784267416512652,0.0382867493824599,0.0608446327979097,0.0379161883182067,0.0280561219221707,0.0975859430833866,0.0759265742760892,0.077051331172431,0.0935619537307259,0.0422410800508914,0.0969509124415242,0.1937742850606761,0.1175921999705101,0.0853335150341125,0.0886375413513007,0.0588584541791996,0.1251716976738209,0.0603790447042082,0.1083235457205934,0.0870016868622285,0.0320744951182796,0.0549282676202993,0.123240268535017,0.0504439346593368,0.1000037320252988,0.1017935158247251,0.0413577210726244,0.1017514097434618,0.089039508489386,0.1047995675919759,0.0783000396170265,0.0542040930624333,0.0303080591557026,0.1878427727358887,0.0901180314753296,0.0745239469408926,0.0722521827040758,0.0749541797869595,0.0752603801831249,0.0571467636774744
BI,0.1124647159633885,0.0478597132583887,0.0,0.0410348631765309,0.1031759631561902,0.0293346802398265,0.0256611514822941,0.0497950275671974,0.0448245794627452,0.0262333514168394,0.1108908694139313,0.0504240352629004,0.1073174333660067,0.1577324727382172,0.1941511369408387,0.0583791608570826,0.0377670583093555,0.0659501862614516,0.0441630641773133,0.0483673678594763,0.0915014360872327,0.0718410370207051,0.06490951808929,0.0697304829929165,0.059193791550883,0.0620909348027574,0.1945199459300324,0.1169792744197277,0.0482119028041766,0.124787479168546,0.0616356095643277,0.1264153197637786,0.0350989872581124,0.0733057560794616,0.0865109617192246,0.060835400358737,0.0545577077830484,0.1217563713929275,0.036902886217619,0.0896709709578025,0.0925430415071765,0.0567427824368302,0.087404587615415,0.0704286820728266,0.0919703640421268,0.0435521305906168,0.0507129566451988,0.0313388893433792,0.1891381377608512,0.0882794305314872,0.0507634884398482,0.0711332839067195,0.0593723105636422,0.056271938284982,0.0370289432731789
BJ,0.1254963481554265,0.0300781988193232,0.0410348631765309,0.0,0.1448798958542148,0.0391474200914234,0.0296075901315919,0.0655038472728198,0.0182941746642055,0.0322946145865873,0.1160540420521998,0.0425483867785378,0.1108568574860451,0.1536585768461962,0.1110545152204037,0.0543539403105234,0.0383297140423378,0.0565709844830002,0.0325296499685996,0.0374847555490917,0.0594401913980716,0.039500946957053,0.0696118223799409,0.0565714155415916,0.0370753914370303,0.0888406151493967,0.2065291765877862,0.1075714415466794,0.0818463723781366,0.0714163278230237,0.0493459072737689,0.1275619637286158,0.0367575650966141,0.1023062321579053,0.0903824357079154,0.0344889935533571,0.0451546900472898,0.1132959622792092,0.0236962781093601,0.0799659930440153,0.1145062580596025,0.0353699697078152,0.0926048769564058,0.0860358006650602,0.0703251116231771,0.0596174237998158,0.0363474908231504,0.0141159658017681,0.1911393489435755,0.0761695568188409,0.0743653846093732,0.0415430203946632,0.0555052102447869,0.0710828668537185,0.0467177072851134
BW,0.1547593316086838,0.1284970332985506,0.1031759631561902,0.1448798958542148,0.0,0.1174078705418342,0.1224895218861169,0.1294125734949927,0.1349911849029144,0.0997255747515414,0.1533458337060446,0.1557452069212457,0.1513311661920715,0.1732775271153663,0.3543939033604167,0.1539285092837929,0.112592218304559,0.0873806234892894,0.1401407038354264,0.1211575561225577,0.2346569138836822,0.2199630074015084,0.1192992028111279,0.2202581317504504,0.1327857019350573,0.0965238638808368,0.2046324842684563,0.1581194608852754,0.0798053594725024,0.1950936504677207,0.160122335975663,0.1198145412954616,0.1126260339163899,0.1152367691409946,0.0947254402068902,0.1521949023240708,0.1135936383088639,0.1472914531807245,0.1501968898462304,0.1400977530127403,0.0834911603217687,0.1549633026028249,0.1659518129231959,0.1052048387210629,0.2104001902293838,0.1094274527145083,0.1807882924102022,0.1344393100405667,0.2024200549331861,0.1588232297636238,0.071481572166162,0.177854494687223,0.113293544097668,0.0777249528290968,0.0919430597649508
CD,0.1113779944978035,0.0480532081944592,0.0293346802398265,0.0391474200914234,0.1174078705418342,0.0,0.0325080566164112,0.0190678541630364,0.0472047390210129,0.0277470803457056,0.1259231960953126,0.0523845688561619,0.1143704241643448,0.1668801968930221,0.1926354958598128,0.0622289931856218,0.0403100663252576,0.0689472484082753,0.0497515515084747,0.0633749702617688,0.0819343902617684,0.0676065373154799,0.074437786165015,0.0590246851696857,0.0686977250966136,0.0626996504011403,0.2032802694062885,0.1205622399127868,0.05062562412487,0.1068328896045018,0.0622974774629018,0.1416399736911265,0.0332219487057037,0.0735930902601851,0.0985153734158711,0.0647504748351629,0.0629941796179942,0.1284391083184959,0.0427102212327662,0.1048678584079468,0.1013704019693866,0.0531868162276548,0.1083615002751842,0.0825339590452498,0.0913173379831456,0.0445495418084584,0.0499937282029727,0.0276269616608841,0.1939725568200863,0.0976593887869575,0.0579312255592556,0.076962585169699,0.063048596683442,0.0627243309845136,0.0379940304198674
CF,0.12332717298342,0.0411770716677359,0.0256611514822941,0.0296075901315919,0.1224895218861169,0.0325080566164112,0.0,0.0541750642479904,0.0342606928096524,0.0301221721053914,0.1134981267563088,0.0416811179618618,0.1050863811287328,0.1535054665920797,0.1551021701009397,0.0555623924502269,0.0370280371494995,0.0593890433932444,0.0367889702386413,0.04199083553748,0.0745884049561569,0.0556488916693864,0.0670482313044767,0.0656430151506481,0.050455046883426,0.0741610678749432,0.1926989231558248,0.1093904956954928,0.0615345277358098,0.0995510758207598,0.0503215382568296,0.1240414156464977,0.0371060780906583,0.0894808331578763,0.0884606722266744,0.0456436416710186,0.0477837244681558,0.1240089869618209,0.0296848037604987,0.0803709539467454,0.0958006471767646,0.0476060572810506,0.080223767068462,0.0627756975457666,0.08144941212497,0.0521976662960611,0.0375319603743657,0.0249216554955836,0.1858952466542996,0.0788783997232935,0.0603323374759059,0.0595917460052008,0.0637798680789023,0.065556617048582,0.0380486585546459
CG,0.1350486924540105,0.062337995499589,0.0497950275671974,0.0655038472728198,0.1294125734949927,0.0190678541630364,0.0541750642479904,0.0,0.0689967695047155,0.0477496980358176,0.1487645653201933,0.0766355026066328,0.138848566906224,0.1954284616186261,0.2377364828915369,0.0940989792621266,0.0535993010086195,0.0955374095648489,0.0704272439285145,0.0757397559894832,0.1143066502648174,0.1011585054389906,0.1006702538753867,0.0888841097380843,0.0942668032652345,0.0866921974173633,0.2218271208825204,0.1426556649428588,0.0722242449767899,0.1389490869079364,0.0877287956540006,0.1611953958902693,0.0635500457233579,0.1005148441440042,0.1164201064683602,0.0812060783262055,0.0902420013486061,0.1487806549136703,0.075084727769962,0.1324939913778227,0.1199468987852692,0.0689997247656655,0.1343624705524196,0.1079878329664486,0.1272028498417076,0.0698389244096471,0.0684717798050057,0.0508519116608339,0.2089232021511219,0.1294429332332025,0.0838784678122399,0.1059255796319612,0.0879678144929427,0.0849598953476818,0.0669546798023315
CI,0.1312949186998256,0.0270005002166345,0.0448245794627452,0.0182941746642055,0.1349911849029144,0.0472047390210129,0.0342606928096524,0.0689967695047155,0.0,0.0254146938505623,0.1076016348362455,0.049942123837318,0.1000138049124554,0.1414563455521179,0.1344478115164535,0.0660315315828405,0.033829079101496,0.0543427981830698,0.0378736494335718,0.0231536889854253,0.0840195333258165,0.0584948287538537,0.0675621523061067,0.0856998488209379,0.0397842251469258,0.0998056585457964,0.1850962005950132,0.1022050394025768,0.0844088364791378,0.07796037182337,0.0536226573990185,0.1106200785398616,0.0533565308143224,0.1040986023586696,0.0805358517704009,0.0328092543660025,0.0440863690317177,0.1042979373205119,0.033319469551608,0.0806796688027881,0.1071098951817317,0.0378947843824005,0.0862660427456524,0.0814149728308758,0.0862515920227072,0.0758118037967188,0.0498324088421046,0.0265347679961484,0.1781176472080748,0.0717582883305785,0.0676322522926921,0.0494035873993066,0.064077564289339,0.0755016378287273,0.052577770901795
CM,0.1140510190984878,0.0358074182604477,0.0262333514168394,0.0322946145865873,0.0997255747515414,0.0277470803457056,0.0301221721053914,0.0477496980358176,0.0254146938505623,0.0,0.1012953331511528,0.0474278763544775,0.0945255205529883,0.142324144347655,0.1856860288067912,0.0601958918302362,0.0269120552658371,0.0546665669766786,0.0397853793637492,0.0371567447537924,0.0900164749106786,0.0710468883487133,0.0654995069801501,0.0752373233558811,0.0548962409410601,0.0655548245381488,0.1804986539372958,0.1006170397531128,0.0465370050358028,0.1015550011724419,0.055912398023757,0.1090423879638367,0.0405439801406208,0.074310135920538,0.0731240319843867,0.0455969968259009,0.0441747655226544,0.0998768704320365,0.0362456285165324,0.08345205043809,0.087786955721718,0.0455655505006564,0.0872516691033331,0.0733877750974777,0.0928865330667988,0.0488087282554446,0.0563600308689398,0.027323887263898,0.1758816920903776,0.0836197633631621,0.0517388421881567,0.0614982869931437,0.0524058227585857,0.0597524619265391,0.0352460804039126
CV,0.0685021854241904,0.1238758841331459,0.1108908694139313,0.1160540420521998,0.1533458337060446,0.1259231960953126,0.1134981267563088,0.1487645653201933,0.1076016348362455,0.1012953331511528,0.0,0.1323555716331125,0.136696653358783,0.1698388289127087,0.2440598615032595,0.1417527458800741,0.1086206021594716,0.1231064043108365,0.1258502503831002,0.1082481230865781,0.1820249943447808,0.1126186837630239,0.1462082754842213,0.1779760677103602,0.1225538482292387,0.1643263392318337,0.2187656569809554,0.1282971999585983,0.1224016894023309,0.1364490824337635,0.1385437545180605,0.132750673827796,0.1394445579023205,0.0745755125519896,0.1207567855445399,0.1361778459082692,0.121428907798602,0.1297804362656403,0.1228528755880924,0.114501694968902,0.1480607754054272,0.1419479264703012,0.1480130419048492,0.1428766918188228,0.0894056302132617,0.1428111567408464,0.1571367340971221,0.1210186717188356,0.2075008466207892,0.1580364022537217,0.13122828012777,0.1180196375153077,0.1274154183380553,0.1415439437791625,0.1317338692947449
DJ,0.1422507374774656,0.059290191418303,0.0504240352629004,0.0425483867785378,0.1557452069212457,0.0523845688561619,0.0416811179618618,0.0766355026066328,0.049942123837318,0.0474278763544775,0.1323555716331125,0.0,0.0967757215227855,0.1406191389031804,0.1419856615902791,0.0548541216107976,0.0525507575482294,0.0897716054276858,0.0462106383590495,0.0614712390508376,0.0766296288180392,0.0584767809578949,0.0830559676236971,0.0597612119604671,0.0700748570115721,0.0974755386192103,0.1878058467680368,0.103139426338267,0.0878680104420756,0.1035212041534112,0.0426399883159837,0.1287744378715188,0.0549451807077787,0.1070435895192569,0.1050680013978939,0.0555297764180043,0.0684924358031103,0.1251479573517763,0.0439084854390946,0.089465145423688,0.1307376511720723,0.053358749986216,0.0560628978904248,0.0890596303866364,0.0891223832021208,0.0645255023134117,0.038785566962031,0.0410103357752973,0.1707123776731706,0.099171080320768,0.0846870852432308,0.0499798237107218,0.0685483358555935,0.0894744967541002,0.05776327859432
DZ,0.1689750250691615,0.1134416796490136,0.1073174333660067,0.1108568574860451,0.1513311661920715,0.1143704241643448,0.1050863811287328,0.138848566906224,0.1000138049124554,0.0945255205529883,0.136696653358783,0.0967757215227855,0.0,0.0833969906611522,0.2344505969102409,0.1309226776040148,0.1037582846939318,0.1186825365463633,0.1190893013472412,0.100723284187345,0.1798914922878111,0.1467763161399896,0.1304730761188989,0.1611180397320927,0.1198413310176667,0.1521816249249583,0.0900011992503484,0.050917248437879,0.1190416676886693,0.1283183964889603,0.0773984432746324,0.1172585107776053,0.1275002572932736,0.1363293693987844,0.1317612768961726,0.1161991471614244,0.1100719754910009,0.1300532558604877,0.118911409803239,0.1153109904642795,0.1515260492724599,0.1218002521582203,0.1237351389732596,0.1288827539017059,0.1500573537925336,0.1391302690203288,0.1308996531047733,0.1166859099000451,0.0860520128387647,0.148260235936981,0.1220588748592236,0.1069076182445744,0.1187647677449446,0.132592759644843,0.1174444755367818
EG,0.2013886779647692,0.1566380100973639,0.1577324727382172,0.1536585768461962,0.1732775271153663,0.1668801968930221,0.1535054665920797,0.1954284616186261,0.1414563455521179,0.142324144347655,0.1698388289127087,0.1406191389031804,0.0833969906611522,0.0,0.2555554567278454,0.1697330380610858,0.150696271975117,0.1498988141150764,0.1702084328055988,0.1478647808629655,0.2321883603243068,0.1948623261026405,0.1623097837868419,0.2195994607749526,0.1551842136297327,0.1937448755842151,0.1289479643409186,0.1003615766541221,0.1668163491717019,0.1614694377813982,0.1286822603829189,0.1251460274930041,0.1687588559551562,0.1779319038001652,0.1629010127098167,0.1623614042196175,0.1455742679766254,0.1559011207975371,0.1609885375854211,0.1302884549600416,0.1927696927087573,0.171321103123844,0.158051118801352,0.1658554549167115,0.1894196066904712,0.1870089044899427,0.187877115179545,0.1689539038406509,0.1332864079341768,0.1806967651248829,0.155868506804125,0.1426298323296381,0.1532774361233636,0.1625535001519903,0.1596904037054081
ER,0.2831705071701244,0.1727065735792466,0.1941511369408387,0.1110545152204037,0.3543939033604167,0.1926354958598128,0.1551021701009397,0.2377364828915369,0.1344478115164535,0.1856860288067912,0.2440598615032595,0.1419856615902791,0.2344505969102409,0.2555554567278454,0.0,0.1306072992348901,0.1855903067900337,0.1823193483176133,0.1429920520409555,0.1677221673143875,0.1134505057282637,0.0914645010120677,0.1915246630534649,0.1422829970078828,0.1415616597337832,0.2448431119348807,0.3366612570001899,0.232668031745785,0.2639165598804858,0.1482693810539755,0.1440506775218546,0.2665340291408102,0.1637456041788625,0.2725962315454139,0.2245532238944216,0.1489331375292536,0.1582324512593619,0.2612394134492456,0.0992012896647918,0.1768001276460394,0.2732950001390982,0.1636089433150239,0.1708955688505081,0.1929463763611867,0.1321140585403794,0.1963091454830092,0.1346758602216188,0.1409082482087597,0.3273693962464302,0.1468519286654261,0.2249124870786932,0.1097740379365723,0.1725582656024163,0.2281444677486888,0.1763012741817363
ET,0.1525922351909978,0.0784267416512652,0.0583791608570826,0.0543539403105234,0.1539285092837929,0.0622289931856218,0.0555623924502269,0.0940989792621266,0.0660315315828405,0.0601958918302362,0.1417527458800741,0.0548541216107976,0.1309226776040148,0.1697330380610858,0.1306072992348901,0.0,0.0716751609884803,0.0796031108210973,0.0520069683310056,0.083691257197791,0.0806045345666064,0.0654507366975423,0.087486497768928,0.0697587350927764,0.0808399189321904,0.0869452394445046,0.2242302581400178,0.135135287791522,0.0828035429177361,0.1111496388811106,0.0696587518942858,0.1582553337979538,0.0557043781507503,0.1095278523440652,0.1145548856597938,0.0794518091687752,0.0697615696640184,0.1520854227024375,0.0407352405969211,0.1102173750170686,0.1124774960104714,0.0745817287860401,0.0883851744549721,0.0796531529864745,0.0944976533819829,0.0591901679836598,0.0621804371178861,0.049731491191205,0.2167474911794551,0.094540201328537,0.0784113607194108,0.0737950210922563,0.0760442954698292,0.0896114305345602,0.0527718744671217
GA,0.1248753661555748,0.0382867493824599,0.0377670583093555,0.0383297140423378,0.112592218304559,0.0403100663252576,0.0370280371494995,0.0535993010086195,0.033829079101496,0.0269120552658371,0.1086206021594716,0.0525507575482294,0.1037582846939318,0.150696271975117,0.1855903067900337,0.0716751609884803,0.0,0.0664685994072086,0.0495163235971469,0.0427634913072022,0.0950967500853686,0.076444128996873,0.0714499298122657,0.0849515772584244,0.0625649173641739,0.0835041865936976,0.1904725127450887,0.1102180065738692,0.0648463081723225,0.1042553895061866,0.0627746757960723,0.1137235191543739,0.0520910291099654,0.0913746714755686,0.0800805650820057,0.0488215338973342,0.057860097308654,0.1022971458531312,0.0480281996998523,0.0901105720872781,0.1038832234339764,0.0520967225053209,0.0976051568880519,0.0854741466536646,0.0981903798159534,0.0632636514906921,0.0550060265303039,0.0350325438405716,0.1814311159955941,0.0937189987330476,0.0649836259977323,0.0661312849004331,0.0635928130932769,0.067079132715677,0.0483332281149049
GH,0.138535824808708,0.0608446327979097,0.0659501862614516,0.0565709844830002,0.0873806234892894,0.0689472484082753,0.0593890433932444,0.0955374095648489,0.0543427981830698,0.0546665669766786,0.1231064043108365,0.0897716054276858,0.1186825365463633,0.1498988141150764,0.1823193483176133,0.0796031108210973,0.0664685994072086,0.0,0.0545676283986211,0.0576610579059315,0.1258382668821388,0.1055449964574972,0.0750482274295871,0.1301494430483351,0.0552650790377641,0.0870274911434285,0.1926599548523085,0.1237468018055936,0.0675846552558928,0.0966663351285509,0.0856814860709457,0.1268364082690074,0.0657225100634349,0.1050045248779428,0.0864178871119696,0.0666480088410339,0.0418809107566378,0.1341597285610184,0.0586770368596067,0.1011528070021088,0.0513014075111054,0.0820237987700991,0.1026475743562146,0.052209788095077,0.1226206931046881,0.0783623196281659,0.091489484302098,0.0551019728438412,0.1965629183737695,0.0738514790655718,0.0481064273047093,0.0957929690309457,0.0885062276634085,0.062918679564215,0.0473908072989058
GM,0.1458860357202425,0.0379161883182067,0.0441630641773133,0.0325296499685996,0.1401407038354264,0.0497515515084747,0.0367889702386413,0.0704272439285145,0.0378736494335718,0.0397853793637492,0.1258502503831002,0.0462106383590495,0.1190893013472412,0.1702084328055988,0.1429920520409555,0.0520069683310056,0.0495163235971469,0.0545676283986211,0.0,0.0443068598317205,0.0662070974269748,0.05040422660746,0.0734854947606837,0.0582080011771981,0.053004039755623,0.0708349229828633,0.2121242210933418,0.1216401029632089,0.0672980863285102,0.0908387319284184,0.0469111151448161,0.1470744961094481,0.0462022275755287,0.1030672518419119,0.0954820130613776,0.0393852927689453,0.048475637227131,0.1445707606805757,0.0269867567895151,0.1056059288493359,0.0754105345924311,0.0370528703061221,0.0814213715809273,0.0645710613119059,0.0911316234297208,0.0465741424634588,0.0357835119465406,0.0217938496866106,0.2047965132086859,0.0737913582518136,0.0637756286738235,0.0630973828108055,0.0688553352524987,0.0808901321099927,0.0385017121815339
GN,0.1436407764104192,0.0280561219221707,0.0483673678594763,0.0374847555490917,0.1211575561225577,0.0633749702617688,0.04199083553748,0.0757397559894832,0.0231536889854253,0.0371567447537924,0.1082481230865781,0.0614712390508376,0.100723284187345,0.1478647808629655,0.1677221673143875,0.083691257197791,0.0427634913072022,0.0576610579059315,0.0443068598317205,0.0,0.1177989478833836,0.0879041134256644,0.0743207436835567,0.1262221018932987,0.0375812782838457,0.1179104500429492,0.1787053802755968,0.1057143774999183,0.0974174619979197,0.1034848575149158,0.0613551931786874,0.1150493364762269,0.0732206670170241,0.1198693682640005,0.0817367121156626,0.0302349987008606,0.04989753108279,0.1222551501499733,0.0498598951521418,0.0936186023671727,0.0968765024886674,0.0489404488139075,0.0802940605501397,0.0766807443817112,0.1165208094826607,0.0996744703245871,0.0595994650331297,0.0441418236960218,0.175929236438728,0.0720664588396849,0.0703312810638484,0.0675333352915732,0.0848697230909345,0.0786144331998666,0.0663125234486182
GQ,0.1794316374595022,0.0975859430833866,0.0915014360872327,0.0594401913980716,0.2346569138836822,0.0819343902617684,0.0745884049561569,0.1143066502648174,0.0840195333258165,0.0900164749106786,0.1820249943447808,0.0766296288180392,0.1798914922878111,0.2321883603243068,0.1134505057282637,0.0806045345666064,0.0950967500853686,0.1258382668821388,0.0662070974269748,0.1177989478833836,0.0,0.0491904825706165,0.1252823652620154,0.0456326792126253,0.1084004227563829,0.1139137210995248,0.2870042179412135,0.1711781163090472,0.1237943906754501,0.1226030976244529,0.0863860880183723,0.2157604101845058,0.0705446980577753,0.146716512901699,0.1624956326061398,0.0976569205291923,0.1061055192696994,0.1904565621127694,0.05402719488744,0.1417861090205174,0.1745083737957061,0.0789783616462304,0.1432165964346023,0.1362016524542725,0.0899550768480628,0.0757564229718231,0.0596480617226016,0.0541590935591937,0.2604924942722851,0.1278499871968723,0.1348646329861964,0.0804283753109479,0.0994325239618583,0.1360286366643814,0.0837577942841418
GW,0.1249133301966555,0.0759265742760892,0.0718410370207051,0.039500946957053,0.2199630074015084,0.0676065373154799,0.0556488916693864,0.1011585054389906,0.0584948287538537,0.0710468883487133,0.1126186837630239,0.0584767809578949,0.1467763161399896,0.1948623261026405,0.0914645010120677,0.0654507366975423,0.076444128996873,0.1055449964574972,0.05040422660746,0.0879041134256644,0.0491904825706165,0.0,0.1039391831681961,0.0399683039037868,0.0800758841368021,0.1130774373418053,0.2507160594284097,0.1468907793276763,0.1152879404210363,0.0906878327237192,0.0677103617952893,0.1813690980336921,0.0633965762705951,0.0997856076905147,0.133011815628399,0.07430790594793,0.0842478309423541,0.1624806517512436,0.0358338798671765,0.1079432073199816,0.1606650382340582,0.0626333208768082,0.115501214473403,0.1175734115814373,0.0383962375824071,0.0716792941840466,0.0495993629639999,0.0405394152321307,0.2376163435090061,0.1061855369525842,0.1180196219533475,0.0549596713526501,0.0776909965302838,0.1188935953982291,0.0720783368371544
KE,0.1494933035177325,0.077051331172431,0.06490951808929,0.0696118223799409,0.1192992028111279,0.074437786165015,0.0670482313044767,0.1006702538753867,0.0675621523061067,0.0654995069801501,0.1462082754842213,0.0830559676236971,0.1304730761188989,0.1623097837868419,0.1915246630534649,0.087486497768928,0.0714499298122657,0.0750482274295871,0.0734854947606837,0.0743207436835567,0.1252823652620154,0.1039391831681961,0.0,0.1167475888662539,0.080518868132499,0.0958570904641246,0.2043432291798069,0.1335276191140476,0.0912286174198511,0.1359640041516486,0.0914143063182583,0.1293499042477084,0.0648423394512192,0.1177375715879696,0.089426084376698,0.0825690716179236,0.0710971296766662,0.1389057088568168,0.0556424866996942,0.103394815522034,0.1140630151630283,0.0897665001521363,0.1042165876347388,0.0777581849409787,0.126972694204425,0.0824435279298775,0.0889460341401948,0.0696181619042541,0.2039078626572548,0.0714542033037718,0.0501787108471212,0.0948005983710718,0.0840827687827223,0.0783937300500905,0.0605402594791975
KM,0.1629444873776716,0.0935619537307259,0.0697304829929165,0.0565714155415916,0.2202581317504504,0.0590246851696857,0.0656430151506481,0.0888841097380843,0.0856998488209379,0.0752373233558811,0.1779760677103602,0.0597612119604671,0.1611180397320927,0.2195994607749526,0.1422829970078828,0.0697587350927764,0.0849515772584244,0.1301494430483351,0.0582080011771981,0.1262221018932987,0.0456326792126253,0.0399683039037868,0.1167475888662539,0.0,0.1143310493581328,0.0829447350784988,0.265410113454991,0.1596118945399114,0.0946078050834682,0.1167012204004676,0.0754856407635071,0.2088669023962031,0.0522011542099396,0.1184317664548285,0.1554364907723016,0.1003772996679868,0.1062792420226883,0.179013630939514,0.0496459286515175,0.1367467824303481,0.1750373045797771,0.0681213895372556,0.1430928631218204,0.1374967727895081,0.0788832120308085,0.0481342419773154,0.050704383560267,0.0423766199508461,0.2469113718087613,0.1407972070644843,0.1255166496230066,0.0758543173486382,0.0756333431767676,0.1253235945781221,0.0697772481487174
LR,0.1370079630777467,0.0422410800508914,0.059193791550883,0.0370753914370303,0.1327857019350573,0.0686977250966136,0.050455046883426,0.0942668032652345,0.0397842251469258,0.0548962409410601,0.1225538482292387,0.0700748570115721,0.1198413310176667,0.1551842136297327,0.1415616597337832,0.0808399189321904,0.0625649173641739,0.0552650790377641,0.053004039755623,0.0375812782838457,0.1084004227563829,0.0800758841368021,0.080518868132499,0.1143310493581328,0.0,0.1247213613051065,0.205447695356631,0.1205978969178284,0.1088109802702459,0.0932060609009022,0.0702839879835306,0.1288461514872101,0.0621746783874813,0.1242209987175718,0.0949704726562142,0.0503547266902353,0.0525906555378498,0.1322550564217769,0.0510075051384083,0.0850991114899814,0.1025834906831527,0.0629514339073591,0.0951948441538315,0.0863042555311512,0.1038866617397377,0.0962173391792807,0.0691003186256535,0.0481579577048643,0.1947365888172781,0.0837313069555643,0.0764281044807179,0.0668171459948306,0.0847417596518786,0.0802070068109659,0.0703731241803296
LS,0.1542840794113824,0.0969509124415242,0.0620909348027574,0.0888406151493967,0.0965238638808368,0.0626996504011403,0.0741610678749432,0.0866921974173633,0.0998056585457964,0.0655548245381488,0.1643263392318337,0.0974755386192103,0.1521816249249583,0.1937448755842151,0.2448431119348807,0.0869452394445046,0.0835041865936976,0.0870274911434285,0.0708349229828633,0.1179104500429492,0.1139137210995248,0.1130774373418053,0.0958570904641246,0.0829447350784988,0.1247213613051065,0.0,0.2159749150713351,0.1551282842131237,0.0457925698940767,0.1493770203376474,0.1017235883406083,0.1637694551737478,0.0440434295658394,0.0877256750478016,0.1062187227939561,0.1151796985207848,0.0914882090586605,0.1555147587979481,0.0735403111341821,0.1362197071103189,0.0963042374493805,0.094751876301003,0.1432552310232525,0.0903269037274183,0.1340171368471394,0.0325983827107689,0.0994991958829395,0.0651062920179171,0.2293987290105719,0.1248998728833967,0.0718003182071307,0.1271676134655053,0.0672771594700872,0.0779374260045201,0.0388707006375161
LY,0.2491869356485139,0.1937742850606761,0.1945199459300324,0.2065291765877862,0.2046324842684563,0.2032802694062885,0.1926989231558248,0.2218271208825204,0.1850962005950132,0.1804986539372958,0.2187656569809554,0.1878058467680368,0.0900011992503484,0.1289479643409186,0.3366612570001899,0.2242302581400178,0.1904725127450887,0.1926599548523085,0.2121242210933418,0.1787053802755968,0.2870042179412135,0.2507160594284097,0.2043432291798069,0.265410113454991,0.205447695356631,0.2159749150713351,0.0,0.1218452771189292,0.1935508646128928,0.2099207616288515,0.1584456378919903,0.1787672522715262,0.2107443264183413,0.2120371300028326,0.1943052966117946,0.1984128512271123,0.1927838511415615,0.202080269037472,0.2152802209994981,0.1936069010096337,0.2171315940167563,0.2130736448798479,0.197944343055415,0.1924017303352065,0.249290560753303,0.231533587404102,0.2264670636829742,0.2119995986372476,0.0841766587739607,0.2268210196391987,0.1949585489401534,0.2073267398595686,0.2051908851101351,0.2074635196795331,0.1988938237651024
MA,0.1642435262036682,0.1175921999705101,0.1169792744197277,0.1075714415466794,0.1581194608852754,0.1205622399127868,0.1093904956954928,0.1426556649428588,0.1022050394025768,0.1006170397531128,0.1282971999585983,0.103139426338267,0.050917248437879,0.1003615766541221,0.232668031745785,0.135135287791522,0.1102180065738692,0.1237468018055936,0.1216401029632089,0.1057143774999183,0.1711781163090472,0.1468907793276763,0.1335276191140476,0.1596118945399114,0.1205978969178284,0.1551282842131237,0.1218452771189292,0.0,0.1233538944161887,0.124165502547837,0.0849223754573315,0.1227858969271403,0.1251933119326029,0.1435924119735364,0.1296907500744661,0.1173970164958473,0.1186094899662978,0.1310667520277482,0.1222123165522341,0.1170044383201768,0.1566813807708588,0.1230834061085386,0.1371684592465037,0.1380864127035675,0.1510403659757616,0.1411605380787545,0.127223410151871,0.1162593679766321,0.0942762647146391,0.1551469556685042,0.1284627655398935,0.1107219749600559,0.1230345316184936,0.1426692130982139,0.1264625117014753
MG,0.1213278313915597,0.0853335150341125,0.0482119028041766,0.0818463723781366,0.0798053594725024,0.05062562412487,0.0615345277358098,0.0722242449767899,0.0844088364791378,0.0465370050358028,0.1224016894023309,0.0878680104420756,0.1190416676886693,0.1668163491717019,0.2639165598804858,0.0828035429177361,0.0648463081723225,0.0675846552558928,0.0672980863285102,0.0974174619979197,0.1237943906754501,0.1152879404210363,0.0912286174198511,0.0946078050834682,0.1088109802702459,0.0457925698940767,0.1935508646128928,0.1233538944161887,0.0,0.1201897921997813,0.0938300964401429,0.1278503660210241,0.0592123627407765,0.065176833889055,0.1037069823802029,0.1033499480565288,0.0782538711191314,0.1188820512160956,0.0772826072654246,0.1118820888634674,0.0590612795982664,0.0847264778766884,0.1250944520741309,0.0702908794462509,0.1226775242694835,0.0441039601970196,0.1005209653085862,0.0596351288639011,0.1906454919613228,0.1228838686537115,0.0564733196272223,0.1134572066238585,0.0830670852428318,0.0720014695228984,0.0441511878730206
ML,0.1685134289811253,0.0886375413513007,0.124787479168546,0.0714163278230237,0.1950936504677207,0.1068328896045018,0.0995510758207598,0.1389490869079364,0.07796037182337,0.1015550011724419,0.1364490824337635,0.1035212041534112,0.1283183964889603,0.1614694377813982,0.1482693810539755,0.1111496388811106,0.1042553895061866,0.0966663351285509,0.0908387319284184,0.1034848575149158,0.1226030976244529,0.0906878327237192,0.1359640041516486,0.1167012204004676,0.0932060609009022,0.1493770203376474,0.2099207616288515,0.124165502547837,0.1201897921997813,0.0,0.0955839032388822,0.1525590231460883,0.1141659982982642,0.1379908895630978,0.1439513247859927,0.0913593480471697,0.1022707154591218,0.1452909564022428,0.0956028571193777,0.1113136575621257,0.1394446441778561,0.0917663612056578,0.1474920282398386,0.1220953369071728,0.1090391172442638,0.1278728347898433,0.1182225817309666,0.0789707746469803,0.211231405090841,0.1415014725924439,0.1403046604753006,0.0928321001536132,0.106374946479852,0.1429062967914899,0.1054390918441297
MR,0.151577934287895,0.0588584541791996,0.0616356095643277,0.0493459072737689,0.160122335975663,0.0622974774629018,0.0503215382568296,0.0877287956540006,0.0536226573990185,0.055912398023757,0.1385437545180605,0.0426399883159837,0.0773984432746324,0.1286822603829189,0.1440506775218546,0.0696587518942858,0.0627746757960723,0.0856814860709457,0.0469111151448161,0.0613551931786874,0.0863860880183723,0.0677103617952893,0.0914143063182583,0.0754856407635071,0.0702839879835306,0.1017235883406083,0.1584456378919903,0.0849223754573315,0.0938300964401429,0.0955839032388822,0.0,0.1430662507549869,0.0628963368527288,0.1055940883739254,0.1086775735096927,0.0555296887676499,0.073610236694262,0.1347555537023311,0.0487963082854844,0.1058426003070613,0.1131382333806989,0.0496554398220692,0.0732939311046367,0.0805421551136842,0.0930889770889571,0.0678507539652855,0.0486830225807563,0.0488086957519802,0.1441216107245839,0.0957908540194107,0.0810171744982777,0.0623986420276674,0.0773820088141125,0.0878243684847445,0.06068629336871
MU,0.1720449412817675,0.1251716976738209,0.1264153197637786,0.1275619637286158,0.1198145412954616,0.1416399736911265,0.1240414156464977,0.1611953958902693,0.1106200785398616,0.1090423879638367,0.132750673827796,0.1287744378715188,0.1172585107776053,0.1251460274930041,0.2665340291408102,0.1582553337979538,0.1137235191543739,0.1268364082690074,0.1470744961094481,0.1150493364762269,0.2157604101845058,0.1813690980336921,0.1293499042477084,0.2088669023962031,0.1288461514872101,0.1637694551737478,0.1787672522715262,0.1227858969271403,0.1278503660210241,0.1525590231460883,0.1430662507549869,0.0,0.1442737033617079,0.1529781588698081,0.1066961240047206,0.1368198753090528,0.1240187773863756,0.0789585288948147,0.1431614537349423,0.0840894957776886,0.1637549581081282,0.1463926279560036,0.150353198510682,0.1477014453079582,0.1768012558240397,0.1586750040905583,0.1732712001936742,0.1411505535497508,0.1701376764322103,0.1643705839111033,0.1230735258117307,0.1208216342704137,0.1161719093245189,0.1332814089793096,0.1321200393104934
MW,0.1228737976546293,0.0603790447042082,0.0350989872581124,0.0367575650966141,0.1126260339163899,0.0332219487057037,0.0371060780906583,0.0635500457233579,0.0533565308143224,0.0405439801406208,0.1394445579023205,0.0549451807077787,0.1275002572932736,0.1687588559551562,0.1637456041788625,0.0557043781507503,0.0520910291099654,0.0657225100634349,0.0462022275755287,0.0732206670170241,0.0705446980577753,0.0633965762705951,0.0648423394512192,0.0522011542099396,0.0621746783874813,0.0440434295658394,0.2107443264183413,0.1251933119326029,0.0592123627407765,0.1141659982982642,0.0628963368527288,0.1442737033617079,0.0,0.0825904318759029,0.0919243390580294,0.0691901638263061,0.0593333093344184,0.1326305677830739,0.0315519248228594,0.0957100634769809,0.1051193701340121,0.0524844935042057,0.1050401029696974,0.0789394626989115,0.0876480370197184,0.0310437293504184,0.0490721601017827,0.0306286358589354,0.2001303341304366,0.0893447366966703,0.0548043048244104,0.0746549776080753,0.0519234306929166,0.0526819791021084,0.0281387262113532
MZ,0.0565064435365505,0.1083235457205934,0.0733057560794616,0.1023062321579053,0.1152367691409946,0.0735930902601851,0.0894808331578763,0.1005148441440042,0.1040986023586696,0.074310135920538,0.0745755125519896,0.1070435895192569,0.1363293693987844,0.1779319038001652,0.2725962315454139,0.1095278523440652,0.0913746714755686,0.1050045248779428,0.1030672518419119,0.1198693682640005,0.146716512901699,0.0997856076905147,0.1177375715879696,0.1184317664548285,0.1242209987175718,0.0877256750478016,0.2120371300028326,0.1435924119735364,0.065176833889055,0.1379908895630978,0.1055940883739254,0.1529781588698081,0.0825904318759029,0.0,0.1266785242943412,0.1278707310623485,0.1108601466244986,0.126984662533037,0.1017780415750959,0.1308376170612115,0.1024662345913869,0.1025568376674055,0.139539295905793,0.1024831987464637,0.0830557030424883,0.0693242603733547,0.1217541628203028,0.0882322075778484,0.1937749106888355,0.1497767084383977,0.0787380844828383,0.1192282339433118,0.0958929166258901,0.0870487578393731,0.0752288499473462
NA,0.1560762796945261,0.0870016868622285,0.0865109617192246,0.0903824357079154,0.0947254402068902,0.0985153734158711,0.0884606722266744,0.1164201064683602,0.0805358517704009,0.0731240319843867,0.1207567855445399,0.1050680013978939,0.1317612768961726,0.1629010127098167,0.2245532238944216,0.1145548856597938,0.0800805650820057,0.0864178871119696,0.0954820130613776,0.0817367121156626,0.1624956326061398,0.133011815628399,0.089426084376698,0.1554364907723016,0.0949704726562142,0.1062187227939561,0.1943052966117946,0.1296907500744661,0.1037069823802029,0.1439513247859927,0.1086775735096927,0.1066961240047206,0.0919243390580294,0.1266785242943412,0.0,0.100738662821734,0.0834475781222083,0.1196404445844302,0.0904964182699478,0.0996275482644994,0.1257078130735123,0.1165901005088841,0.1289160675168712,0.108543233210245,0.1430551520850795,0.0948965492558366,0.1203640360985924,0.0905467975538303,0.207858509408493,0.1180864188134827,0.0820631031193566,0.1042876236778221,0.0597032124645297,0.0933809614545992,0.0765455638101957
NE,0.1588107238490613,0.0320744951182796,0.060835400358737,0.0344889935533571,0.1521949023240708,0.0647504748351629,0.0456436416710186,0.0812060783262055,0.0328092543660025,0.0455969968259009,0.1361778459082692,0.0555297764180043,0.1161991471614244,0.1623614042196175,0.1489331375292536,0.0794518091687752,0.0488215338973342,0.0666480088410339,0.0393852927689453,0.0302349987008606,0.0976569205291923,0.07430790594793,0.0825690716179236,0.1003772996679868,0.0503547266902353,0.1151796985207848,0.1984128512271123,0.1173970164958473,0.1033499480565288,0.0913593480471697,0.0555296887676499,0.1368198753090528,0.0691901638263061,0.1278707310623485,0.100738662821734,0.0,0.0498261264787145,0.1376418248105253,0.047506956551018,0.1092002084266096,0.1075998130140922,0.0467177544521664,0.0883527504176137,0.0817343036021256,0.1095056091177572,0.089926558200966,0.043458959210525,0.0383160413135055,0.1893829130865123,0.0808448888741268,0.0812044792196036,0.0692959971653642,0.0900683571336412,0.0849868220037587,0.0602608851582724
NG,0.1449506672476392,0.0549282676202993,0.0545577077830484,0.0451546900472898,0.1135936383088639,0.0629941796179942,0.0477837244681558,0.0902420013486061,0.0440863690317177,0.0441747655226544,0.121428907798602,0.0684924358031103,0.1100719754910009,0.1455742679766254,0.1582324512593619,0.0697615696640184,0.057860097308654,0.0418809107566378,0.048475637227131,0.04989753108279,0.1061055192696994,0.0842478309423541,0.0710971296766662,0.1062792420226883,0.0525906555378498,0.0914882090586605,0.1927838511415615,0.1186094899662978,0.0782538711191314,0.1022707154591218,0.073610236694262,0.1240187773863756,0.0593333093344184,0.1108601466244986,0.0834475781222083,0.0498261264787145,0.0,0.1335059758791161,0.044210848003894,0.0903160073617489,0.0856256519212245,0.0745467365634078,0.0898796472985994,0.070131107881182,0.1080532943329737,0.0759405021191184,0.0720314098218649,0.047540936112578,0.1994675443321949,0.0731791091168712,0.0602684131008421,0.0755867011947706,0.0753419769511751,0.0741441291189214,0.0482687486704382
RE,0.158146107849239,0.123240268535017,0.1217563713929275,0.1132959622792092,0.1472914531807245,0.1284391083184959,0.1240089869618209,0.1487806549136703,0.1042979373205119,0.0998768704320365,0.1297804362656403,0.1251479573517763,0.1300532558604877,0.1559011207975371,0.2612394134492456,0.1520854227024375,0.1022971458531312,0.1341597285610184,0.1445707606805757,0.1222551501499733,0.1904565621127694,0.1624806517512436,0.1389057088568168,0.179013630939514,0.1322550564217769,0.1555147587979481,0.202080269037472,0.1310667520277482,0.1188820512160956,0.1452909564022428,0.1347555537023311,0.0789585288948147,0.1326305677830739,0.126984662533037,0.1196404445844302,0.1376418248105253,0.1335059758791161,0.0,0.1339673503652813,0.1004327369662927,0.1612950785053737,0.1233799816134119,0.1550176029124056,0.15167552629189,0.151808498790951,0.1386311821130491,0.1568765533004281,0.1260364092603492,0.1694490757250211,0.1699609433312865,0.1205535171073981,0.097763384446544,0.1026588545195428,0.1223258447241595,0.1299013392319794
