ISO_CODE,AO,BF,BI,BJ,BW,CD,CF,CG,CI,CM,CV,DJ,DZ,EG,ER,ET,GA,GH,GM,GN,GQ,GW,KE,KM,LR,LS,LY,MA,MG,ML,MR,MU,MW,MZ,NA,NE,NG,RE,RW,SC,SL,SN,SO,SS,ST,SZ,TD,TG,TN,TZ,UG,YT,ZA,ZM,ZW
AO,0.0,0.2937744633112319,0.2701791517126555,0.2357360405100257,0.1994073386047019,0.2597727269621835,0.2324700682364058,0.200511156761175,0.2840297128596805,0.2628722831886668,0.1519004333146958,0.218655163205423,0.2169878220312642,0.2531765960925427,0.5487753474093254,0.2490826374303774,0.2170294395725178,0.2526357567092956,0.2362043250534763,0.2439382567175014,0.4049580762176115,0.21098125798706,0.2604512560407817,0.2806138295794878,0.2424639052983217,0.2914072253543656,0.270879751186172,0.2512040280607146,0.2241372483921048,0.2526604365215696,0.2285281894811202,0.2254253129949577,0.2254598475830087,0.1720835902169127,0.2387849720419446,0.2644150614244485,0.2512839434069381,0.2608660324863335,0.2630325156279821,0.259280439986298,0.2884470811571933,0.2610466587867652,0.2850358237360586,0.2783186433574077,0.2368388727510233,0.2537158311438564,0.2800854396554568,0.1997587459174425,0.2124199739510178,0.3112221337748967,0.2337419886304319,0.3156820869730065,0.2248821074333773,0.2233239250327705,0.2374609169112336
BF,0.2937744633112319,0.0,0.2234404172639268,0.1312716915594397,0.2307610669404697,0.2028359787284207,0.2196723962400685,0.1754322500442787,0.1448535771326807,0.1642069931632122,0.2793879696464829,0.2280589544536611,0.2058732368879282,0.2531740317693054,0.5542948849469969,0.2660866816851756,0.1571403632161003,0.2135619929664719,0.2314887275583068,0.1243781724541979,0.4076411269118228,0.2807766063807851,0.2235137782834446,0.2781916018335635,0.2674654308020806,0.2802839663470864,0.2219351291092173,0.235911651472231,0.1931213561863881,0.1189132008433199,0.2037393290850839,0.221945239692364,0.2458102791494192,0.2549751247705305,0.2455498035312922,0.1399996790211638,0.2297364523501679,0.2518947795548751,0.2417331420819978,0.2494448085818561,0.2982491529250247,0.1336544043537211,0.2746114540935079,0.2470521232255398,0.3650918033646471,0.2690957115227793,0.2679307509628595,0.1580731275488682,0.201958674096524,0.2601492500910496,0.2210431829123538,0.316110571556814,0.2266980588855238,0.2191289789402363,0.2262432446072872
BI,0.2701791517126555,0.2234404172639268,0.0,0.1348608222561256,0.2298931829936308,0.1568492230445027,0.1224828156118729,0.1517655712144751,0.2314977172061663,0.168064032037786,0.2602612127214211,0.1423384905575874,0.2449881810399568,0.3163207384523467,0.4921209361265957,0.1603906619779979,0.1948562247315423,0.2032258757086595,0.1640526240193172,0.1151140207369758,0.3982572973561484,0.2062351016858444,0.2351108250061567,0.193288569437783,0.172805489307791,0.2571780372845184,0.3225694823357647,0.2747024657397672,0.1964927231986717,0.1357020592225355,0.1775523761154454,0.2748205875303641,0.1577153061898293,0.2265302682907827,0.2758746445130848,0.1038257997683039,0.1862451019506498,0.3131775479254138,0.1220690884751254,0.2735353729332346,0.2205311626507823,0.2042792811978506,0.1807760027378413,0.151206564506181,0.2914993900231974,0.240629178249621,0.1838782536883298,0.1450192489331432,0.2735759650750987,0.1908874087536544,0.1738925096546377,0.312994951197158,0.2336482858406081,0.1887632581188869,0.1713995916177264
BJ,0.2357360405100257,0.1312716915594397,0.1348608222561256,0.0,0.1858728358657804,0.1547126933046626,0.1596431870862145,0.11069962853691,0.114343738315461,0.1020982739390903,0.2260794820913367,0.1636561263938165,0.1914592806467792,0.2358753507283931,0.5317679322161446,0.2382483120615782,0.1116579104044913,0.1719466302517993,0.1898281634633756,0.0935927765864297,0.3783613486866192,0.23146714324526,0.1870419489428979,0.1934048133087651,0.2183471015407845,0.2309213202057077,0.2495035949565627,0.2120121326822699,0.1595158232178852,0.1009766470832966,0.1686395765808179,0.1972353920890286,0.1756719663361838,0.2015519398975154,0.2187312000539911,0.1003606683213165,0.161158748901149,0.217085720601393,0.1752191447828135,0.2150632874124309,0.2577412728804122,0.1200639568292297,0.2561672912013337,0.1933633101796412,0.2929250146117095,0.208727948798185,0.220491120832969,0.1020183950263839,0.1756142783692452,0.207723682730219,0.1593402525285385,0.2779928908866932,0.1710156828415276,0.1668341118475761,0.1781767758192678
BW,0.1994073386047019,0.2307610669404697,0.2298931829936308,0.1858728358657804,0.0,0.2058580935920675,0.1939901398684284,0.1761302678055201,0.2366357669256507,0.1897209649578561,0.2464020011180425,0.2186752044468107,0.2025548006200116,0.2258037229945012,0.498128816549456,0.1898490579485219,0.1922706858258671,0.128626821100243,0.1554008878778709,0.1936319727714526,0.3946323234422756,0.2661887720212313,0.1471171347603803,0.2782997221707662,0.1938884463152412,0.1119965538960199,0.2255712541166467,0.2302921495611026,0.1377936653979905,0.2040116582432293,0.2008494022696354,0.1604356845653725,0.1274584115855608,0.1365207896113591,0.1139531035155385,0.2098793898053315,0.1542045717229231,0.2447268599051449,0.1612472836474354,0.205861325402488,0.147721181141225,0.2378122637857375,0.226129493684581,0.1467628971292033,0.3059059281651241,0.0996440276328756,0.3086171027056896,0.157290265438465,0.1979810679058914,0.1665020289222523,0.1146568255894873,0.3230420041144277,0.1249834206858725,0.1014050032040463,0.0963564281907334
CD,0.2597727269621835,0.2028359787284207,0.1568492230445027,0.1547126933046626,0.2058580935920675,0.0,0.1625210279939303,0.1262931154554205,0.2068481547718443,0.1683568743150018,0.284407841501022,0.1908849679892187,0.2461492402573559,0.3001676367161012,0.5476535238161097,0.223679203582146,0.167101050908915,0.2075989769361161,0.2114746772382543,0.1532466168078208,0.3954596306927862,0.251975797761786,0.2317334829570847,0.2321438949399312,0.2155677407768916,0.2265934769218185,0.3120460060152724,0.2517313133936623,0.1736459404120658,0.1526452175250606,0.2029285328876682,0.2549688809349062,0.1884421770970092,0.1751212414639645,0.2670444693303676,0.153732562671704,0.2097102583255907,0.288611333390119,0.182940229962178,0.2864723140429375,0.2367102036989051,0.1781381320814796,0.2567826121525887,0.2045563985684424,0.3351450167956402,0.2513335173711932,0.2083319398391531,0.1486818041604677,0.2420785706933692,0.21269556654786,0.1834517744711945,0.319051428676403,0.2211520948438556,0.1863532569800573,0.1933117264048182
CF,0.2324700682364058,0.2196723962400685,0.1224828156118729,0.1596431870862145,0.1939901398684284,0.1625210279939303,0.0,0.1087889612894666,0.2153642363968383,0.1668444088393997,0.2138979379000185,0.1074946778633404,0.1979062902346265,0.2709632616807578,0.4618007945375385,0.1580831996200218,0.1542646754122096,0.1975991975232848,0.1319336795565803,0.139266477562607,0.3570590279205572,0.1709573452674425,0.2278814079401233,0.1546800816220666,0.1528825725214607,0.2248590575117144,0.2674292963153514,0.2224538095527348,0.1730517346892059,0.1464294786748847,0.1544377993678608,0.2321734011508387,0.1748946486642381,0.1992649673690167,0.2352753424304107,0.1362879819799047,0.1784279871542377,0.2716752789231139,0.1492192847915407,0.2287789830098671,0.1973082436717536,0.196259042593127,0.1887579000538947,0.1637800278864392,0.2588185536195688,0.2105172529029046,0.1869776012284888,0.1065080358545687,0.2146709982579661,0.2231421244353089,0.1835838918993892,0.2707350780125104,0.2184368258159409,0.1887208289757275,0.1811957179893832
CG,0.200511156761175,0.1754322500442787,0.1517655712144751,0.11069962853691,0.1761302678055201,0.1262931154554205,0.1087889612894666,0.0,0.1578311797685483,0.13542083362804,0.2084727949125989,0.1131161649442011,0.1707378610399328,0.2457915196881595,0.5021487686141879,0.1900091267391396,0.0762703303391969,0.1908694011875513,0.1478673993822327,0.1148938851890948,0.3628732871997986,0.1936743251903407,0.2125443909911837,0.1542044405082097,0.1760471304675148,0.2236516789438,0.2405835213406348,0.1920222187644039,0.142698339314139,0.1230824894837343,0.1382025570589046,0.2014127175976353,0.1786695072288997,0.1860193157722416,0.2116807873634349,0.1295032310030256,0.178881112889113,0.2204020237128023,0.1555001188315983,0.2278595796016747,0.2207224389536907,0.1499631152324554,0.2180709788440964,0.2023387959083766,0.278651234636899,0.1891522243297103,0.1726256675492599,0.0634765226507876,0.1692063829000278,0.2383965495409994,0.1715327414221544,0.2523752592375117,0.1973522176287367,0.1747253114094444,0.1911531786344126
CI,0.2840297128596805,0.1448535771326807,0.2314977172061663,0.114343738315461,0.2366357669256507,0.2068481547718443,0.2153642363968383,0.1578311797685483,0.0,0.1016877403299978,0.2752168160964576,0.2259266656478102,0.1948583237551636,0.2359364756879796,0.5800719787516446,0.295295386297791,0.148115904253544,0.1806406671296672,0.2449813915152393,0.1522435230659508,0.4204347351273929,0.27831353257585,0.1951315006534576,0.257356270386428,0.2807235629443444,0.2738949600363524,0.2579072558203378,0.1902330677077494,0.207336636664525,0.148841212749075,0.2122741457931513,0.2139445112499028,0.2457601772206877,0.2267311626529233,0.2539849649403436,0.1758114039137478,0.1651932204193898,0.2393286803480189,0.2197682109076716,0.2541182707388021,0.3166018015728029,0.0858994908190224,0.3115933106144967,0.2696411246591069,0.3351263091790986,0.2603869096877991,0.3180075178025883,0.1619569284288202,0.1660955431941304,0.2307627504361358,0.1875160928314663,0.3026468547081333,0.1992407949232083,0.2205295974501987,0.2278246833521237
CM,0.2628722831886668,0.1642069931632122,0.168064032037786,0.1020982739390903,0.1897209649578561,0.1683568743150018,0.1668444088393997,0.13542083362804,0.1016877403299978,0.0,0.2284675462318397,0.1899140769170593,0.1789593552975341,0.2323409969755141,0.4962303986617109,0.2024004757794273,0.1497149957471766,0.1277382046544994,0.1735525218493888,0.1137000514583673,0.3928921571054334,0.2515329861961493,0.1687631084711814,0.2403647107381605,0.2088252701165887,0.2262465252280311,0.2499804189036154,0.1962570661162413,0.1587065136023429,0.1179773647765664,0.1789139599353276,0.2140767656780113,0.1882766274484999,0.1862735879638279,0.2378804662721508,0.1304835388502578,0.1213709750261298,0.2452051914297741,0.1498761188213857,0.2343249032379553,0.2109790740508323,0.1132224033633246,0.2313686196672315,0.1692346142747384,0.3010870590766066,0.1908025130445485,0.2803946479725858,0.1343231308894537,0.18397519543556,0.1747157094328593,0.122620210147113,0.3018741327431212,0.1767555798790634,0.1525470753611474,0.1717679260798386
CV,0.1519004333146958,0.2793879696464829,0.2602612127214211,0.2260794820913367,0.2464020011180425,0.284407841501022,0.2138979379000185,0.2084727949125989,0.2752168160964576,0.2284675462318397,0.0,0.2087631216927572,0.1843571617005639,0.2556888272497715,0.4970324162239721,0.2612155611168969,0.2143512826338116,0.279230005416098,0.215980756132088,0.2112117040763084,0.4172453169464653,0.2095336340273215,0.2767353620837509,0.255459000082464,0.2356636052960375,0.2957850602929456,0.2375431311434904,0.2485564198342651,0.2398196143504781,0.2085435052200187,0.2165248609433359,0.2170720010685874,0.2549699087553304,0.2027687373196623,0.2690697811905199,0.2489331810341917,0.2647166071715514,0.2318157867434476,0.2692132549454724,0.2128894970451951,0.3088423977173076,0.2565267735590127,0.2812407846873384,0.2806097877085147,0.208474389890388,0.2713694179486932,0.3215749181261107,0.2004059080359089,0.220273763242687,0.334442760026672,0.2631085999150913,0.2889824628886798,0.2348075621467853,0.2522830529260942,0.2732493169933743
DJ,0.218655163205423,0.2280589544536611,0.1423384905575874,0.1636561263938165,0.2186752044468107,0.1908849679892187,0.1074946778633404,0.1131161649442011,0.2259266656478102,0.1899140769170593,0.2087631216927572,0.0,0.1690794221729917,0.2531163832743288,0.4823493500865777,0.1723941409225,0.1506796133842425,0.2284591147907622,0.1314560245183479,0.1416467825317283,0.3406679956866522,0.1783350662867656,0.2405808486693286,0.1350345337074855,0.1726308358947417,0.2513939402231555,0.2449527915113174,0.192466466902198,0.1871574182316414,0.1555650726509942,0.1360816837979198,0.2160299518453987,0.1843596118125867,0.2194265515039872,0.239632169749581,0.1419502348105066,0.1990781379498903,0.2329999259859358,0.1591874066534717,0.2103674939664281,0.2406197966600565,0.1783951410064883,0.1844037353505536,0.1925294478437105,0.2574574979989712,0.2256567938349443,0.1662730471707315,0.1125592384470346,0.1798834072847422,0.2584188590041749,0.206935836820861,0.2282547369748601,0.2180409417312995,0.2045364273672414,0.2093444690954256
DZ,0.2169878220312642,0.2058732368879282,0.2449881810399568,0.1914592806467792,0.2025548006200116,0.2461492402573559,0.1979062902346265,0.1707378610399328,0.1948583237551636,0.1789593552975341,0.1843571617005639,0.1690794221729917,0.0,0.1430961970957381,0.4937840523915849,0.2199705698436885,0.1672146313092373,0.2092892231456372,0.1903525540934827,0.1665351769491752,0.3989856415836885,0.2439461969986175,0.2011321760045586,0.2423987769892777,0.2411488119606493,0.2526550693921556,0.1228381152781107,0.1213883205609156,0.194227205243356,0.1761972078295408,0.1354803014837701,0.1626652304961697,0.2262635266790374,0.2086164315076468,0.2207916714789186,0.2110832211769423,0.1938148029107551,0.1910723459957171,0.2198246563816193,0.1951393846055295,0.2785296979662482,0.1783943769816948,0.2259991964525642,0.2249465232493996,0.2810142603605053,0.2298441592066407,0.2877920254703859,0.1733984298446701,0.0806693968659608,0.2553169993042135,0.1980584304491288,0.2649912128047746,0.1854712961343544,0.2021042531485933,0.2200014195740853
EG,0.2531765960925427,0.2531740317693054,0.3163207384523467,0.2358753507283931,0.2258037229945012,0.3001676367161012,0.2709632616807578,0.2457915196881595,0.2359364756879796,0.2323409969755141,0.2556888272497715,0.2531163832743288,0.1430961970957381,0.0,0.5470332998650997,0.2931583186006701,0.2323734380681978,0.2479194590350113,0.2627612422562031,0.2547736815466563,0.4498935503362242,0.3166971226045543,0.2186206534576116,0.3227527299660618,0.304985619766989,0.2913197992400207,0.134039680916875,0.1775333330337001,0.2482716425624898,0.2744932122584174,0.2061976851758934,0.1804364586468512,0.2700500280011904,0.2511983598186489,0.2368815094027438,0.2886184866805796,0.2415188899530069,0.2271910293819776,0.2914854784253182,0.2254160799389798,0.3329844111948665,0.246257726923337,0.2843196591406004,0.2861711110314341,0.333642332854029,0.2680618394987228,0.3760506594714726,0.2459468657133853,0.1425288393404002,0.3054988087486235,0.2366901996637844,0.3354425959432323,0.2017648569430797,0.2251773125499347,0.258089201740318
ER,0.5487753474093254,0.5542948849469969,0.4921209361265957,0.5317679322161446,0.498128816549456,0.5476535238161097,0.4618007945375385,0.5021487686141879,0.5800719787516446,0.4962303986617109,0.4970324162239721,0.4823493500865777,0.4937840523915849,0.5470332998650997,0.0,0.3985677047889739,0.5321399519529127,0.4583649878382323,0.4138184619865152,0.4935698691027635,0.5843168557189715,0.511774956430094,0.5059748221091281,0.494264845024244,0.4620584621348317,0.5006520336434447,0.5182035585543697,0.551921423724536,0.4645327094368123,0.4825826625070113,0.4806044065997622,0.5207281904280148,0.4841749902869743,0.4893996552194082,0.5413908551008366,0.5015847956190536,0.4682239254458749,0.5734510616761277,0.4314650400259869,0.5042970133342856,0.4240921995673058,0.5549344880328284,0.4570857616190404,0.4203645143654667,0.5071032111116385,0.4916310544947074,0.5791634781484423,0.4787866952853263,0.5415033137406575,0.4705304711328728,0.4708134687017793,0.5822196005032965,0.5371422386421434,0.4929375766686603,0.4724091006693101
ET,0.2490826374303774,0.2660866816851756,0.1603906619779979,0.2382483120615782,0.1898490579485219,0.223679203582146,0.1580831996200218,0.1900091267391396,0.295295386297791,0.2024004757794273,0.2612155611168969,0.1723941409225,0.2199705698436885,0.2931583186006701,0.3985677047889739,0.0,0.2416717545129062,0.1768129800055787,0.1316112890411563,0.1822973034590911,0.4002831741240854,0.2528070053071958,0.2207416857663606,0.2511524218055065,0.1852240103342413,0.2085355219546367,0.2758907016093334,0.2688416734165553,0.1895860968802802,0.1769749305516411,0.1800557837527779,0.2726482490549105,0.1543244309210223,0.1941381228150916,0.2588802261215464,0.1862766904827271,0.1648812616294679,0.3383462018931823,0.1116427623523923,0.2744031445807122,0.1463312459236306,0.2590088527515458,0.1243982734075812,0.1224804317605294,0.3024663705204483,0.2065995118523678,0.2347853140718889,0.170848256636147,0.2675543009643333,0.1547558669113925,0.1512844035522299,0.3569281880344984,0.2477823356918178,0.1757691034571071,0.1415879808968719
GA,0.2170294395725178,0.1571403632161003,0.1948562247315423,0.1116579104044913,0.1922706858258671,0.167101050908915,0.1542646754122096,0.0762703303391969,0.148115904253544,0.1497149957471766,0.2143512826338116,0.1506796133842425,0.1672146313092373,0.2323734380681978,0.5321399519529127,0.2416717545129062,0.0,0.2114614571612696,0.1893844638832509,0.1307727783625085,0.3743564982767215,0.2247325800695376,0.2140996508300898,0.1817752198723493,0.2044206702963542,0.2388468768733073,0.2222998463602428,0.1880304223946924,0.1545614268146494,0.13515057469356,0.1488571531520072,0.182685937026203,0.2062120512531974,0.1936188312549571,0.2027909860922021,0.1528046197739035,0.2045963057168789,0.1820826142714744,0.2039210716230852,0.2092202611928441,0.2645155025265231,0.1444464231761753,0.2505240497076862,0.2377463976335787,0.2873311397932474,0.2234644031797287,0.2136435757986795,0.0862371577850887,0.1488271487880188,0.2654067382564841,0.2049523191663331,0.2521187767933621,0.1979997388004257,0.1933431306229293,0.2116522763105689
GH,0.2526357567092956,0.2135619929664719,0.2032258757086595,0.1719466302517993,0.128626821100243,0.2075989769361161,0.1975991975232848,0.1908694011875513,0.1806406671296672,0.1277382046544994,0.279230005416098,0.2284591147907622,0.2092892231456372,0.2479194590350113,0.4583649878382323,0.1768129800055787,0.2114614571612696,0.0,0.1479910525270312,0.1632420319589442,0.4153677862595915,0.282955110337348,0.1099887845014322,0.2848645725169956,0.202369975869231,0.1545517687674773,0.2552545312103019,0.2222692435590537,0.1416682427671953,0.1768263167508568,0.2042904803415179,0.2175572552990999,0.1397423476273267,0.1609319956879196,0.2068512529962877,0.174101283225083,0.0655691718150575,0.2982081396170692,0.1212560827998208,0.246153969899314,0.1289095211267625,0.1900641761667035,0.2112804569275694,0.1084437319667995,0.3153781505696286,0.1488536569238303,0.3181282923171131,0.164329067711435,0.2189158996959286,0.0935899420371562,0.0680175355822799,0.3473733585734452,0.1610819543080939,0.099339238104173,0.1026767861255033
GM,0.2362043250534763,0.2314887275583068,0.1640526240193172,0.1898281634633756,0.1554008878778709,0.2114746772382543,0.1319336795565803,0.1478673993822327,0.2449813915152393,0.1735525218493888,0.215980756132088,0.1314560245183479,0.1903525540934827,0.2627612422562031,0.4138184619865152,0.1316112890411563,0.1893844638832509,0.1479910525270312,0.0,0.1408792155382705,0.3740673663510748,0.1969210102367509,0.1946008094027105,0.1982585544194591,0.1104669338306156,0.1683198925849264,0.244261894506384,0.2332676796867919,0.1634215470605993,0.1610386242237529,0.1405244263644646,0.2278726653016651,0.142628262690879,0.1770973973707207,0.2000658010289964,0.1458424542866698,0.14132101876414,0.2876814304052214,0.1083916226895059,0.2286225051387146,0.1152325190379601,0.2192016862054004,0.1643879282156524,0.1055552694935878,0.2631086426373865,0.1611378403056621,0.253901053162015,0.1155015263538672,0.2260556056693086,0.1913819927839373,0.143159015347319,0.3086693995882549,0.2060604952467857,0.1539949261237301,0.1463431363129373
GN,0.2439382567175014,0.1243781724541979,0.1151140207369758,0.0935927765864297,0.1936319727714526,0.1532466168078208,0.139266477562607,0.1148938851890948,0.1522435230659508,0.1137000514583673,0.2112117040763084,0.1416467825317283,0.1665351769491752,0.2547736815466563,0.4935698691027635,0.1822973034590911,0.1307727783625085,0.1632420319589442,0.1408792155382705,0.0,0.3836015165490676,0.1978709359437976,0.1946983927751919,0.196849704069707,0.1684469506749581,0.2350012056142006,0.2195582311769163,0.2140183684528657,0.1544880658106192,0.0572574679448407,0.1360000712400816,0.2086586130162203,0.1838737582978629,0.2003020148080933,0.2232024946398554,0.0690193622105083,0.163306953745718,0.2413909730604859,0.1591524888706509,0.2192071053605033,0.2113927206148383,0.1205706543866145,0.1900691952389969,0.1617974662821729,0.2844289741110319,0.2202350472077439,0.1961455521494038,0.1049201081375021,0.1871931870460635,0.1969607535572591,0.1662671413443703,0.2812332273542108,0.194299346599272,0.1706020570201818,0.1700008893839271
GQ,0.4049580762176115,0.4076411269118228,0.3982572973561484,0.3783613486866192,0.3946323234422756,0.3954596306927862,0.3570590279205572,0.3628732871997986,0.4204347351273929,0.3928921571054334,0.4172453169464653,0.3406679956866522,0.3989856415836885,0.4498935503362242,0.5843168557189715,0.4002831741240854,0.3743564982767215,0.4153677862595915,0.3740673663510748,0.3836015165490676,0.0,0.37425426475752,0.4371167299333667,0.370311069483994,0.4172755972941476,0.4369443132285033,0.4454238984981424,0.4156895394280625,0.3655219941407425,0.3722462301305292,0.3893526266504402,0.4064040844848207,0.3895479064918754,0.4122611839615626,0.4216257156205313,0.3898902579257165,0.4260764289693091,0.4194411293700784,0.3885665541660311,0.4058369190476416,0.423854906050234,0.3835124986018231,0.4412812118375324,0.4067934955254795,0.4356000176414966,0.4325670663941739,0.377549770131788,0.3514820175376433,0.3922039001289207,0.4319617677564886,0.4053572643584617,0.4195331033000096,0.4161485808234924,0.4077570872318297,0.4047040381178016
GW,0.21098125798706,0.2807766063807851,0.2062351016858444,0.23146714324526,0.2661887720212313,0.251975797761786,0.1709573452674425,0.1936743251903407,0.27831353257585,0.2515329861961493,0.2095336340273215,0.1783350662867656,0.2439461969986175,0.3166971226045543,0.511774956430094,0.2528070053071958,0.2247325800695376,0.282955110337348,0.1969210102367509,0.1978709359437976,0.37425426475752,0.0,0.2964226441571587,0.1987962986938652,0.1947414636328746,0.3170750431815105,0.3122604524882689,0.2769700423016189,0.2404684139727068,0.2183727444052197,0.2176074171391142,0.2763066000469576,0.2558261510210513,0.230164893311439,0.2829966089151483,0.2062511083090371,0.2579491689615976,0.2952057496307684,0.2381467165051016,0.2599684430364091,0.2753302081231146,0.2470980842889529,0.2783436667776278,0.260003276989466,0.2114284431307638,0.2970921476945004,0.2432376793474158,0.1763480248205805,0.2575958882186075,0.3169914502290153,0.2633298001932009,0.2930761939253019,0.2743936036142436,0.2733723957898463,0.269698505210341
KE,0.2604512560407817,0.2235137782834446,0.2351108250061567,0.1870419489428979,0.1471171347603803,0.2317334829570847,0.2278814079401233,0.2125443909911837,0.1951315006534576,0.1687631084711814,0.2767353620837509,0.2405808486693286,0.2011321760045586,0.2186206534576116,0.5059748221091281,0.2207416857663606,0.2140996508300898,0.1099887845014322,0.1946008094027105,0.1946983927751919,0.4371167299333667,0.2964226441571587,0.0,0.2918982042284284,0.2322275349951931,0.1823900796002778,0.2313327146078769,0.2148803405087063,0.1912944366338578,0.2116478018449943,0.2070491422764128,0.1885887777730615,0.1625144218025245,0.1858199887852338,0.1798651007933436,0.2048061538359099,0.1151305790402501,0.2678314809948184,0.1654434927291046,0.2187295733258852,0.224714026588277,0.211437683716663,0.2351312898925861,0.1711985613003122,0.3253460507427945,0.1819673327783462,0.3398621857219444,0.1978745515596601,0.2051278150255002,0.1392389514234912,0.1054242113864497,0.3487651064729367,0.1426942087938514,0.1281823393626343,0.1415282819909421
KM,0.2806138295794878,0.2781916018335635,0.193288569437783,0.1934048133087651,0.2782997221707662,0.2321438949399312,0.1546800816220666,0.1542044405082097,0.257356270386428,0.2403647107381605,0.255459000082464,0.1350345337074855,0.2423987769892777,0.3227527299660618,0.494264845024244,0.2511524218055065,0.1817752198723493,0.2848645725169956,0.1982585544194591,0.196849704069707,0.370311069483994,0.1987962986938652,0.2918982042284284,0.0,0.2269812374102525,0.298252247452455,0.3274944887079744,0.2593343079891788,0.2161236484391506,0.2097563474783876,0.1962096248501883,0.2702546105115901,0.2509119669967169,0.2562361792131724,0.2931842816425239,0.2023362350133414,0.2614672123544889,0.2694317837948061,0.2200486168333358,0.2605347004187508,0.2940340404716149,0.228357168624728,0.287606430821604,0.2630409733774976,0.2782146709464288,0.2850557691794277,0.2167115518829242,0.1509536184037775,0.2466832442731574,0.3145480841848165,0.2652650335459492,0.2449474488161929,0.2674217435573437,0.2689668126821556,0.276581171726606
LR,0.2424639052983217,0.2674654308020806,0.172805489307791,0.2183471015407845,0.1938884463152412,0.2155677407768916,0.1528825725214607,0.1760471304675148,0.2807235629443444,0.2088252701165887,0.2356636052960375,0.1726308358947417,0.2411488119606493,0.304985619766989,0.4620584621348317,0.1852240103342413,0.2044206702963542,0.202369975869231,0.1104669338306156,0.1684469506749581,0.4172755972941476,0.1947414636328746,0.2322275349951931,0.2269812374102525,0.0,0.2421749015538031,0.2965043038362922,0.2698915323510041,0.209734716674114,0.1984439821863847,0.1812901599678734,0.2639124530001915,0.1842184609798464,0.2066791785582625,0.2321542951700619,0.1587358273159282,0.1784862087636218,0.3229426536874111,0.1645124291160177,0.266250169267225,0.1597431309735036,0.2559736950525599,0.1990900266427362,0.1698044616869285,0.2765353940709343,0.2254314075510337,0.2629717330155993,0.1325713737617865,0.2713782786900485,0.250692044318026,0.189720988897067,0.3340083873267028,0.2371952604815304,0.1838232559512607,0.204548790121928
LS,0.2914072253543656,0.2802839663470864,0.2571780372845184,0.2309213202057077,0.1119965538960199,0.2265934769218185,0.2248590575117144,0.2236516789438,0.2738949600363524,0.2262465252280311,0.2957850602929456,0.2513939402231555,0.2526550693921556,0.2913197992400207,0.5006520336434447,0.2085355219546367,0.2388468768733073,0.1545517687674773,0.1683198925849264,0.2350012056142006,0.4369443132285033,0.3170750431815105,0.1823900796002778,0.298252247452455,0.2421749015538031,0.0,0.2768767541387299,0.2832275344725889,0.1831906951970567,0.2442812098336442,0.2253249378599818,0.2380614179659292,0.165927650102547,0.148549477011239,0.1597147242142615,0.2422414997230316,0.1707315124244643,0.3098030559604767,0.1611953808645372,0.2558903772791476,0.153088015104475,0.2881543651363752,0.2513875680498361,0.1506410819028041,0.3415600898859176,0.1134068566063097,0.3712155886435553,0.2024266678326679,0.2752206511299364,0.161246066291778,0.1518901630818413,0.3820738141569784,0.1639857115985645,0.1530502173757326,0.1173782323941861
LY,0.270879751186172,0.2219351291092173,0.3225694823357647,0.2495035949565627,0.2255712541166467,0.3120460060152724,0.2674292963153514,0.2405835213406348,0.2579072558203378,0.2499804189036154,0.2375431311434904,0.2449527915113174,0.1228381152781107,0.134039680916875,0.5182035585543697,0.2758907016093334,0.2222998463602428,0.2552545312103019,0.244261894506384,0.2195582311769163,0.4454238984981424,0.3122604524882689,0.2313327146078769,0.3274944887079744,0.2965043038362922,0.2768767541387299,0.0,0.19222674487155,0.2423641407788297,0.2336315116709515,0.167723776195755,0.1919993137668488,0.282271589694991,0.2429003746009412,0.2213873199441643,0.2744653167263228,0.2537988050625445,0.2411285961341175,0.2931473061047558,0.2218546368908373,0.3181525316016027,0.2531064258064378,0.2586895071230362,0.2672423436963275,0.3425064663214829,0.2661466131830705,0.3663282766860394,0.2382268035655351,0.1532419134639961,0.3082562616252859,0.2505579140411083,0.3476684847100658,0.219440697818347,0.2410079042832771,0.2575219021206147
MA,0.2512040280607146,0.235911651472231,0.2747024657397672,0.2120121326822699,0.2302921495611026,0.2517313133936623,0.2224538095527348,0.1920222187644039,0.1902330677077494,0.1962570661162413,0.2485564198342651,0.192466466902198,0.1213883205609156,0.1775333330337001,0.551921423724536,0.2688416734165553,0.1880304223946924,0.2222692435590537,0.2332676796867919,0.2140183684528657,0.4156895394280625,0.2769700423016189,0.2148803405087063,0.2593343079891788,0.2698915323510041,0.2832275344725889,0.19222674487155,0.0,0.2194636826572674,0.2240162330751084,0.168088536150794,0.1971284918756547,0.2602656971391714,0.2362833955286282,0.2429924000041483,0.2384190134343367,0.2065336866254821,0.2237398936324688,0.252283139476555,0.2386782866803012,0.3075247068230119,0.1840519430960949,0.2673604242581671,0.2586236112609699,0.3205570402881906,0.2595678922560789,0.3169560312211206,0.2015630944685278,0.119721673129291,0.2780428154623301,0.21864125482519,0.2776207121257634,0.2094484308801556,0.2304178963476191,0.2483542831803726
MG,0.2241372483921048,0.1931213561863881,0.1964927231986717,0.1595158232178852,0.1377936653979905,0.1736459404120658,0.1730517346892059,0.142698339314139,0.207336636664525,0.1587065136023429,0.2398196143504781,0.1871574182316414,0.194227205243356,0.2482716425624898,0.4645327094368123,0.1895860968802802,0.1545614268146494,0.1416682427671953,0.1634215470605993,0.1544880658106192,0.3655219941407425,0.2404684139727068,0.1912944366338578,0.2161236484391506,0.209734716674114,0.1831906951970567,0.2423641407788297,0.2194636826572674,0.0,0.1549174120057088,0.1779935457377887,0.190281103045261,0.1675982051054461,0.1715201626673914,0.2180865234047152,0.1675410424174456,0.1681831356990473,0.2070508703623484,0.1522584775901515,0.227666766508364,0.1284725388737986,0.1802070831397104,0.2217522147868375,0.1445268604220144,0.2979024520252611,0.1780950838581885,0.2432653311898025,0.1306187968314747,0.181255344626141,0.1702362877256785,0.1428514323572353,0.2588706583658764,0.2002770273422018,0.1588925275056839,0.1474716815722361
ML,0.2526604365215696,0.1189132008433199,0.1357020592225355,0.1009766470832966,0.2040116582432293,0.1526452175250606,0.1464294786748847,0.1230824894837343,0.148841212749075,0.1179773647765664,0.2085435052200187,0.1555650726509942,0.1761972078295408,0.2744932122584174,0.4825826625070113,0.1769749305516411,0.13515057469356,0.1768263167508568,0.1610386242237529,0.0572574679448407,0.3722462301305292,0.2183727444052197,0.2116478018449943,0.2097563474783876,0.1984439821863847,0.2442812098336442,0.2336315116709515,0.2240162330751084,0.1549174120057088,0.0,0.1494526552052441,0.2272917481410028,0.1927190607718856,0.2008854561424535,0.2501356000564545,0.0763099374951347,0.1782946104087726,0.251404431747755,0.1752622374915436,0.2399230796200299,0.2222642322311565,0.1164334654331463,0.2037521923502563,0.1708893461502131,0.302789005118382,0.2405477295035284,0.1876848917738609,0.1111583375882991,0.1946862453669385,0.198212377432902,0.1758508814171415,0.2911391811545362,0.2184711604172911,0.1867960692100372,0.1740298598403042
MR,0.2285281894811202,0.2037393290850839,0.1775523761154454,0.1686395765808179,0.2008494022696354,0.2029285328876682,0.1544377993678608,0.1382025570589046,0.2122741457931513,0.1789139599353276,0.2165248609433359,0.1360816837979198,0.1354803014837701,0.2061976851758934,0.4806044065997622,0.1800557837527779,0.1488571531520072,0.2042904803415179,0.1405244263644646,0.1360000712400816,0.3893526266504402,0.2176074171391142,0.2070491422764128,0.1962096248501883,0.1812901599678734,0.2253249378599818,0.167723776195755,0.168088536150794,0.1779935457377887,0.1494526552052441,0.0,0.2121761527647898,0.210569804381926,0.1905471594981669,0.2102825914776069,0.1554876690721411,0.1880458142224096,0.243174225851107,0.182378625738921,0.2259004497177588,0.2201551783236913,0.1880549879807381,0.1843437593499931,0.1785570656283355,0.2867002427631224,0.2177101930100582,0.2388419908912302,0.1349426010219389,0.1655475872096365,0.238832393370221,0.1923305471306713,0.2915659293705572,0.203161711759056,0.1917968521240478,0.1937985756212902
MU,0.2254253129949577,0.221945239692364,0.2748205875303641,0.1972353920890286,0.1604356845653725,0.2549688809349062,0.2321734011508387,0.2014127175976353,0.2139445112499028,0.2140767656780113,0.2170720010685874,0.2160299518453987,0.1626652304961697,0.1804364586468512,0.5207281904280148,0.2726482490549105,0.182685937026203,0.2175572552990999,0.2278726653016651,0.2086586130162203,0.4064040844848207,0.2763066000469576,0.1885887777730615,0.2702546105115901,0.2639124530001915,0.2380614179659292,0.1919993137668488,0.1971284918756547,0.190281103045261,0.2272917481410028,0.2121761527647898,0.0,0.2061813481429306,0.1995798965622112,0.1735669420409025,0.251300953124334,0.2219049119649578,0.1389644715391501,0.2491318276942806,0.1526869231930019,0.3038313149782961,0.2124889165677267,0.282610527751027,0.2628448841380936,0.2995601961527661,0.2124737542296318,0.337729449185792,0.198619937702272,0.1394479311574918,0.2750733689174636,0.2037172193594735,0.2596395002008965,0.1327425797157059,0.175103609630029,0.2021480476588084
MW,0.2254598475830087,0.2458102791494192,0.1577153061898293,0.1756719663361838,0.1274584115855608,0.1884421770970092,0.1748946486642381,0.1786695072288997,0.2457601772206877,0.1882766274484999,0.2549699087553304,0.1843596118125867,0.2262635266790374,0.2700500280011904,0.4841749902869743,0.1543244309210223,0.2062120512531974,0.1397423476273267,0.142628262690879,0.1838737582978629,0.3895479064918754,0.2558261510210513,0.1625144218025245,0.2509119669967169,0.1842184609798464,0.165927650102547,0.282271589694991,0.2602656971391714,0.1675982051054461,0.1927190607718856,0.210569804381926,0.2061813481429306,0.0,0.1606083965597432,0.1860812512798269,0.1670252989026182,0.1395523438348768,0.2845406717484315,0.1066884208022957,0.2121465090491692,0.1729415946296122,0.2351238993211402,0.2020722503098562,0.118941939656898,0.2966581015718311,0.1525231992053799,0.2412549692926255,0.1682841753270488,0.2438067887728825,0.138075714211488,0.0994307008636359,0.324237463225263,0.1642684233401963,0.0980693852430814,0.101121948192026
MZ,0.1720835902169127,0.2549751247705305,0.2265302682907827,0.2015519398975154,0.1365207896113591,0.1751212414639645,0.1992649673690167,0.1860193157722416,0.2267311626529233,0.1862735879638279,0.2027687373196623,0.2194265515039872,0.2086164315076468,0.2511983598186489,0.4893996552194082,0.1941381228150916,0.1936188312549571,0.1609319956879196,0.1770973973707207,0.2003020148080933,0.4122611839615626,0.230164893311439,0.1858199887852338,0.2562361792131724,0.2066791785582625,0.148549477011239,0.2429003746009412,0.2362833955286282,0.1715201626673914,0.2008854561424535,0.1905471594981669,0.1995798965622112,0.1606083965597432,0.0,0.177008623646561,0.2148651261854431,0.1692043629574523,0.2567717750773464,0.1701929801726823,0.2388174360287631,0.1917467018024856,0.2452064299786235,0.2369205385604516,0.1795650908640843,0.258228758498207,0.1668329707776153,0.3333148721190893,0.1709655819287945,0.2112988484054029,0.1767234100312115,0.148738350106236,0.3084357112508533,0.1647872993153742,0.1540328956081766,0.1439603265397397
NA,0.2387849720419446,0.2455498035312922,0.2758746445130848,0.2187312000539911,0.1139531035155385,0.2670444693303676,0.2352753424304107,0.2116807873634349,0.2539849649403436,0.2378804662721508,0.2690697811905199,0.239632169749581,0.2207916714789186,0.2368815094027438,0.5413908551008366,0.2588802261215464,0.2027909860922021,0.2068512529962877,0.2000658010289964,0.2232024946398554,0.4216257156205313,0.2829966089151483,0.1798651007933436,0.2931842816425239,0.2321542951700619,0.1597147242142615,0.2213873199441643,0.2429924000041483,0.2180865234047152,0.2501356000564545,0.2102825914776069,0.1735669420409025,0.1860812512798269,0.177008623646561,0.0,0.2471172875171499,0.2114187726778504,0.2410420954455858,0.2315004641296599,0.2063698804738656,0.2500254616324107,0.2748165356307493,0.2710705866750318,0.2209771001799791,0.322270207759644,0.1625392569254841,0.3509579596935936,0.2064554658214508,0.2205260619347531,0.2464172190311921,0.188456050523761,0.3365864918565068,0.1288406509130022,0.1534736209756051,0.1668106536299975
NE,0.2644150614244485,0.1399996790211638,0.1038257997683039,0.1003606683213165,0.2098793898053315,0.153732562671704,0.1362879819799047,0.1295032310030256,0.1758114039137478,0.1304835388502578,0.2489331810341917,0.1419502348105066,0.2110832211769423,0.2886184866805796,0.5015847956190536,0.1862766904827271,0.1528046197739035,0.174101283225083,0.1458424542866698,0.0690193622105083,0.3898902579257165,0.2062511083090371,0.2048061538359099,0.2023362350133414,0.1587358273159282,0.2422414997230316,0.2744653167263228,0.2384190134343367,0.1675410424174456,0.0763099374951347,0.1554876690721411,0.251300953124334,0.1670252989026182,0.2148651261854431,0.2471172875171499,0.0,0.1567950802152836,0.2932948479769771,0.14111170652801,0.255699356354836,0.2019048128987872,0.1407100739324377,0.2027605784421147,0.1499031945370068,0.301344306241932,0.2337306950933717,0.1587581603431821,0.1097416243854416,0.2308963679568636,0.1788694516938808,0.1596849466075879,0.305063472373975,0.2165138763164273,0.1789033572345952,0.1712377189047326
NG,0.2512839434069381,0.2297364523501679,0.1862451019506498,0.161158748901149,0.1542045717229231,0.2097102583255907,0.1784279871542377,0.178881112889113,0.1651932204193898,0.1213709750261298,0.2647166071715514,0.1990781379498903,0.1938148029107551,0.2415188899530069,0.4682239254458749,0.1648812616294679,0.2045963057168789,0.0655691718150575,0.14132101876414,0.163306953745718,0.4260764289693091,0.2579491689615976,0.1151305790402501,0.2614672123544889,0.1784862087636218,0.1707315124244643,0.2537988050625445,0.2065336866254821,0.1681831356990473,0.1782946104087726,0.1880458142224096,0.2219049119649578,0.1395523438348768,0.1692043629574523,0.2114187726778504,0.1567950802152836,0.0,0.3010440588301675,0.1065981247600927,0.2433144366179007,0.1531506338888162,0.178742986213068,0.2032148804660496,0.1216711916702178,0.2918240601528853,0.1634614947384576,0.3031590118810228,0.1572846602231864,0.2132214642092826,0.106078830153524,0.0784599469977165,0.3401818551832727,0.1570261140361681,0.1206830327542047,0.1192762886373598
RE,0.2608660324863335,0.2518947795548751,0.3131775479254138,0.217085720601393,0.2447268599051449,0.288611333390119,0.2716752789231139,0.2204020237128023,0.2393286803480189,0.2452051914297741,0.2318157867434476,0.2329999259859358,0.1910723459957171,0.2271910293819776,0.5734510616761277,0.3383462018931823,0.1820826142714744,0.2982081396170692,0.2876814304052214,0.2413909730604859,0.4194411293700784,0.2952057496307684,0.2678314809948184,0.2694317837948061,0.3229426536874111,0.3098030559604767,0.2411285961341175,0.2237398936324688,0.2070508703623484,0.251404431747755,0.243174225851107,0.1389644715391501,0.2845406717484315,0.2567717750773464,0.2410420954455858,0.2932948479769771,0.3010440588301675,0.0,0.3156156474309937,0.2157543264510109,0.3713926056985572,0.2311443695656094,0.3393847212464493,0.3395670623379141,0.3257976782086312,0.2868926974755749,0.3525735080986013,0.2219418377558822,0.1640744927859482,0.3576427675531566,0.2889871896791535,0.1974368021980793,0.1936624019403016,0.2642936431331801,0.2845787635274716
