ISO_CODE,AE,AF,AM,AZ,BD,BH,BN,BT,CN,GE,HK,ID,IL,IN,IQ,JO,JP,KG,KH,KR,KW,KZ,LA,LB,LK,MM,MN,MO,MV,MY,NP,OM,PH,PK,PS,QA,SA,SG,TH,TJ,TM,TR,TW,UZ,VN,YE
AE,0.0,0.5705517751683247,0.6651141343597173,0.7584522049638994,0.5694860207305458,0.162065679390989,0.5727776476693358,0.6157258535078639,0.4276146622042149,0.6422573555795279,0.6183392248412825,0.7561309972434331,0.5489992435990334,0.4669327444635209,0.5776852529773234,0.5917827806606053,0.6344688711527577,0.6150800279392978,0.748006299342796,0.7333519963245855,0.260529763865875,0.6857039675687583,0.6268285766735023,0.5741205405251715,0.6216696119769878,0.719224488754028,0.7832790506351179,0.5915798749707277,0.4018143744466315,0.6565790591938936,0.5171737529285471,0.1926140610739058,0.6467275440792954,0.4455957191240584,0.580002070525995,0.209125556851447,0.2590339974715827,0.4956986300793635,0.6890441580544322,0.5649728211130538,0.7885850271261895,0.7449780009490117,0.670465337515651,0.7809853307690615,0.743778343356853,0.5930562467826664
AF,0.5705517751683247,0.0,0.7558244781611241,0.7745593973461171,0.7020739094270156,0.5635892870337068,0.7214074564499211,0.7517076612296735,0.5672725230652338,0.7518207524089264,0.7418048477767856,0.803652876738601,0.6580714665382585,0.7139665818948276,0.6119156044460974,0.7183771403065308,0.7434952017071349,0.6475738485511077,0.7519359703027639,0.8152204206790445,0.5834997476356754,0.7156514619553074,0.6846036204273922,0.6687413540581204,0.7835554670852168,0.7610068256064129,0.8699256267907138,0.7268790012259854,0.6203826511030922,0.7419104603242154,0.654434870404406,0.5723088140882675,0.8433249951735852,0.5750039853492572,0.6852865370858404,0.5669863516728665,0.5379012076985468,0.6969403165884531,0.7623514274504929,0.6081513134909133,0.8763312114087503,0.7487736190506689,0.7850476337567912,0.7719688299837519,0.7877435079382576,0.6545764751928632
AM,0.6651141343597173,0.7558244781611241,0.0,0.6832337154460102,0.7789592462791465,0.6132512584548676,0.6559567600776874,0.7040765792220359,0.4619997736176839,0.4390267289392545,0.6937735347850467,0.7390001878022141,0.5875080907490549,0.8164050863972527,0.7057408806621448,0.7227971362712897,0.7001778584041108,0.5257184811638067,0.7597106506101137,0.7686246904616509,0.6519220560156718,0.6277664767312768,0.6307426851444401,0.669127139986665,0.7590487903428571,0.704285496891425,0.6543460560160868,0.6548887077974281,0.5530342293379445,0.7464649249707593,0.6940345789107663,0.6545535261193184,0.7711244407761015,0.7928067469503424,0.7349288013092519,0.6141230073473056,0.6688083387366694,0.5918437821270828,0.7799152105139585,0.5128402335284321,0.8082040707701286,0.7955425278237986,0.744639014180408,0.6745594427832059,0.7959073607845997,0.7592311636906153
AZ,0.7584522049638994,0.7745593973461171,0.6832337154460102,0.0,0.8101159289176343,0.7258042404336384,0.7669210627749737,0.8221642754737439,0.6539628142232587,0.678043582203395,0.8019386107279953,0.8317309941069774,0.720238426460841,0.8749030503974695,0.7318461934369591,0.7634399926266671,0.8060754173299557,0.6879413551096234,0.8482793940613133,0.8589265322438825,0.7352504519694694,0.7434277051967717,0.7487786261188009,0.757278605992336,0.842242813203498,0.8173301295547393,0.7998384626501697,0.7823047758844694,0.6830277861370313,0.8119845851983216,0.8016849612336927,0.7365009227338435,0.8701584771887942,0.7722745691364966,0.7811644980117834,0.7214386425801733,0.7299249707463449,0.7514551119771314,0.8418430144460054,0.6621316218272508,0.8434087608262092,0.5555596284148062,0.833001825844949,0.7861239285071463,0.8414723402816477,0.7857560549004305
BD,0.5694860207305458,0.7020739094270156,0.7789592462791465,0.8101159289176343,0.0,0.4048819582311096,0.7334959027848511,0.6851953182695057,0.592120787890403,0.7569624784776047,0.8085384245293898,0.8366795062352654,0.7641526308836138,0.5539840810764569,0.7862045882560722,0.8085181833128614,0.8140642993097262,0.780522149780277,0.8325897651705148,0.8656475830289286,0.6042459587586719,0.8248735358190972,0.7617087500591913,0.7906436742513805,0.723614439556903,0.7728605359105528,0.8554301949466461,0.760859108498947,0.4850745422053394,0.7913626288590274,0.5396216315079075,0.3329553098142382,0.8626385786334398,0.6326029421021897,0.8083455630933966,0.4934871231281055,0.5776046289230792,0.6880763292396269,0.8504092510368568,0.716476116575357,0.9142473076537632,0.8498684547690851,0.8358489955108971,0.8750558410557386,0.8557919037030697,0.8143076507052622
BH,0.162065679390989,0.5635892870337068,0.6132512584548676,0.7258042404336384,0.4048819582311096,0.0,0.5386420345459303,0.5396734810198147,0.3715590594923597,0.5916211164013139,0.6104425631638775,0.7223368413663385,0.5255024097040425,0.388481641843529,0.565505575824613,0.5915997556031831,0.627413178098355,0.5839822983259864,0.7211488203763625,0.7169417175125143,0.1897498364152327,0.6635923720355226,0.5655915550751369,0.5799152552849061,0.587888242911543,0.6753253976400431,0.7673362984540433,0.572550157120034,0.3096728569629656,0.6406444524623773,0.4257323448682799,0.0621030316511788,0.6449919150689867,0.4446117283847197,0.5914994770859657,0.1252644410839848,0.2074860825155533,0.4578403601925974,0.6823045784367296,0.5126502498552032,0.7670125393791465,0.7371304105733985,0.6620363562375935,0.7656575029266548,0.7420102157336953,0.5998491420446106
BN,0.5727776476693358,0.7214074564499211,0.6559567600776874,0.7669210627749737,0.7334959027848511,0.5386420345459303,0.0,0.696421816535578,0.4369202543574484,0.651218196359289,0.497718820541291,0.5231998599932783,0.5917677139044907,0.7349496233563055,0.7248098350724441,0.7580487415292609,0.5306468525429262,0.5605986935207685,0.7171941191410339,0.640297884258989,0.5542767409602974,0.6099418969881854,0.5501816606693001,0.6883895578606367,0.681895933589846,0.7137291015843168,0.762555939838266,0.4703095059712847,0.5398564034451304,0.27027370114807,0.6743932339698724,0.5728924301793208,0.6248409570780143,0.7212352184355606,0.73203096932643,0.5171813681990066,0.5340972662457573,0.3702834211448365,0.5622744031315183,0.5909388231072925,0.8369979121864257,0.7085448736950741,0.5722921972143891,0.7675777310461598,0.6302473234205637,0.7402206485659808
BT,0.6157258535078639,0.7517076612296735,0.7040765792220359,0.8221642754737439,0.6851953182695057,0.5396734810198147,0.696421816535578,0.0,0.4898886174751635,0.6809914679869187,0.6603767436924015,0.7780975914463228,0.706648860354784,0.5401250051299823,0.7896455389245394,0.8119414928199371,0.7279600458231412,0.7030886353269542,0.7709390150806601,0.7946977557190632,0.6429601467814278,0.763655714092631,0.6532716581005984,0.7757810012965356,0.6472102577788522,0.7074348230529833,0.7556469041786862,0.6420548790509419,0.5403456851587181,0.7539973988933332,0.3331955259626746,0.565405947504508,0.7916801065943393,0.7421327123202823,0.8079368567261307,0.5678300111348162,0.6589790287562451,0.5769629278493725,0.7711547643377605,0.6155531884336074,0.8376787658378548,0.8559470247054191,0.6548634635555529,0.8254415700637379,0.7467791997133302,0.8079569817987233
CN,0.4276146622042149,0.5672725230652338,0.4619997736176839,0.6539628142232587,0.592120787890403,0.3715590594923597,0.4369202543574484,0.4898886174751635,0.0,0.4098703010205723,0.3699447139071883,0.6062985791402535,0.4265697722801399,0.5814063076493718,0.584573678437505,0.632932364241062,0.4613411464983452,0.4630404125207753,0.5782485628355225,0.5964920552047989,0.4361303703233785,0.5547739260915588,0.4000325531780669,0.5494762082148366,0.5735671430651752,0.5149038755971864,0.593397983997503,0.3297762802897391,0.3234710794427404,0.5401203948738568,0.4342585101239242,0.4147502300219928,0.5960112156785515,0.60277153767643,0.6208397002862881,0.3557442685369268,0.4296320800797336,0.2752868904284289,0.5594769976438478,0.4353582931172005,0.7736743196405788,0.686613488556078,0.3996711762481998,0.6761961010659193,0.5629288967835373,0.6391431466990235
GE,0.6422573555795279,0.7518207524089264,0.4390267289392545,0.678043582203395,0.7569624784776047,0.5916211164013139,0.651218196359289,0.6809914679869187,0.4098703010205723,0.0,0.686942362517794,0.7378312793375444,0.5583647571348975,0.7981495899186516,0.7213593622971699,0.7228423597753458,0.7083553957112059,0.6167577562506745,0.716401578959245,0.7752624648974376,0.6362184262453447,0.7078920567360895,0.6099979129101081,0.6894835007590563,0.727157855483651,0.6505876288706793,0.649606927511998,0.6453662102704001,0.5018227379513807,0.750984121540065,0.6592026554802386,0.626728490607352,0.7130811036953075,0.7769970551048951,0.7350027797190825,0.592303012939315,0.6536506161381112,0.5691846682670061,0.7725200361812383,0.5833481114468314,0.8603631481095568,0.7949730830461135,0.7427637225373107,0.7606001587719691,0.8142186012304535,0.7903955432392926
HK,0.6183392248412825,0.7418048477767856,0.6937735347850467,0.8019386107279953,0.8085384245293898,0.6104425631638775,0.497718820541291,0.6603767436924015,0.3699447139071883,0.686942362517794,0.0,0.6933121063525325,0.5604168682744319,0.7657664411240217,0.717307131009215,0.7874712359657356,0.3352356503094919,0.483202184930076,0.6974634512399626,0.4719152133642377,0.5693199154508573,0.4964131210156817,0.4768201715109206,0.6917225339975319,0.6601894110796371,0.7239303866428142,0.7626283276143089,0.1348361832455014,0.6492410270497888,0.5096932388710305,0.6464023076826595,0.6465332074881176,0.6394980109143795,0.8043474323128705,0.7364434987929289,0.5615761101637181,0.5317619818041575,0.3465138953681728,0.3602777307539252,0.6128182917771274,0.8218341162543743,0.670378620293018,0.2140914238956848,0.7412016865467811,0.4351269780361436,0.7197396583097138
ID,0.7561309972434331,0.803652876738601,0.7390001878022141,0.8317309941069774,0.8366795062352654,0.7223368413663385,0.5231998599932783,0.7780975914463228,0.6062985791402535,0.7378312793375444,0.6933121063525325,0.0,0.7128904782452128,0.8561257168939606,0.76757154136781,0.7775831306044514,0.7221019808869871,0.699196366729386,0.7825537572089172,0.717426831992734,0.7148884420211425,0.7657184924586437,0.6854305255808898,0.7643194764321662,0.8134347389250138,0.7708720090087791,0.8369898900258952,0.6796430639402118,0.6772564771932,0.6689292686593226,0.756005375128324,0.7363217481437545,0.8094504652599972,0.8330872439966326,0.7848737714480585,0.7259287148496293,0.7358191627926716,0.6257143509429389,0.7641387230844526,0.7155656479970378,0.8905761029476881,0.8504898607405856,0.7365217212607604,0.8208874941741308,0.7860185125169007,0.789535073706017
IL,0.5489992435990334,0.6580714665382585,0.5875080907490549,0.720238426460841,0.7641526308836138,0.5255024097040425,0.5917677139044907,0.706648860354784,0.4265697722801399,0.5583647571348975,0.5604168682744319,0.7128904782452128,0.0,0.7808793575669433,0.4697151102215414,0.4171096649684519,0.5621131401285926,0.5352957575206667,0.7370884829781326,0.6742832835577044,0.4194910430338987,0.5942034819660198,0.5330079332531155,0.4404710665131105,0.73049695184397,0.7150873996765406,0.7765077500007028,0.5541101302771898,0.5434022367136453,0.6352236027070437,0.6806176730030971,0.5488715664317485,0.7431715258315248,0.7516511638152732,0.2911358047026536,0.4719746622712798,0.4116361683665231,0.529136343401309,0.5830631797597601,0.554786650644867,0.8296089783833424,0.6664154948085974,0.5970001778849344,0.7247960677274566,0.6533272894744921,0.4499843694671178
IN,0.4669327444635209,0.7139665818948276,0.8164050863972527,0.8749030503974695,0.5539840810764569,0.388481641843529,0.7349496233563055,0.5401250051299823,0.5814063076493718,0.7981495899186516,0.7657664411240217,0.8561257168939606,0.7808793575669433,0.0,0.8422552579138776,0.8629356184234381,0.7674154828986715,0.7337947603157685,0.8508604202832944,0.8332469615017647,0.5789749147815073,0.8006589087331324,0.7556421529773723,0.829984451530808,0.6208124771980084,0.8141246278461498,0.8635705191702623,0.7364038356096532,0.5303665954134679,0.7809697021828722,0.3544871816178691,0.3890227187633275,0.8515723735579841,0.6390661289704069,0.8528599299628941,0.4569976976906728,0.5937401938768039,0.6464323865383704,0.792354417443101,0.6890516854775107,0.8485237546173795,0.867709865651516,0.782852057994333,0.872520125363898,0.8251241252963704,0.8507512514191016
IQ,0.5776852529773234,0.6119156044460974,0.7057408806621448,0.7318461934369591,0.7862045882560722,0.565505575824613,0.7248098350724441,0.7896455389245394,0.584573678437505,0.7213593622971699,0.717307131009215,0.76757154136781,0.4697151102215414,0.8422552579138776,0.0,0.4409382805641036,0.7185920471790437,0.6437957702992939,0.8015427153858109,0.8026349095418756,0.4277613033312631,0.6957570857641028,0.6815978355557473,0.4361500168445669,0.8167898125668156,0.7947698938777971,0.8605928787529988,0.7094293283244193,0.621982713289142,0.7404101879627836,0.7597745289528262,0.5895466793464438,0.8435105578355524,0.6560570630245603,0.4034382076688214,0.5408418507935588,0.4703523998013686,0.7045741123527315,0.7558924286557989,0.6328282426742642,0.8866473203650825,0.7314429523075969,0.753235421464884,0.7619690634077587,0.7647903530787836,0.3698101357581779
JO,0.5917827806606053,0.7183771403065308,0.7227971362712897,0.7634399926266671,0.8085181833128614,0.5915997556031831,0.7580487415292609,0.8119414928199371,0.632932364241062,0.7228423597753458,0.7874712359657356,0.7775831306044514,0.4171096649684519,0.8629356184234381,0.4409382805641036,0.0,0.7962793098142013,0.7284982154892616,0.8397458079106155,0.8395242258853912,0.4297332701067403,0.7854622915052405,0.7402730341563224,0.4534301437685339,0.83832178092614,0.799782793044191,0.8604354915390935,0.7569170601815023,0.6513742895274057,0.797919647431751,0.7767280966721039,0.5999574877069389,0.8645959664636734,0.7567644192465742,0.293962220096431,0.5508660552622754,0.4512369334391046,0.7381073037021817,0.8222543555694786,0.686306174633633,0.8802783737784751,0.8012346437015231,0.7984916274891195,0.8216342634403138,0.836509539719142,0.373179032518143
JP,0.6344688711527577,0.7434952017071349,0.7001778584041108,0.8060754173299557,0.8140642993097262,0.627413178098355,0.5306468525429262,0.7279600458231412,0.4613411464983452,0.7083553957112059,0.3352356503094919,0.7221019808869871,0.5621131401285926,0.7674154828986715,0.7185920471790437,0.7962793098142013,0.0,0.4908851067987408,0.7417600463784213,0.3449240360387519,0.5894133326411259,0.517697887540316,0.5008292425869982,0.6840389644740055,0.7231463220369281,0.7621399876911927,0.7942230132737274,0.3819869593291938,0.6539936034074565,0.5678892147703294,0.7093517393916609,0.6580844780664177,0.6666946142607009,0.8185319944021359,0.742519886405767,0.5764704653619435,0.5404486577650243,0.4570034494569239,0.3553153817655248,0.6447634579113776,0.8384139128801391,0.6576767336748229,0.394987266180105,0.7435689957087736,0.4931747784195388,0.7188136714239667
KG,0.6150800279392978,0.6475738485511077,0.5257184811638067,0.6879413551096234,0.780522149780277,0.5839822983259864,0.5605986935207685,0.7030886353269542,0.4630404125207753,0.6167577562506745,0.483202184930076,0.699196366729386,0.5352957575206667,0.7337947603157685,0.6437957702992939,0.7284982154892616,0.4908851067987408,0.0,0.7468627841097658,0.6090312182609079,0.5676943513959736,0.3043068485978232,0.5266544522885588,0.6254585371721979,0.7293899206199032,0.7499783094649218,0.7851964507204714,0.4887504688626605,0.6035555902689143,0.6080167741927672,0.6789704119481141,0.6126056973404418,0.7693927891227064,0.7663964133349292,0.6776269470089645,0.5548907841522841,0.5313900671129537,0.5022587924600517,0.5338201880438942,0.4029194675341436,0.7422661707225074,0.6287706969197961,0.5728127018485931,0.4659399942880075,0.597985816415209,0.6398361102311305
KH,0.748006299342796,0.7519359703027639,0.7597106506101137,0.8482793940613133,0.8325897651705148,0.7211488203763625,0.7171941191410339,0.7709390150806601,0.5782485628355225,0.716401578959245,0.6974634512399626,0.7825537572089172,0.7370884829781326,0.8508604202832944,0.8015427153858109,0.8397458079106155,0.7417600463784213,0.7468627841097658,0.0,0.7796501877453335,0.732378111503979,0.7750824055846557,0.5555234990218695,0.7982560586351892,0.793300918392953,0.6795212211185151,0.8068895745885294,0.681840812665137,0.7107620157714774,0.7446735524496726,0.7354012964296399,0.7438489390133887,0.7411598420918313,0.839303686985423,0.8240872652099351,0.7042362960716873,0.7258151320934011,0.6688198834111978,0.7260651702022733,0.7184510098748855,0.8961405889340719,0.8450737620132729,0.7102238732491968,0.843346523767507,0.7580603782709625,0.8380689807235882
KR,0.7333519963245855,0.8152204206790445,0.7686246904616509,0.8589265322438825,0.8656475830289286,0.7169417175125143,0.640297884258989,0.7946977557190632,0.5964920552047989,0.7752624648974376,0.4719152133642377,0.717426831992734,0.6742832835577044,0.8332469615017647,0.8026349095418756,0.8395242258853912,0.3449240360387519,0.6090312182609079,0.7796501877453335,0.0,0.697985735725092,0.6429019917354364,0.582861639419325,0.7729286006729648,0.7950032355975676,0.7936753896035499,0.8383543888103495,0.5134468737622668,0.7136348941345543,0.6777866812113843,0.7867314240727027,0.7415899578568895,0.7674711698627111,0.8682017879625605,0.806644267118862,0.6847998919982581,0.6645058253844988,0.5656264284597747,0.4716523104528469,0.7314753348061669,0.8679052363609647,0.7486476801904638,0.511630694729857,0.812153075432356,0.60977126843068,0.800034188106978
KW,0.260529763865875,0.5834997476356754,0.6519220560156718,0.7352504519694694,0.6042459587586719,0.1897498364152327,0.5542767409602974,0.6429601467814278,0.4361303703233785,0.6362184262453447,0.5693199154508573,0.7148884420211425,0.4194910430338987,0.5789749147815073,0.4277613033312631,0.4297332701067403,0.5894133326411259,0.5676943513959736,0.732378111503979,0.697985735725092,0.0,0.6283079888363288,0.5582464453842264,0.4597938861282755,0.6605057925182003,0.7090548156876162,0.8067513829084801,0.536293766357607,0.4360721463672801,0.6238602010676451,0.5688071119418792,0.2177965231741784,0.5898458760955805,0.5902781567265742,0.4261672499361867,0.1677450230204006,0.1378882186291733,0.4942361668281199,0.6288632439970138,0.5579591899176086,0.7911171021733152,0.6976894141369442,0.618906185967931,0.7468827647788614,0.6867549497868538,0.4073540454453559
KZ,0.6857039675687583,0.7156514619553074,0.6277664767312768,0.7434277051967717,0.8248735358190972,0.6635923720355226,0.6099418969881854,0.763655714092631,0.5547739260915588,0.7078920567360895,0.4964131210156817,0.7657184924586437,0.5942034819660198,0.8006589087331324,0.6957570857641028,0.7854622915052405,0.517697887540316,0.3043068485978232,0.7750824055846557,0.6429019917354364,0.6283079888363288,0.0,0.5641297193503887,0.6884694890098974,0.7625679193230981,0.8045723853819114,0.8049751636740698,0.5191326454589313,0.7021205981987529,0.6145080299907704,0.7508934376808835,0.6866621947134177,0.7940055262155603,0.8246288839680949,0.7413951307229849,0.6240172667969726,0.5747049685751218,0.548100163600121,0.5185014614134507,0.514711486997676,0.8096833157063109,0.6273484475881047,0.5602732805363447,0.5782632872222658,0.5712672799846912,0.6942366441090297
LA,0.6268285766735023,0.6846036204273922,0.6307426851444401,0.7487786261188009,0.7617087500591913,0.5655915550751369,0.5501816606693001,0.6532716581005984,0.4000325531780669,0.6099979129101081,0.4768201715109206,0.6854305255808898,0.5330079332531155,0.7556421529773723,0.6815978355557473,0.7402730341563224,0.5008292425869982,0.5266544522885588,0.5555234990218695,0.582861639419325,0.5582464453842264,0.5641297193503887,0.0,0.6679674901686619,0.6833224005154314,0.6194867168935141,0.7609592898088763,0.4676903056443542,0.5522786352958149,0.5804280582978896,0.6066881712200496,0.6030233644668135,0.7131300556638398,0.7802616526205177,0.7051256198537721,0.542484090017529,0.5304429361430115,0.4839832637779063,0.3518688889202823,0.5761646739700155,0.8257039367675633,0.6865562946125648,0.5125299034067046,0.7393217734276414,0.5224625917140249,0.7046963238439303
LB,0.5741205405251715,0.6687413540581204,0.669127139986665,0.757278605992336,0.7906436742513805,0.5799152552849061,0.6883895578606367,0.7757810012965356,0.5494762082148366,0.6894835007590563,0.6917225339975319,0.7643194764321662,0.4404710665131105,0.829984451530808,0.4361500168445669,0.4534301437685339,0.6840389644740055,0.6254585371721979,0.7982560586351892,0.7729286006729648,0.4597938861282755,0.6884694890098974,0.6679674901686619,0.0,0.8005055914738577,0.7857404653175073,0.8315365499912384,0.67358028999988,0.6050714659940264,0.7258164262671951,0.748330716853651,0.5947401350653873,0.8024078880723069,0.7438405074574942,0.4236246986604581,0.5267054063309208,0.4776998629181358,0.6505929610035353,0.7255386383770643,0.6345331874441413,0.8581102005003042,0.7326810823883644,0.7234343886797764,0.7537370308445039,0.7626531148164114,0.4723189048802573
LK,0.6216696119769878,0.7835554670852168,0.7590487903428571,0.842242813203498,0.723614439556903,0.587888242911543,0.681895933589846,0.6472102577788522,0.5735671430651752,0.727157855483651,0.6601894110796371,0.8134347389250138,0.73049695184397,0.6208124771980084,0.8167898125668156,0.83832178092614,0.7231463220369281,0.7293899206199032,0.793300918392953,0.7950032355975676,0.6605057925182003,0.7625679193230981,0.6833224005154314,0.8005055914738577,0.0,0.7623631034754915,0.7990705667898055,0.6415778021668415,0.5754917855182555,0.7175358770807521,0.5478682413280398,0.6022096148404823,0.7972115523367757,0.7411238315491528,0.8262224171854826,0.5754510069322075,0.6690588056551671,0.6022238054660277,0.7117202474519495,0.6854495429571568,0.8730520359259485,0.8313760785246972,0.6688730299531576,0.85117100327609,0.7370954093214108,0.8359248332985567
MM,0.719224488754028,0.7610068256064129,0.704285496891425,0.8173301295547393,0.7728605359105528,0.6753253976400431,0.7137291015843168,0.7074348230529833,0.5149038755971864,0.6505876288706793,0.7239303866428142,0.7708720090087791,0.7150873996765406,0.8141246278461498,0.7947698938777971,0.799782793044191,0.7621399876911927,0.7499783094649218,0.6795212211185151,0.7936753896035499,0.7090548156876162,0.8045723853819114,0.6194867168935141,0.7857404653175073,0.7623631034754915,0.0,0.7570000073533096,0.683260147241844,0.6226678843607767,0.7513032176698331,0.6450769349894168,0.6934075466174221,0.7522300971223409,0.7860302712760048,0.809488341869586,0.6732501351256892,0.7310471409934494,0.6180274007108545,0.7626209646592322,0.6993599244251254,0.8908311886073537,0.8744826002283186,0.7421615430545061,0.8367167159559044,0.7929986610218749,0.8305264990742208
MN,0.7832790506351179,0.8699256267907138,0.6543460560160868,0.7998384626501697,0.8554301949466461,0.7673362984540433,0.762555939838266,0.7556469041786862,0.593397983997503,0.649606927511998,0.7626283276143089,0.8369898900258952,0.7765077500007028,0.8635705191702623,0.8605928787529988,0.8604354915390935,0.7942230132737274,0.7851964507204714,0.8068895745885294,0.8383543888103495,0.8067513829084801,0.8049751636740698,0.7609592898088763,0.8315365499912384,0.7990705667898055,0.7570000073533096,0.0,0.7439866842402133,0.6948971103691819,0.825972093788114,0.7633238165336907,0.7912272853457359,0.7696974517839115,0.8561807090765124,0.8615880072565738,0.7654343259339393,0.8224474139953022,0.7016087974416725,0.8498395380849195,0.726824486171362,0.898919868706599,0.889315722339224,0.7740097578026052,0.8628028715295202,0.8630134193229861,0.8968220064483367
MO,0.5915798749707277,0.7268790012259854,0.6548887077974281,0.7823047758844694,0.760859108498947,0.572550157120034,0.4703095059712847,0.6420548790509419,0.3297762802897391,0.6453662102704001,0.1348361832455014,0.6796430639402118,0.5541101302771898,0.7364038356096532,0.7094293283244193,0.7569170601815023,0.3819869593291938,0.4887504688626605,0.681840812665137,0.5134468737622668,0.536293766357607,0.5191326454589313,0.4676903056443542,0.67358028999988,0.6415778021668415,0.683260147241844,0.7439866842402133,0.0,0.5987864006369984,0.5133462231408525,0.6066225220611494,0.6091663941831715,0.5756404790370484,0.7801551433152039,0.7232795105540597,0.5255099914884277,0.5268520883332471,0.346501483391612,0.4000598489164546,0.5892211184980134,0.8092482610643856,0.6900969860234478,0.2479246156019686,0.7335438082249593,0.4593365161488764,0.7158159431410076
MV,0.4018143744466315,0.6203826511030922,0.5530342293379445,0.6830277861370313,0.4850745422053394,0.3096728569629656,0.5398564034451304,0.5403456851587181,0.3234710794427404,0.5018227379513807,0.6492410270497888,0.6772564771932,0.5434022367136453,0.5303665954134679,0.621982713289142,0.6513742895274057,0.6539936034074565,0.6035555902689143,0.7107620157714774,0.7136348941345543,0.4360721463672801,0.7021205981987529,0.5522786352958149,0.6050714659940264,0.5754917855182555,0.6226678843607767,0.6948971103691819,0.5987864006369984,0.0,0.6563706517782786,0.447134456846407,0.3324023015163013,0.7047575699267847,0.5376376903619369,0.658634684520075,0.3352015817280616,0.4439302868189707,0.4606853477249258,0.7108457799859857,0.5331277961591647,0.8331807585007299,0.7512713218285361,0.7087593593765082,0.7689368601796716,0.7602374713262303,0.7020041816633525
MY,0.6565790591938936,0.7419104603242154,0.7464649249707593,0.8119845851983216,0.7913626288590274,0.6406444524623773,0.27027370114807,0.7539973988933332,0.5401203948738568,0.750984121540065,0.5096932388710305,0.6689292686593226,0.6352236027070437,0.7809697021828722,0.7404101879627836,0.797919647431751,0.5678892147703294,0.6080167741927672,0.7446735524496726,0.6777866812113843,0.6238602010676451,0.6145080299907704,0.5804280582978896,0.7258164262671951,0.7175358770807521,0.7513032176698331,0.825972093788114,0.5133462231408525,0.6563706517782786,0.0,0.7116207733670828,0.654590754198897,0.748508391828488,0.77232640323959,0.752751264670198,0.6080729009716892,0.5848681984107368,0.4208071631821624,0.5388213793298525,0.6626201976712212,0.875408982888944,0.7008012471832712,0.5483970665164628,0.782747453340795,0.6007059773344974,0.7501123976076765
NP,0.5171737529285471,0.654434870404406,0.6940345789107663,0.8016849612336927,0.5396216315079075,0.4257323448682799,0.6743932339698724,0.3331955259626746,0.4342585101239242,0.6592026554802386,0.6464023076826595,0.756005375128324,0.6806176730030971,0.3544871816178691,0.7597745289528262,0.7767280966721039,0.7093517393916609,0.6789704119481141,0.7354012964296399,0.7867314240727027,0.5688071119418792,0.7508934376808835,0.6066881712200496,0.748330716853651,0.5478682413280398,0.6450769349894168,0.7633238165336907,0.6066225220611494,0.447134456846407,0.7116207733670828,0.0,0.4409379147251793,0.7908517137205516,0.6273950050951036,0.7826175781151058,0.4490035402125453,0.5732518963813268,0.5539075309039905,0.7319119042974492,0.5723893146024959,0.8329455393061123,0.8336457100974881,0.6249583021778333,0.8121076029483529,0.7179451959730119,0.7853523710145789
OM,0.1926140610739058,0.5723088140882675,0.6545535261193184,0.7365009227338435,0.3329553098142382,0.0621030316511788,0.5728924301793208,0.565405947504508,0.4147502300219928,0.626728490607352,0.6465332074881176,0.7363217481437545,0.5488715664317485,0.3890227187633275,0.5895466793464438,0.5999574877069389,0.6580844780664177,0.6126056973404418,0.7438489390133887,0.7415899578568895,0.2177965231741784,0.6866621947134177,0.6030233644668135,0.5947401350653873,0.6022096148404823,0.6934075466174221,0.7912272853457359,0.6091663941831715,0.3324023015163013,0.654590754198897,0.4409379147251793,0.0,0.7154970854526563,0.4228756483988481,0.6021094276295289,0.1351882967436649,0.2156659881333313,0.5039270023992501,0.7000663316670246,0.5463003023510958,0.7829250085573558,0.7421058156828256,0.6864011951444865,0.7834668425735316,0.7554877667973938,0.6012146744840473
PH,0.6467275440792954,0.8433249951735852,0.7711244407761015,0.8701584771887942,0.8626385786334398,0.6449919150689867,0.6248409570780143,0.7916801065943393,0.5960112156785515,0.7130811036953075,0.6394980109143795,0.8094504652599972,0.7431715258315248,0.8515723735579841,0.8435105578355524,0.8645959664636734,0.6666946142607009,0.7693927891227064,0.7411598420918313,0.7674711698627111,0.5898458760955805,0.7940055262155603,0.7131300556638398,0.8024078880723069,0.7972115523367757,0.7522300971223409,0.7696974517839115,0.5756404790370484,0.7047575699267847,0.748508391828488,0.7908517137205516,0.7154970854526563,0.0,0.8518017554243412,0.8358953695826732,0.5865312262373702,0.6710142381841464,0.5999118831713222,0.7321713694020351,0.778357103339707,0.8349998228684092,0.8533998394088176,0.7179246463351378,0.8632793857860148,0.7899646039453312,0.8571143387959126
PK,0.4455957191240584,0.5750039853492572,0.7928067469503424,0.7722745691364966,0.6326029421021897,0.4446117283847197,0.7212352184355606,0.7421327123202823,0.60277153767643,0.7769970551048951,0.8043474323128705,0.8330872439966326,0.7516511638152732,0.6390661289704069,0.6560570630245603,0.7567644192465742,0.8185319944021359,0.7663964133349292,0.839303686985423,0.8682017879625605,0.5902781567265742,0.8246288839680949,0.7802616526205177,0.7438405074574942,0.7411238315491528,0.7860302712760048,0.8561807090765124,0.7801551433152039,0.5376376903619369,0.77232640323959,0.6273950050951036,0.4228756483988481,0.8518017554243412,0.0,0.7625425600078681,0.5265216440405124,0.4912688995193777,0.7277811163866941,0.841309235432678,0.6902676693764869,0.9176342406185352,0.7706361606549981,0.8314816729940888,0.8689004885033721,0.8687983546274193,0.7659483381025827
PS,0.580002070525995,0.6852865370858404,0.7349288013092519,0.7811644980117834,0.8083455630933966,0.5914994770859657,0.73203096932643,0.8079368567261307,0.6208397002862881,0.7350027797190825,0.7364434987929289,0.7848737714480585,0.2911358047026536,0.8528599299628941,0.4034382076688214,0.293962220096431,0.742519886405767,0.6776269470089645,0.8240872652099351,0.806644267118862,0.4261672499361867,0.7413951307229849,0.7051256198537721,0.4236246986604581,0.8262224171854826,0.809488341869586,0.8615880072565738,0.7232795105540597,0.658634684520075,0.752751264670198,0.7826175781151058,0.6021094276295289,0.8358953695826732,0.7625425600078681,0.0,0.5382059649230428,0.4424905445343718,0.7208288960103701,0.7532222463936088,0.681306450964262,0.8725887319533113,0.7437495255709123,0.7619232968182232,0.7906032484907153,0.7829800345013314,0.3549943439463652
QA,0.209125556851447,0.5669863516728665,0.6141230073473056,0.7214386425801733,0.4934871231281055,0.1252644410839848,0.5171813681990066,0.5678300111348162,0.3557442685369268,0.592303012939315,0.5615761101637181,0.7259287148496293,0.4719746622712798,0.4569976976906728,0.5408418507935588,0.5508660552622754,0.5764704653619435,0.5548907841522841,0.7042362960716873,0.6847998919982581,0.1677450230204006,0.6240172667969726,0.542484090017529,0.5267054063309208,0.5754510069322075,0.6732501351256892,0.7654343259339393,0.5255099914884277,0.3352015817280616,0.6080729009716892,0.4490035402125453,0.1351882967436649,0.5865312262373702,0.5265216440405124,0.5382059649230428,0.0,0.1840843985839755,0.4416567598240136,0.6269790288547541,0.5194184072682626,0.7693569797877423,0.6905184057384391,0.6109068165577628,0.7464080858028259,0.6897909456980691,0.536631848917851
SA,0.2590339974715827,0.5379012076985468,0.6688083387366694,0.7299249707463449,0.5776046289230792,0.2074860825155533,0.5340972662457573,0.6589790287562451,0.4296320800797336,0.6536506161381112,0.5317619818041575,0.7358191627926716,0.4116361683665231,0.5937401938768039,0.4703523998013686,0.4512369334391046,0.5404486577650243,0.5313900671129537,0.7258151320934011,0.6645058253844988,0.1378882186291733,0.5747049685751218,0.5304429361430115,0.4776998629181358,0.6690588056551671,0.7310471409934494,0.8224474139953022,0.5268520883332471,0.4439302868189707,0.5848681984107368,0.5732518963813268,0.2156659881333313,0.6710142381841464,0.4912688995193777,0.4424905445343718,0.1840843985839755,0.0,0.49949086768472,0.5534474956346058,0.5549758760309524,0.8206314470014087,0.6198130730977862,0.5871719156868437,0.7372545169375493,0.6306880338515095,0.3808290886989647
SG,0.4956986300793635,0.6969403165884531,0.5918437821270828,0.7514551119771314,0.6880763292396269,0.4578403601925974,0.3702834211448365,0.5769629278493725,0.2752868904284289,0.5691846682670061,0.3465138953681728,0.6257143509429389,0.529136343401309,0.6464323865383704,0.7045741123527315,0.7381073037021817,0.4570034494569239,0.5022587924600517,0.6688198834111978,0.5656264284597747,0.4942361668281199,0.548100163600121,0.4839832637779063,0.6505929610035353,0.6022238054660277,0.6180274007108545,0.7016087974416725,0.346501483391612,0.4606853477249258,0.4208071631821624,0.5539075309039905,0.5039270023992501,0.5999118831713222,0.7277811163866941,0.7208288960103701,0.4416567598240136,0.49949086768472,0.0,0.5149083364811663,0.5401451897354783,0.8043679471682064,0.7215074057670954,0.4121630841665759,0.728948774707713,0.5787159639485062,0.7256182866206617
TH,0.6890441580544322,0.7623514274504929,0.7799152105139585,0.8418430144460054,0.8504092510368568,0.6823045784367296,0.5622744031315183,0.7711547643377605,0.5594769976438478,0.7725200361812383,0.3602777307539252,0.7641387230844526,0.5830631797597601,0.792354417443101,0.7558924286557989,0.8222543555694786,0.3553153817655248,0.5338201880438942,0.7260651702022733,0.4716523104528469,0.6288632439970138,0.5185014614134507,0.3518688889202823,0.7255386383770643,0.7117202474519495,0.7626209646592322,0.8498395380849195,0.4000598489164546,0.7108457799859857,0.5388213793298525,0.7319119042974492,0.7000663316670246,0.7321713694020351,0.841309235432678,0.7532222463936088,0.6269790288547541,0.5534474956346058,0.5149083364811663,0.0,0.7017591333978097,0.8719818518689495,0.6354142856943207,0.4170566252020935,0.774607540312324,0.4400226761848732,0.7377923810290596
TJ,0.5649728211130538,0.6081513134909133,0.5128402335284321,0.6621316218272508,0.716476116575357,0.5126502498552032,0.5909388231072925,0.6155531884336074,0.4353582931172005,0.5833481114468314,0.6128182917771274,0.7155656479970378,0.554786650644867,0.6890516854775107,0.6328282426742642,0.686306174633633,0.6447634579113776,0.4029194675341436,0.7184510098748855,0.7314753348061669,0.5579591899176086,0.514711486997676,0.5761646739700155,0.6345331874441413,0.6854495429571568,0.6993599244251254,0.726824486171362,0.5892211184980134,0.5331277961591647,0.6626201976712212,0.5723893146024959,0.5463003023510958,0.778357103339707,0.6902676693764869,0.681306450964262,0.5194184072682626,0.5549758760309524,0.5401451897354783,0.7017591333978097,0.0,0.7586196361712172,0.6852195770187105,0.6563072496720681,0.5620122359438576,0.7180631542090379,0.6628581265050928
TM,0.7885850271261895,0.8763312114087503,0.8082040707701286,0.8434087608262092,0.9142473076537632,0.7670125393791465,0.8369979121864257,0.8376787658378548,0.7736743196405788,0.8603631481095568,0.8218341162543743,0.8905761029476881,0.8296089783833424,0.8485237546173795,0.8866473203650825,0.8802783737784751,0.8384139128801391,0.7422661707225074,0.8961405889340719,0.8679052363609647,0.7911171021733152,0.8096833157063109,0.8257039367675633,0.8581102005003042,0.8730520359259485,0.8908311886073537,0.898919868706599,0.8092482610643856,0.8331807585007299,0.875408982888944,0.8329455393061123,0.7829250085573558,0.8349998228684092,0.9176342406185352,0.8725887319533113,0.7693569797877423,0.8206314470014087,0.8043679471682064,0.8719818518689495,0.7586196361712172,0.0,0.8052347449577848,0.8205280881452832,0.8364855852971161,0.8457757235169512,0.8851576417871985
TR,0.7449780009490117,0.7487736190506689,0.7955425278237986,0.5555596284148062,0.8498684547690851,0.7371304105733985,0.7085448736950741,0.8559470247054191,0.686613488556078,0.7949730830461135,0.670378620293018,0.8504898607405856,0.6664154948085974,0.867709865651516,0.7314429523075969,0.8012346437015231,0.6576767336748229,0.6287706969197961,0.8450737620132729,0.7486476801904638,0.6976894141369442,0.6273484475881047,0.6865562946125648,0.7326810823883644,0.8313760785246972,0.8744826002283186,0.889315722339224,0.6900969860234478,0.7512713218285361,0.7008012471832712,0.8336457100974881,0.7421058156828256,0.8533998394088176,0.7706361606549981,0.7437495255709123,0.6905184057384391,0.6198130730977862,0.7215074057670954,0.6354142856943207,0.6852195770187105,0.8052347449577848,0.0,0.7016738450598756,0.7882318068486929,0.683429492357307,0.725517045180962
TW,0.670465337515651,0.7850476337567912,0.744639014180408,0.833001825844949,0.8358489955108971,0.6620363562375935,0.5722921972143891,0.6548634635555529,0.3996711762481998,0.7427637225373107,0.2140914238956848,0.7365217212607604,0.5970001778849344,0.782852057994333,0.753235421464884,0.7984916274891195,0.394987266180105,0.5728127018485931,0.7102238732491968,0.511630694729857,0.618906185967931,0.5602732805363447,0.5125299034067046,0.7234343886797764,0.6688730299531576,0.7421615430545061,0.7740097578026052,0.2479246156019686,0.7087593593765082,0.5483970665164628,0.6249583021778333,0.6864011951444865,0.7179246463351378,0.8314816729940888,0.7619232968182232,0.6109068165577628,0.5871719156868437,0.4121630841665759,0.4170566252020935,0.6563072496720681,0.8205280881452832,0.7016738450598756,0.0,0.7809830612788331,0.4392714239975748,0.756740102644396
UZ,0.7809853307690615,0.7719688299837519,0.6745594427832059,0.7861239285071463,0.8750558410557386,0.7656575029266548,0.7675777310461598,0.8254415700637379,0.6761961010659193,0.7606001587719691,0.7412016865467811,0.8208874941741308,0.7247960677274566,0.872520125363898,0.7619690634077587,0.8216342634403138,0.7435689957087736,0.4659399942880075,0.843346523767507,0.812153075432356,0.7468827647788614,0.5782632872222658,0.7393217734276414,0.7537370308445039,0.85117100327609,0.8367167159559044,0.8628028715295202,0.7335438082249593,0.7689368601796716,0.782747453340795,0.8121076029483529,0.7834668425735316,0.8632793857860148,0.8689004885033721,0.7906032484907153,0.7464080858028259,0.7372545169375493,0.728948774707713,0.774607540312324,0.5620122359438576,0.8364855852971161,0.7882318068486929,0.7809830612788331,0.0,0.7894840997397206,0.7540777792457789
VN,0.743778343356853,0.7877435079382576,0.7959073607845997,0.8414723402816477,0.8557919037030697,0.7420102157336953,0.6302473234205637,0.7467791997133302,0.5629288967835373,0.8142186012304535,0.4351269780361436,0.7860185125169007,0.6533272894744921,0.8251241252963704,0.7647903530787836,0.836509539719142,0.4931747784195388,0.597985816415209,0.7580603782709625,0.60977126843068,0.6867549497868538,0.5712672799846912,0.5224625917140249,0.7626531148164114,0.7370954093214108,0.7929986610218749,0.8630134193229861,0.4593365161488764,0.7602374713262303,0.6007059773344974,0.7179451959730119,0.7554877667973938,0.7899646039453312,0.8687983546274193,0.7829800345013314,0.6897909456980691,0.6306880338515095,0.5787159639485062,0.4400226761848732,0.7180631542090379,0.8457757235169512,0.683429492357307,0.4392714239975748,0.7894840997397206,0.0,0.7628265086206161
YE,0.5930562467826664,0.6545764751928632,0.7592311636906153,0.7857560549004305,0.8143076507052622,0.5998491420446106,0.7402206485659808,0.8079569817987233,0.6391431466990235,0.7903955432392926,0.7197396583097138,0.789535073706017,0.4499843694671178,0.8507512514191016,0.3698101357581779,0.373179032518143,0.7188136714239667,0.6398361102311305,0.8380689807235882,0.800034188106978,0.4073540454453559,0.6942366441090297,0.7046963238439303,0.4723189048802573,0.8359248332985567,0.8305264990742208,0.8968220064483367,0.7158159431410076,0.7020041816633525,0.7501123976076765,0.7853523710145789,0.6012146744840473,0.8571143387959126,0.7659483381025827,0.3549943439463652,0.536631848917851,0.3808290886989647,0.7256182866206617,0.7377923810290596,0.6628581265050928,0.8851576417871985,0.725517045180962,0.756740102644396,0.7540777792457789,0.7628265086206161,0.0
