ISO_CODE,AG,AI,AR,AW,BB,BM,BO,BQ,BR,BS,BZ,CA,CL,CO,CR,CW,DM,DO,EC,GD,GF,GL,GP,GT,GY,HN,HT,JM,KN,KY,LC,MQ,MS,MX,NI,PA,PE,PM,PR,PY,SR,SV,SX,TC,TT,US,UY,VC,VE,VG,VI
AG,0.0,0.3553081135200275,0.4281876873471928,0.3707218505398684,0.1657029530576121,0.3567408032617726,0.3662366618216423,0.4195540836582627,0.4085029730124794,0.2558417148256789,0.2322307133381465,0.3221125077749804,0.3570589901812847,0.4017065411195302,0.3879644127500419,0.2834213177582217,0.2713854875363076,0.3909719994196536,0.3551851711133805,0.2009036221641875,0.306253699414009,0.3396958243729753,0.2983942058281577,0.3622905681524389,0.2027218589829319,0.3889647590059593,0.3703721257309869,0.2281709276502768,0.2138359798897444,0.2918933518240589,0.1748155430119193,0.3081430877845177,0.4599885603806629,0.3594862022577865,0.367263880940289,0.3621876836352962,0.376960593974988,0.5855105846800646,0.3432422637970065,0.3943083237765201,0.2731264302682672,0.3518535201231854,0.2750125364769951,0.3407052481754438,0.1942768611019876,0.2905784457110525,0.3863202333786881,0.2014840903693311,0.4138172822713428,0.3845270064546444,0.3742013972158722
AI,0.3553081135200275,0.0,0.4616975488035366,0.4141198759878358,0.3573438377810047,0.3903976869076896,0.4039725111565977,0.4167296040984298,0.426517759093498,0.388553924382361,0.3500298029750903,0.3993135182241965,0.4003435556803945,0.4342324412933848,0.4119301573203935,0.3624126578599846,0.3847204377842782,0.4339682749993609,0.4116869312476681,0.3481811416495677,0.3339034670626414,0.4032127164328443,0.3491419545353733,0.401639871818952,0.3616786911929731,0.4276571396352377,0.4359107788049672,0.420717039432849,0.4173804259340103,0.3552697101910682,0.3574369090479757,0.359153469818491,0.5721186978166143,0.403434673624523,0.4060630677708481,0.4045113266554228,0.4095581025317141,0.5741404612774417,0.3923626668203733,0.4244622981392165,0.3669218682150017,0.4021564622091318,0.3220015619799665,0.3894115105933881,0.3571022266911582,0.3856035476767339,0.4066962122749333,0.3554367324815664,0.4428675982161001,0.4180686685473547,0.3704981938056518
AR,0.4281876873471928,0.4616975488035366,0.0,0.3353503486422119,0.3712996427274195,0.4922630278036229,0.1101100809034001,0.4371709235878604,0.2708578300412666,0.3889622899262237,0.255166759750379,0.3791421611595035,0.1445813231724675,0.1644763447640151,0.1843877259731023,0.2667561767095734,0.4645111237170349,0.2140865223746135,0.1415474793807043,0.4228840156360897,0.2661230885440542,0.4091523390562316,0.3093766604652024,0.147668716622902,0.3659393454678481,0.1581237104948069,0.292293729478964,0.4389974534694203,0.5513837363477069,0.4304010137711064,0.4146783952843269,0.3198872895655897,0.6830766712302575,0.1564131678104215,0.1576021416039745,0.1561208125191426,0.1583341672695636,0.5831879722237828,0.1891958591017384,0.1147539078318712,0.2747130635406105,0.1518024597096563,0.4020858425419316,0.4658063855982258,0.3490294516691793,0.3604331525407406,0.1109432447173346,0.3940656398881406,0.1685885530131323,0.5265387133850488,0.4703187746673246
AW,0.3707218505398684,0.4141198759878358,0.3353503486422119,0.0,0.3065230373730954,0.3832010970282289,0.2729264322836301,0.3797161819835454,0.3279029747136641,0.3093929648121374,0.2615551142718506,0.3015972291702902,0.2743709982298019,0.2989899353191232,0.2955337465847685,0.2065647318219121,0.4133450198753502,0.2805216389245037,0.2718380323903199,0.3437545294805055,0.2678525029514578,0.3849528873851868,0.2943246809857114,0.2812381428084465,0.3148212305076745,0.3011729201553105,0.3542186523303295,0.3752311406966313,0.4626978216073644,0.3365165809373935,0.3478461365212313,0.2914275411006366,0.5992278956058013,0.2755772684495792,0.2668823649517,0.2713477089006919,0.2834134784951195,0.6023479669434412,0.2465610319874995,0.3065762655462336,0.2664249691726068,0.272039139786419,0.315215724826563,0.4244810129232979,0.2881617655250272,0.2819505287916002,0.2901186735365695,0.3380436158082132,0.2984607387095865,0.4657724915995194,0.3641565019724834
BB,0.1657029530576121,0.3573438377810047,0.3712996427274195,0.3065230373730954,0.0,0.3081014359838319,0.2975476929116554,0.3967891549284333,0.334956282892026,0.2046610618393964,0.1824412544610016,0.2364926685419361,0.2887679423994034,0.3334765902049321,0.312062070149564,0.2025224378801222,0.2536513542009271,0.3448042028732784,0.2896363645601901,0.1423667046718995,0.2337892565718868,0.2809507675092959,0.2204426332913953,0.2923627847110336,0.1134583486320167,0.3121358952671468,0.3132755004682082,0.1314448425958518,0.321104254668495,0.2397329568547692,0.1304697308666529,0.2111242597688122,0.4586828554353727,0.2833336311454761,0.3049573948725961,0.2890426874076237,0.3111297464406781,0.572333979433512,0.2798028171091151,0.3306797845180806,0.1954098212056338,0.2834482994097649,0.2536918987128552,0.3296208642423273,0.0923034461164913,0.2189143360401448,0.3064298452451074,0.1399404075657779,0.357238364470932,0.3901986201826062,0.3443672308391081
BM,0.3567408032617726,0.3903976869076896,0.4922630278036229,0.3832010970282289,0.3081014359838319,0.0,0.4492313303929067,0.4417997569137495,0.4607687864491663,0.3229687331763226,0.3364936734850339,0.33744044941425,0.430998916977021,0.4846203215285751,0.4399102698780009,0.3042959758210716,0.4146117398429634,0.472756221392563,0.4419640775142359,0.3155791962388168,0.3689672149146055,0.3950253023228864,0.3567666677627534,0.4492430132069419,0.3497575423174308,0.4662838713915949,0.4775244451001008,0.3784896897372454,0.3960976121184071,0.2857484530402794,0.3502403057977413,0.3532585300381695,0.6039819593152731,0.4288397205297642,0.4551625492912681,0.4452603509800628,0.4584751822414914,0.6026192007037873,0.3986995355023338,0.4677011643892166,0.3783605447593048,0.4374802157786649,0.3258745072757802,0.4028365728923512,0.3091986317119783,0.3383693201662723,0.4428857941509365,0.3610080367617165,0.5044393862284484,0.3906245020389639,0.3292222647805302
BO,0.3662366618216423,0.4039725111565977,0.1101100809034001,0.2729264322836301,0.2975476929116554,0.4492313303929067,0.0,0.3897618104853128,0.1924617429725997,0.3453493169204368,0.1723963012115081,0.329477252594534,0.0834523472130002,0.0682383168933977,0.1221260695386232,0.1924204742766194,0.3994957428161538,0.1319989885495993,0.0654111549504558,0.3554109355083226,0.1935324831452849,0.3513904951167961,0.2555200762988893,0.0495317148192731,0.2872154726790709,0.0673910758444721,0.1919322932446923,0.3580902776282377,0.5075133377420875,0.3788496298297925,0.3431068293633981,0.2716499334596648,0.6531874253475844,0.0687239257733383,0.0594029495600132,0.0626832382466624,0.0645869300664594,0.5675557904613087,0.15406756042463,0.0821200051444412,0.2020438878594641,0.0604928216654416,0.3413357241743011,0.4163932590190365,0.2763219520387023,0.2952748208445902,0.0939802541409122,0.3245901321631105,0.0717577123284083,0.4942092770609216,0.4229646210236587
BQ,0.4195540836582627,0.4167296040984298,0.4371709235878604,0.3797161819835454,0.3967891549284333,0.4417997569137495,0.3897618104853128,0.0,0.4260124673683444,0.4434697949645159,0.3762270069151832,0.4559312144144232,0.3885938396718102,0.3998767982272915,0.3849485043155694,0.3301401018791139,0.4261029645885958,0.4145322347959437,0.3850073582397406,0.3791982550630717,0.38249329842359,0.3791331059129718,0.4206233394217955,0.3926715079465641,0.4374149174832764,0.4033238223568545,0.455217372882492,0.4383989981168739,0.4958781876812217,0.3826826210715249,0.3905026635358362,0.4209931100488793,0.6676387436042812,0.3818747387142527,0.3861877049737046,0.405521820493792,0.384597208599257,0.6119830493047291,0.3889140064554536,0.3981218218422592,0.3786697264333405,0.3851333354748862,0.3613206778276737,0.3928761756842488,0.3992606040882724,0.4395487717369581,0.3935690445335005,0.4254812274345697,0.4164609077802127,0.5041608029855239,0.433042646418357
BR,0.4085029730124794,0.426517759093498,0.2708578300412666,0.3279029747136641,0.334956282892026,0.4607687864491663,0.1924617429725997,0.4260124673683444,0.0,0.370897918319897,0.2463979589765073,0.3566809015850367,0.2143023026431014,0.1912652124654851,0.2279919596871209,0.2551804131971931,0.4250299203352681,0.2422868573889859,0.2021194413420362,0.3809420895662463,0.1965073975691522,0.398640895174843,0.262277647870347,0.1873503808192189,0.3187110034945654,0.2183464850104002,0.23052865886431,0.3881399937362527,0.5347922057919445,0.4214416435072539,0.3876016475922723,0.2743701805445384,0.6379137771820634,0.2111070213646537,0.1989948669871617,0.1812373591805742,0.1934556647253841,0.5856398982339467,0.2567480173957004,0.2287897776400772,0.2435297413030559,0.1932694022869037,0.3771955204206894,0.4526016034480152,0.3136495676774016,0.3317136234541659,0.2009635191984677,0.3697698492599339,0.2145820423512958,0.5227664208870586,0.4635033389478826
BS,0.2558417148256789,0.388553924382361,0.3889622899262237,0.3093929648121374,0.2046610618393964,0.3229687331763226,0.3453493169204368,0.4434697949645159,0.370897918319897,0.0,0.1799418799349099,0.2175847828251313,0.3341084397712638,0.3894511277525341,0.3592187783477838,0.2108127314792851,0.3649309840939627,0.3038832056393163,0.3323209206348514,0.2448633017420591,0.268636289214333,0.3774455637071477,0.25152152437434,0.3425927888152452,0.2380592676719104,0.362763551958436,0.3773789745796375,0.2702680410893583,0.3574739052475062,0.2469815279357482,0.2818521873514792,0.2588945498825474,0.4592819827432587,0.3242828861079707,0.3486695965262434,0.3337593789640664,0.3602697045230552,0.5895970485037009,0.2495594713871418,0.3714854520480681,0.2319209408087708,0.3346891188672258,0.2444203734021734,0.3489246228360758,0.175209595532003,0.1565096430063799,0.3352419966866546,0.2499102882043928,0.3995139055225749,0.3592744239708767,0.291146221374061
BZ,0.2322307133381465,0.3500298029750903,0.255166759750379,0.2615551142718506,0.1824412544610016,0.3364936734850339,0.1723963012115081,0.3762270069151832,0.2463979589765073,0.1799418799349099,0.0,0.2330433003283187,0.1922769189203711,0.199899485834222,0.2182314523774664,0.1456523444941864,0.3103653410837481,0.1960298910788146,0.1797890934052378,0.2389781275862383,0.1775254694813224,0.2939171848996535,0.2036031444481886,0.1560428413098462,0.190427928413841,0.1674937754994225,0.197941080210842,0.2578733936445077,0.3476610486304026,0.2590998449454342,0.2393984943354394,0.2174997705957092,0.5241897666054409,0.1791209242757456,0.1686873316061266,0.1450781321998834,0.188938821166263,0.5676298466429726,0.1897468034648147,0.2218695642397044,0.13832046670302,0.1534878437320941,0.2470614153616228,0.3420460822848089,0.1434241357683575,0.1931657978578258,0.2001724179483358,0.2120277474575963,0.2150403230287458,0.4080395706167103,0.3090602771723276
CA,0.3221125077749804,0.3993135182241965,0.3791421611595035,0.3015972291702902,0.2364926685419361,0.33744044941425,0.329477252594534,0.4559312144144232,0.3566809015850367,0.2175847828251313,0.2330433003283187,0.0,0.2896507817163176,0.3737877932091984,0.3312878541583461,0.2248007364661565,0.4066074265503145,0.3271958554543823,0.3204280622946942,0.3059620324251837,0.2711507403967961,0.3508252023964628,0.2573285158540489,0.3232824403398163,0.255023869584613,0.3537917411764442,0.400400056098339,0.3339159402615099,0.3928111560280669,0.2881845981221107,0.3401506923510942,0.2554945298331819,0.5185111744310871,0.2977254702541605,0.333582416918651,0.3191724256601507,0.3366496462192031,0.5276485581404802,0.2429211364640475,0.3529449451165386,0.2472873023488023,0.3229749250642384,0.3056627497195923,0.4176904127773809,0.1932991201148667,0.104045096301433,0.324054454570122,0.3133902854468324,0.3872602049734585,0.4115081063994891,0.3289687333773149
CL,0.3570589901812847,0.4003435556803945,0.1445813231724675,0.2743709982298019,0.2887679423994034,0.430998916977021,0.0834523472130002,0.3885938396718102,0.2143023026431014,0.3341084397712638,0.1922769189203711,0.2896507817163176,0.0,0.1073468479409199,0.1452732013541922,0.1966136493275483,0.4042235209043848,0.1497396304723615,0.0977066885031208,0.3484585991786026,0.194798348673118,0.3458624399090014,0.2408603232009216,0.1014943986425613,0.2876532343339215,0.1211609925160677,0.225847257537667,0.3469614384642006,0.4830943644386973,0.3663335955957623,0.3366795293619284,0.2487434185191358,0.6276696066933108,0.103422738442251,0.0998295913771547,0.0846036964542829,0.0994139116845436,0.5743667836102823,0.1622281160355266,0.124839446533479,0.2108166312905472,0.1080965909367023,0.3332347363062395,0.4191843869278375,0.2638435001040655,0.2712257818107226,0.1164943521520966,0.3329301242646435,0.118067360317604,0.4902931213981196,0.414088068623518
CO,0.4017065411195302,0.4342324412933848,0.1644763447640151,0.2989899353191232,0.3334765902049321,0.4846203215285751,0.0682383168933977,0.3998767982272915,0.1912652124654851,0.3894511277525341,0.199899485834222,0.3737877932091984,0.1073468479409199,0.0,0.1406690119769316,0.2135854984053076,0.4161153150196077,0.1316922783203004,0.0845540204674926,0.387273836247006,0.2048298949560267,0.3737735422960847,0.2773052591907184,0.0647390605639931,0.3172249015117615,0.0795687543790075,0.1812242877152404,0.3792917600516985,0.5466686212528455,0.4198124576348035,0.3581316010983979,0.2995359672415778,0.683698518646677,0.0984235466713818,0.076815593398096,0.057120518518364,0.0865207313574204,0.5926243607235275,0.1941672784761805,0.1226614355413706,0.2245629520533874,0.0906685302931573,0.3763122916259951,0.4351270892834395,0.3222712676058827,0.3413105403992991,0.1216371271778318,0.3631934759444818,0.0665916678708564,0.5375880859788259,0.4650593683126949
CR,0.3879644127500419,0.4119301573203935,0.1843877259731023,0.2955337465847685,0.312062070149564,0.4399102698780009,0.1221260695386232,0.3849485043155694,0.2279919596871209,0.3592187783477838,0.2182314523774664,0.3312878541583461,0.1452732013541922,0.1406690119769316,0.0,0.2264455598797692,0.4236984595173556,0.1875335326003429,0.1285924328355523,0.3689982844152843,0.2375020183738484,0.36732900672068,0.2803445734665883,0.1138046461568396,0.3394769436045828,0.1330235328225941,0.277373999941488,0.3710028746373248,0.5068687122809818,0.3615254977983945,0.3680294377632729,0.2891485624594276,0.6310953151396401,0.1331788683493084,0.1180496252031184,0.1298146987279351,0.1489392523851439,0.5708973173797864,0.1630284583206185,0.1491001744300192,0.2410505288274578,0.1176463185040264,0.3544379101295527,0.4213975979158586,0.2966326091754472,0.3028898038542859,0.1445532204214081,0.3556344017779115,0.1554601248321125,0.5020996715048023,0.408051491111427
CW,0.2834213177582217,0.3624126578599846,0.2667561767095734,0.2065647318219121,0.2025224378801222,0.3042959758210716,0.1924204742766194,0.3301401018791139,0.2551804131971931,0.2108127314792851,0.1456523444941864,0.2248007364661565,0.1966136493275483,0.2135854984053076,0.2264455598797692,0.0,0.3630464231350273,0.193328578174552,0.1819949486440784,0.255559543278909,0.1795694382836922,0.2943978562717902,0.1976350785776022,0.1905122528993112,0.2347734032759397,0.2077684946741631,0.2713264693997701,0.2536227061743468,0.3952713408673467,0.2472183145741846,0.2702776116962284,0.1955024288887918,0.5548756562435148,0.1939883373269935,0.1803568788033132,0.1676777467773644,0.2036887949604041,0.5496014629067605,0.1821403936428336,0.2310060156279073,0.1896260307670769,0.1938275333344676,0.2519986918512436,0.3685690530508245,0.1856180611377873,0.2029362767733541,0.2128964562438827,0.2545971884002806,0.2099234998704402,0.3982612487362529,0.3087433546308584
DM,0.2713854875363076,0.3847204377842782,0.4645111237170349,0.4133450198753502,0.2536513542009271,0.4146117398429634,0.3994957428161538,0.4261029645885958,0.4250299203352681,0.3649309840939627,0.3103653410837481,0.4066074265503145,0.4042235209043848,0.4161153150196077,0.4236984595173556,0.3630464231350273,0.0,0.4409540568225059,0.3964320877725145,0.2413380526683491,0.3283577401641417,0.3506908448663188,0.3424237700162171,0.3875779725793676,0.2628240897370455,0.4106899593853854,0.363962718560415,0.3074120712125002,0.3921363446348973,0.3593106653916846,0.2304893492102311,0.3495782854478539,0.5350725531904363,0.4017397258996531,0.395089708483484,0.4013174735403199,0.4084318952644173,0.5914477245211748,0.4199350683079338,0.4292925108176901,0.3058594936377696,0.3808524352237354,0.3234931759615116,0.357369040435366,0.2758792797324025,0.377466715901725,0.4200687062874151,0.2479658714798098,0.4349721652999925,0.4385805652741985,0.4098771637611486
DO,0.3909719994196536,0.4339682749993609,0.2140865223746135,0.2805216389245037,0.3448042028732784,0.472756221392563,0.1319989885495993,0.4145322347959437,0.2422868573889859,0.3038832056393163,0.1960298910788146,0.3271958554543823,0.1497396304723615,0.1316922783203004,0.1875335326003429,0.193328578174552,0.4409540568225059,0.0,0.1260299957908648,0.3903137798229293,0.2517653292729447,0.4374475969319733,0.3076761442116049,0.1358925510525535,0.3188644576941201,0.138139857822112,0.2764400359914188,0.4123657146750232,0.5202619249288529,0.4039811176760834,0.4011944772376525,0.3188309183530868,0.6064569566297223,0.1438926406980495,0.0961569951736545,0.0995000301671107,0.1521708454799453,0.6210130199452595,0.1017143115082941,0.1746257186847128,0.2469613090796794,0.1466733011324112,0.3271732453048197,0.4228428510782969,0.3091409597788963,0.2443568376214371,0.1654955949543588,0.3733468971524163,0.0840895005433859,0.4936278454488741,0.386449042491698
EC,0.3551851711133805,0.4116869312476681,0.1415474793807043,0.2718380323903199,0.2896363645601901,0.4419640775142359,0.0654111549504558,0.3850073582397406,0.2021194413420362,0.3323209206348514,0.1797890934052378,0.3204280622946942,0.0977066885031208,0.0845540204674926,0.1285924328355523,0.1819949486440784,0.3964320877725145,0.1260299957908648,0.0,0.3511379383577835,0.1985315827814169,0.3448181303660884,0.2611695556102351,0.0708316772989263,0.2897476051827675,0.0850606202530552,0.2108901847024743,0.3538727339728289,0.4941925017688081,0.3710356601936285,0.334570475127948,0.2694082063854608,0.6414774481802494,0.0871458661732482,0.0680591464755869,0.0733666859202071,0.0912707738050515,0.5676395733376061,0.1514547005294038,0.1110148406036033,0.1933966480460899,0.0777917189128241,0.3362240890539425,0.4105174858057074,0.2600561863016621,0.273193531995797,0.1124920962541269,0.3315012059887661,0.0848042984962753,0.4982307674138233,0.4181586285318702
GD,0.2009036221641875,0.3481811416495677,0.4228840156360897,0.3437545294805055,0.1423667046718995,0.3155791962388168,0.3554109355083226,0.3791982550630717,0.3809420895662463,0.2448633017420591,0.2389781275862383,0.3059620324251837,0.3484585991786026,0.387273836247006,0.3689982844152843,0.255559543278909,0.2413380526683491,0.3903137798229293,0.3511379383577835,0.0,0.265462385054715,0.2922973086830011,0.2818621661449448,0.3527460309797749,0.173043704124721,0.3762059810754841,0.3551193077224328,0.1965498237759778,0.3146446735728579,0.2651580971315752,0.1482515711408076,0.2705081900473087,0.4816105273569097,0.3420688329380567,0.3513166522874262,0.3495000434470601,0.361931598937917,0.5816006803589572,0.3428776811362859,0.3897045999492667,0.2417819358296113,0.3399823395102201,0.2448615698593932,0.3262030981638887,0.1607036510468826,0.2835466419157049,0.3668361044534076,0.1426267047957268,0.4011011270628417,0.3646510255290884,0.3440474191505479
GF,0.306253699414009,0.3339034670626414,0.2661230885440542,0.2678525029514578,0.2337892565718868,0.3689672149146055,0.1935324831452849,0.38249329842359,0.1965073975691522,0.268636289214333,0.1775254694813224,0.2711507403967961,0.194798348673118,0.2048298949560267,0.2375020183738484,0.1795694382836922,0.3283577401641417,0.2517653292729447,0.1985315827814169,0.265462385054715,0.0,0.297114100748129,0.0973011241196135,0.1858809213279972,0.2344786526140033,0.2172558617736304,0.1817467815060727,0.2798269825763928,0.4366004979983572,0.3069721914646832,0.2638921004288664,0.1070567860280744,0.5721477502236793,0.1999869316226887,0.2020511713558723,0.1764793159371471,0.1892259960765766,0.4942148011909162,0.2407123466711396,0.2363734101744841,0.1612768898845386,0.1910943881044045,0.2728100219605647,0.3482599776595068,0.2124020898765259,0.2637007412560397,0.2082791621742213,0.253819114191873,0.2258259823210426,0.4295618911442311,0.3673700921408289
GL,0.3396958243729753,0.4032127164328443,0.4091523390562316,0.3849528873851868,0.2809507675092959,0.3950253023228864,0.3513904951167961,0.3791331059129718,0.398640895174843,0.3774455637071477,0.2939171848996535,0.3508252023964628,0.3458624399090014,0.3737735422960847,0.36732900672068,0.2943978562717902,0.3506908448663188,0.4374475969319733,0.3448181303660884,0.2922973086830011,0.297114100748129,0.0,0.3336048609366179,0.3348868127220219,0.3412941544426513,0.3568611934229427,0.3663344866587723,0.3399987552123387,0.4485712170226903,0.3451918273041469,0.2638823656591342,0.3326260189854712,0.6495974195695035,0.3589526068884305,0.3478923205924067,0.3548747674966095,0.3677782444132547,0.5624398620775215,0.3954770763142787,0.3792885777156923,0.2805794574628522,0.3365928753418551,0.3594409774650647,0.373104453264324,0.2753967587283683,0.3665931318322908,0.3672571206228547,0.3211894742751524,0.4054175054132867,0.4824742769420901,0.4392605829629696
GP,0.2983942058281577,0.3491419545353733,0.3093766604652024,0.2943246809857114,0.2204426332913953,0.3567666677627534,0.2555200762988893,0.4206233394217955,0.262277647870347,0.25152152437434,0.2036031444481886,0.2573285158540489,0.2408603232009216,0.2773052591907184,0.2803445734665883,0.1976350785776022,0.3424237700162171,0.3076761442116049,0.2611695556102351,0.2818621661449448,0.0973011241196135,0.3336048609366179,0.0,0.2542221408105174,0.241370402175055,0.2846641294873717,0.2444485377812373,0.2733979063856813,0.4069377493722297,0.3016301663575276,0.2937806340888034,0.0561977210351285,0.5423616033352486,0.2423936688980774,0.2692009489751827,0.2455054576084602,0.2497228036462278,0.4722658207341035,0.2667920853835472,0.2933743803550548,0.2000447314242975,0.2508039466472649,0.2902500877549874,0.3841112519734598,0.2160817444370832,0.2740215650972569,0.2616508279648732,0.282842869178485,0.304062408999712,0.4434333094877387,0.373777192940664
GT,0.3622905681524389,0.401639871818952,0.147668716622902,0.2812381428084465,0.2923627847110336,0.4492430132069419,0.0495317148192731,0.3926715079465641,0.1873503808192189,0.3425927888152452,0.1560428413098462,0.3232824403398163,0.1014943986425613,0.0647390605639931,0.1138046461568396,0.1905122528993112,0.3875779725793676,0.1358925510525535,0.0708316772989263,0.3527460309797749,0.1858809213279972,0.3348868127220219,0.2542221408105174,0.0,0.287485441553329,0.0500758043547946,0.1730186927177075,0.3485832187066631,0.5031616732922273,0.3718160781561533,0.3346254275217499,0.2713176563333127,0.6445139001645309,0.0707316951548697,0.0534941721173316,0.0560533750562816,0.0802428241002877,0.5588501546980155,0.1616371682829221,0.0994837612132985,0.1818485475227793,0.046286185721666,0.3442016176869662,0.4039214080132636,0.2625531149473576,0.288461926945023,0.1087074042732046,0.3158099424566347,0.081234106808085,0.5057301476085142,0.4265153329845491
GY,0.2027218589829319,0.3616786911929731,0.3659393454678481,0.3148212305076745,0.1134583486320167,0.3497575423174308,0.2872154726790709,0.4374149174832764,0.3187110034945654,0.2380592676719104,0.190427928413841,0.255023869584613,0.2876532343339215,0.3172249015117615,0.3394769436045828,0.2347734032759397,0.2628240897370455,0.3188644576941201,0.2897476051827675,0.173043704124721,0.2344786526140033,0.3412941544426513,0.241370402175055,0.287485441553329,0.0,0.3094422969310723,0.280843191841071,0.1880776558053228,0.3226882354179659,0.3013424006841414,0.154771090571316,0.2303512564190846,0.4442335710754908,0.2802891276858883,0.2902486399424537,0.2757842717097839,0.2911772206701324,0.6022878736148516,0.2931698114288468,0.3336080211990879,0.1937974722249877,0.2819294092786377,0.2691523767409798,0.3800714292893545,0.1009842586546708,0.2347743899943248,0.308937790737591,0.166045715300952,0.3266037642146711,0.3954861105862197,0.3609324318438875
HN,0.3889647590059593,0.4276571396352377,0.1581237104948069,0.3011729201553105,0.3121358952671468,0.4662838713915949,0.0673910758444721,0.4033238223568545,0.2183464850104002,0.362763551958436,0.1674937754994225,0.3537917411764442,0.1211609925160677,0.0795687543790075,0.1330235328225941,0.2077684946741631,0.4106899593853854,0.138139857822112,0.0850606202530552,0.3762059810754841,0.2172558617736304,0.3568611934229427,0.2846641294873717,0.0500758043547946,0.3094422969310723,0.0,0.1945078276707231,0.3685434740724251,0.5179019487654382,0.3876223305867852,0.3543501737786804,0.3052231514540057,0.655867708693458,0.0917596173742465,0.0623209697960596,0.0711762954489487,0.0940189360628043,0.5876869208921525,0.1775878338845244,0.1120169952104273,0.1870246052799029,0.066091365382105,0.3605774540232977,0.4240277828725241,0.2943302977247324,0.3178301913097763,0.1274767255516951,0.3357770788719258,0.0868044296609598,0.5307148369634481,0.4432701757700505
HT,0.3703721257309869,0.4359107788049672,0.292293729478964,0.3542186523303295,0.3132755004682082,0.4775244451001008,0.1919322932446923,0.455217372882492,0.23052865886431,0.3773789745796375,0.197941080210842,0.400400056098339,0.225847257537667,0.1812242877152404,0.277373999941488,0.2713264693997701,0.363962718560415,0.2764400359914188,0.2108901847024743,0.3551193077224328,0.1817467815060727,0.3663344866587723,0.2444485377812373,0.1730186927177075,0.280843191841071,0.1945078276707231,0.0,0.3265909895883599,0.5226390349139707,0.421117111807662,0.3233157251576901,0.2785189951217306,0.659406179720234,0.2189843420710215,0.1969540075924831,0.1680857347787914,0.1902478100992318,0.5938977610232558,0.3320501226065755,0.2642440794516228,0.1851593301319676,0.1757326323820183,0.3607406909942861,0.4154179927325109,0.2846407242858877,0.3808172177785061,0.2441570781836606,0.3207332397110353,0.2171774452683705,0.54435747811811,0.4957387687797852
JM,0.2281709276502768,0.420717039432849,0.4389974534694203,0.3752311406966313,0.1314448425958518,0.3784896897372454,0.3580902776282377,0.4383989981168739,0.3881399937362527,0.2702680410893583,0.2578733936445077,0.3339159402615099,0.3469614384642006,0.3792917600516985,0.3710028746373248,0.2536227061743468,0.3074120712125002,0.4123657146750232,0.3538727339728289,0.1965498237759778,0.2798269825763928,0.3399987552123387,0.2733979063856813,0.3485832187066631,0.1880776558053228,0.3685434740724251,0.3265909895883599,0.0,0.3611908897182274,0.2912823454740956,0.1859382231231546,0.2828520456976657,0.5115918460597331,0.3439528118103843,0.362991531027051,0.3460588559656442,0.3637324495361077,0.6231226849561913,0.3684792837934256,0.3905745539334617,0.2422868307876551,0.3383653492672525,0.3253531583439999,0.3718833609226506,0.1577686505943882,0.3155168838670478,0.3762971998533528,0.195968295141076,0.4001506827369115,0.4496778929023142,0.4441698720097273
KN,0.2138359798897444,0.4173804259340103,0.5513837363477069,0.4626978216073644,0.321104254668495,0.3960976121184071,0.5075133377420875,0.4958781876812217,0.5347922057919445,0.3574739052475062,0.3476610486304026,0.3928111560280669,0.4830943644386973,0.5466686212528455,0.5068687122809818,0.3952713408673467,0.3921363446348973,0.5202619249288529,0.4941925017688081,0.3146446735728579,0.4366004979983572,0.4485712170226903,0.4069377493722297,0.5031616732922273,0.3226882354179659,0.5179019487654382,0.5226390349139707,0.3611908897182274,0.0,0.357761734314594,0.3152125147321639,0.4229011633638437,0.5144921415266501,0.4817562341047642,0.500707781897135,0.5163910237658906,0.5154803067876006,0.6271855747747719,0.4524622746092092,0.5202672769430261,0.4215740376711715,0.4841669112261234,0.3557216082314742,0.4351590232149906,0.3116972859637368,0.3892792880861162,0.513778181999379,0.3394346341821485,0.5597903271298166,0.4338919822390659,0.4229936658875307
KY,0.2918933518240589,0.3552697101910682,0.4304010137711064,0.3365165809373935,0.2397329568547692,0.2857484530402794,0.3788496298297925,0.3826826210715249,0.4214416435072539,0.2469815279357482,0.2590998449454342,0.2881845981221107,0.3663335955957623,0.4198124576348035,0.3615254977983945,0.2472183145741846,0.3593106653916846,0.4039811176760834,0.3710356601936285,0.2651580971315752,0.3069721914646832,0.3451918273041469,0.3016301663575276,0.3718160781561533,0.3013424006841414,0.3876223305867852,0.421117111807662,0.2912823454740956,0.357761734314594,0.0,0.2804036523481108,0.2876404444116582,0.5570625660531672,0.3522941344165119,0.3781828300084195,0.3798456335948086,0.3947003063483969,0.5860848994827378,0.3361823844257785,0.3920304716616338,0.308930923846531,0.3632622844547297,0.2930662394006966,0.3643207509811486,0.2389820622902909,0.2835751265205326,0.3811689465109509,0.300071325186908,0.4392295033734724,0.393949254663985,0.3324793828120924
LC,0.1748155430119193,0.3574369090479757,0.4146783952843269,0.3478461365212313,0.1304697308666529,0.3502403057977413,0.3431068293633981,0.3905026635358362,0.3876016475922723,0.2818521873514792,0.2393984943354394,0.3401506923510942,0.3366795293619284,0.3581316010983979,0.3680294377632729,0.2702776116962284,0.2304893492102311,0.4011944772376525,0.334570475127948,0.1482515711408076,0.2638921004288664,0.2638823656591342,0.2937806340888034,0.3346254275217499,0.154771090571316,0.3543501737786804,0.3233157251576901,0.1859382231231546,0.3152125147321639,0.2804036523481108,0.0,0.2879097657817294,0.492977990226051,0.3355161508168085,0.3434685096916281,0.3349573741315865,0.3455354517301577,0.6046738995345281,0.3738938969261902,0.3779964369684967,0.2357807407878277,0.3270499287201662,0.2644919206680767,0.3241214562030229,0.1602167423699063,0.3203942948418776,0.3657925589291013,0.1648711808090238,0.388363579090548,0.417053330018639,0.378734694745955
MQ,0.3081430877845177,0.359153469818491,0.3198872895655897,0.2914275411006366,0.2111242597688122,0.3532585300381695,0.2716499334596648,0.4209931100488793,0.2743701805445384,0.2588945498825474,0.2174997705957092,0.2554945298331819,0.2487434185191358,0.2995359672415778,0.2891485624594276,0.1955024288887918,0.3495782854478539,0.3188309183530868,0.2694082063854608,0.2705081900473087,0.1070567860280744,0.3326260189854712,0.0561977210351285,0.2713176563333127,0.2303512564190846,0.3052231514540057,0.2785189951217306,0.2828520456976657,0.4229011633638437,0.2876404444116582,0.2879097657817294,0.0,0.5312977471541023,0.2577955840320749,0.2797800342622355,0.2585176198013518,0.2723641545380584,0.4879484465927572,0.2629262490031063,0.2948158912103258,0.2173372176423811,0.2669853910420869,0.3036973238887568,0.3882322821759446,0.1938793380797989,0.2725468272754354,0.2728133659860123,0.2860796443876228,0.3193384577184082,0.4484669714156377,0.372182377948733
MS,0.4599885603806629,0.5721186978166143,0.6830766712302575,0.5992278956058013,0.4586828554353727,0.6039819593152731,0.6531874253475844,0.6676387436042812,0.6379137771820634,0.4592819827432587,0.5241897666054409,0.5185111744310871,0.6276696066933108,0.683698518646677,0.6310953151396401,0.5548756562435148,0.5350725531904363,0.6064569566297223,0.6414774481802494,0.4816105273569097,0.5721477502236793,0.6495974195695035,0.5423616033352486,0.6445139001645309,0.4442335710754908,0.655867708693458,0.659406179720234,0.5115918460597331,0.5144921415266501,0.5570625660531672,0.492977990226051,0.5312977471541023,0.0,0.6186000404175405,0.6355786252190172,0.6387648063157982,0.6517718394408227,0.7258584004950107,0.5466500506490557,0.6616100936368513,0.5446139050006142,0.6301674018465391,0.5094525750427321,0.5773463650441051,0.4398826155290323,0.4798728371263325,0.6414092586726103,0.4658149477718758,0.6795247944336393,0.5468848739348829,0.5518197263718474
MX,0.3594862022577865,0.403434673624523,0.1564131678104215,0.2755772684495792,0.2833336311454761,0.4288397205297642,0.0687239257733383,0.3818747387142527,0.2111070213646537,0.3242828861079707,0.1791209242757456,0.2977254702541605,0.103422738442251,0.0984235466713818,0.1331788683493084,0.1939883373269935,0.4017397258996531,0.1438926406980495,0.0871458661732482,0.3420688329380567,0.1999869316226887,0.3589526068884305,0.2423936688980774,0.0707316951548697,0.2802891276858883,0.0917596173742465,0.2189843420710215,0.3439528118103843,0.4817562341047642,0.3522941344165119,0.3355161508168085,0.2577955840320749,0.6186000404175405,0.0,0.0841783125478001,0.0829135656361284,0.0906485213525584,0.573741246199292,0.1522368805740397,0.114945747338367,0.207372062876642,0.0835451371297127,0.3293476745485304,0.4081050831858448,0.2597745053846791,0.2567555198230677,0.1245290197768972,0.3292361361859398,0.1037774778326656,0.4881572725074783,0.4104039234729124
NI,0.367263880940289,0.4060630677708481,0.1576021416039745,0.2668823649517,0.3049573948725961,0.4551625492912681,0.0594029495600132,0.3861877049737046,0.1989948669871617,0.3486695965262434,0.1686873316061266,0.333582416918651,0.0998295913771547,0.076815593398096,0.1180496252031184,0.1803568788033132,0.395089708483484,0.0961569951736545,0.0680591464755869,0.3513166522874262,0.2020511713558723,0.3478923205924067,0.2692009489751827,0.0534941721173316,0.2902486399424537,0.0623209697960596,0.1969540075924831,0.362991531027051,0.500707781897135,0.3781828300084195,0.3434685096916281,0.2797800342622355,0.6355786252190172,0.0841783125478001,0.0,0.052458048661878,0.0794888992306015,0.5741326368181906,0.137990322477896,0.1036942208465143,0.1845967193068938,0.0552757877706899,0.3352282776591141,0.4172597941544099,0.2745423003317779,0.2874000078897134,0.1123197923457003,0.3268298322945795,0.052182000644993,0.5050652989669829,0.4159106138861852
PA,0.3621876836352962,0.4045113266554228,0.1561208125191426,0.2713477089006919,0.2890426874076237,0.4452603509800628,0.0626832382466624,0.405521820493792,0.1812373591805742,0.3337593789640664,0.1450781321998834,0.3191724256601507,0.0846036964542829,0.057120518518364,0.1298146987279351,0.1676777467773644,0.4013174735403199,0.0995000301671107,0.0733666859202071,0.3495000434470601,0.1764793159371471,0.3548747674966095,0.2455054576084602,0.0560533750562816,0.2757842717097839,0.0711762954489487,0.1680857347787914,0.3460588559656442,0.5163910237658906,0.3798456335948086,0.3349573741315865,0.2585176198013518,0.6387648063157982,0.0829135656361284,0.052458048661878,0.0,0.069218188348231,0.5904116731727475,0.1636368999389792,0.1279321713442199,0.1829501532964992,0.070272991056295,0.3376758916077576,0.4147632016330989,0.270250004754873,0.2707911945461888,0.1058584777312773,0.31888449160464,0.0559124405442771,0.506412818909949,0.4252462532044045
PE,0.376960593974988,0.4095581025317141,0.1583341672695636,0.2834134784951195,0.3111297464406781,0.4584751822414914,0.0645869300664594,0.384597208599257,0.1934556647253841,0.3602697045230552,0.188938821166263,0.3366496462192031,0.0994139116845436,0.0865207313574204,0.1489392523851439,0.2036887949604041,0.4084318952644173,0.1521708454799453,0.0912707738050515,0.361931598937917,0.1892259960765766,0.3677782444132547,0.2497228036462278,0.0802428241002877,0.2911772206701324,0.0940189360628043,0.1902478100992318,0.3637324495361077,0.5154803067876006,0.3947003063483969,0.3455354517301577,0.2723641545380584,0.6517718394408227,0.0906485213525584,0.0794888992306015,0.069218188348231,0.0,0.5796490916193258,0.1887639314770226,0.124871148020599,0.2101514542807675,0.0818117762943447,0.34417657313296,0.4283542089855345,0.2861404204194451,0.3070504448698337,0.1251881659647671,0.3377917825224946,0.0943304243181664,0.5155655744793781,0.4308519133539181
PM,0.5855105846800646,0.5741404612774417,0.5831879722237828,0.6023479669434412,0.572333979433512,0.6026192007037873,0.5675557904613087,0.6119830493047291,0.5856398982339467,0.5895970485037009,0.5676298466429726,0.5276485581404802,0.5743667836102823,0.5926243607235275,0.5708973173797864,0.5496014629067605,0.5914477245211748,0.6210130199452595,0.5676395733376061,0.5816006803589572,0.4942148011909162,0.5624398620775215,0.4722658207341035,0.5588501546980155,0.6022878736148516,0.5876869208921525,0.5938977610232558,0.6231226849561913,0.6271855747747719,0.5860848994827378,0.6046738995345281,0.4879484465927572,0.7258584004950107,0.573741246199292,0.5741326368181906,0.5904116731727475,0.5796490916193258,0.0,0.5618504572400945,0.5796168631092138,0.5308929655564533,0.571096851775262,0.5608943773247028,0.6011287386905608,0.5749373627985427,0.5519526067894954,0.5832028343199326,0.5824013908960348,0.5981563773091663,0.6386065760855743,0.5942860682283473
PR,0.3432422637970065,0.3923626668203733,0.1891958591017384,0.2465610319874995,0.2798028171091151,0.3986995355023338,0.15406756042463,0.3889140064554536,0.2567480173957004,0.2495594713871418,0.1897468034648147,0.2429211364640475,0.1622281160355266,0.1941672784761805,0.1630284583206185,0.1821403936428336,0.4199350683079338,0.1017143115082941,0.1514547005294038,0.3428776811362859,0.2407123466711396,0.3954770763142787,0.2667920853835472,0.1616371682829221,0.2931698114288468,0.1775878338845244,0.3320501226065755,0.3684792837934256,0.4524622746092092,0.3361823844257785,0.3738938969261902,0.2629262490031063,0.5466500506490557,0.1522368805740397,0.137990322477896,0.1636368999389792,0.1887639314770226,0.5618504572400945,0.0,0.1637418281594541,0.2247928859034315,0.1629260286902367,0.2918174390886721,0.3931005654397193,0.2403666050499324,0.1916811894576813,0.162559180801469,0.3355912608167685,0.1675905855034918,0.4323082361470558,0.3275903726667577
PY,0.3943083237765201,0.4244622981392165,0.1147539078318712,0.3065762655462336,0.3306797845180806,0.4677011643892166,0.0821200051444412,0.3981218218422592,0.2287897776400772,0.3714854520480681,0.2218695642397044,0.3529449451165386,0.124839446533479,0.1226614355413706,0.1491001744300192,0.2310060156279073,0.4292925108176901,0.1746257186847128,0.1110148406036033,0.3897045999492667,0.2363734101744841,0.3792885777156923,0.2933743803550548,0.0994837612132985,0.3336080211990879,0.1120169952104273,0.2642440794516228,0.3905745539334617,0.5202672769430261,0.3920304716616338,0.3779964369684967,0.2948158912103258,0.6616100936368513,0.114945747338367,0.1036942208465143,0.1279321713442199,0.124871148020599,0.5796168631092138,0.1637418281594541,0.0,0.2312913780515504,0.1083645488591831,0.3687161202718967,0.4405346763155913,0.3019934899923133,0.3350871359558911,0.1086140674518285,0.3637488705354375,0.130571249890007,0.5127706375576992,0.4467747940858446
SR,0.2731264302682672,0.3669218682150017,0.2747130635406105,0.2664249691726068,0.1954098212056338,0.3783605447593048,0.2020438878594641,0.3786697264333405,0.2435297413030559,0.2319209408087708,0.13832046670302,0.2472873023488023,0.2108166312905472,0.2245629520533874,0.2410505288274578,0.1896260307670769,0.3058594936377696,0.2469613090796794,0.1933966480460899,0.2417819358296113,0.1612768898845386,0.2805794574628522,0.2000447314242975,0.1818485475227793,0.1937974722249877,0.1870246052799029,0.1851593301319676,0.2422868307876551,0.4215740376711715,0.308930923846531,0.2357807407878277,0.2173372176423811,0.5446139050006142,0.207372062876642,0.1845967193068938,0.1829501532964992,0.2101514542807675,0.5308929655564533,0.2247928859034315,0.2312913780515504,0.0,0.1726437437234781,0.2616145960649092,0.3523183967653688,0.1484779218020124,0.2240774890603996,0.2173649916446014,0.2069529842295359,0.2366081257109622,0.4402529126391674,0.3688561286377664
