ISO_CODE,AE,AF,AM,AZ,BD,BH,BN,BT,CN,GE,HK,ID,IL,IN,IQ,JO,JP,KG,KH,KR,KW,KZ,LA,LB,LK,MM,MN,MO,MV,MY,NP,OM,PH,PK,PS,QA,SA,SG,TH,TJ,TM,TR,TW,UZ,VN,YE
AE,0.0,0.1438078248194039,0.1749965858519176,0.2416098819348402,0.1685118409562688,0.0383964227088631,0.1819605444868223,0.1520738020557386,0.1119744794824438,0.1925948304858262,0.2178423592051853,0.2091649828829156,0.1577027416501804,0.2012201565122173,0.2096575214816454,0.1939884514726835,0.2327731457918795,0.2448900531704149,0.2191088200865073,0.2098428186393299,0.0528467424706924,0.2506117304163235,0.253598681242252,0.1470789660649861,0.1542132318021714,0.2243409350622804,0.2804100368459021,0.2032124275830438,0.1678044465046575,0.174342402353002,0.0968634670594532,0.0394279933770407,0.2502806189707672,0.1186270401668122,0.2091185368049785,0.0457585468503697,0.0468965137264123,0.1367256847744871,0.2996350645533032,0.2049758827859382,0.6013466049444125,0.3618695530250553,0.2660825765266452,0.1779230679480632,0.2885899643159288,0.1854114187573081
AF,0.1438078248194039,0.0,0.2646164604741341,0.3152674925148718,0.2106391191392369,0.1681120554944257,0.2652158551231105,0.2185897609910175,0.207706689770919,0.2834495689992619,0.2920023055674603,0.3077452658364779,0.2438691285041476,0.278232974480137,0.2371033887827449,0.2716597594294283,0.3170249661777442,0.3128508648555701,0.2949389789664853,0.2729956190587466,0.1831325936245481,0.330862087527342,0.2978358949435575,0.2468694235984874,0.2470985220781614,0.2804454162254759,0.371057242267086,0.2661112755995587,0.2409792233975243,0.2716592750479328,0.175659496417746,0.1581441145721493,0.3446611861974844,0.1835060467783548,0.2595788797735505,0.1718770116701591,0.1616171515251767,0.2403919634394768,0.3437468717653158,0.277589909257089,0.6827251724300574,0.4372887896614993,0.3403272999834841,0.2531026519692607,0.3331050375807622,0.2412461487708554
AM,0.1749965858519176,0.2646164604741341,0.0,0.1294297050345387,0.3247745421039993,0.1740425711759249,0.2234622959989142,0.1429762435102182,0.0742201378320392,0.1152714920725161,0.2868215599822119,0.1617539951444153,0.1776585642205077,0.4743561898527184,0.216362286090974,0.1991578031019067,0.2507585231167732,0.2505732257589612,0.1644992622853737,0.2768126314898953,0.1406025945586376,0.2480520885296828,0.2673740675642417,0.1554972165562158,0.3493834632116506,0.1719219223396753,0.225969221057777,0.2679369996767684,0.2143811768460494,0.2188787691131725,0.1893268308198703,0.1800127598647132,0.3252643342254587,0.3252704254382283,0.2064307259432657,0.139663617189618,0.136309382061851,0.2424392223652728,0.348165821588384,0.1336221139622992,0.5847728985711975,0.3029675284117643,0.3671681116849585,0.1373881385749404,0.3253302178643958,0.1564695826513183
AZ,0.2416098819348402,0.3152674925148718,0.1294297050345387,0.0,0.3878795763190232,0.2398890116577862,0.2576832269242841,0.2010580326203461,0.1407910028111654,0.1599467363098771,0.3222163070187503,0.2143399105685138,0.2174353361226801,0.5328912818481896,0.258951097829297,0.2488530741573621,0.3005349412056943,0.2549118471678566,0.2001531958179951,0.3293434505695236,0.2106802374370229,0.2515623850078208,0.3221648213285593,0.202054864959394,0.3979817433633318,0.2357623696286224,0.2828319303985719,0.304422585284468,0.2718051091024485,0.2572137441749633,0.2558390092419986,0.2558113060278557,0.351463048596659,0.3808286629553714,0.2618860670419889,0.1966308600873867,0.198486487541261,0.2886130127421203,0.3745194417159854,0.1791167093134973,0.5132530939163655,0.1357576801642922,0.4021603885850626,0.1638393133034228,0.358604475993589,0.2130820305447256
BD,0.1685118409562688,0.2106391191392369,0.3247745421039993,0.3878795763190232,0.0,0.1640284392080517,0.3822997459046575,0.3055864002145447,0.2614024242063343,0.351249481404701,0.4328496570758854,0.3789832103136383,0.3841078211870438,0.2305203682248922,0.3767822074652573,0.4004323815610378,0.4290331896970125,0.4525727691423576,0.3851968768761447,0.3646043275904469,0.2243676062967411,0.4734856505756093,0.4771350705739492,0.3631659266203844,0.2198429752538357,0.4001797384905792,0.439184028807543,0.4112916389468131,0.324641223387032,0.3833285223720423,0.2153758763370631,0.1214488006530596,0.4640555721886846,0.1329168042629964,0.4055840093988963,0.1976383151463169,0.1960680266464618,0.3661217014709476,0.5094013097226557,0.3690729653012322,0.7135987211040185,0.5030136034402579,0.4570726700465661,0.3967425827418753,0.4577189888253901,0.3552329650341688
BH,0.0383964227088631,0.1681120554944257,0.1740425711759249,0.2398890116577862,0.1640284392080517,0.0,0.1940862076747378,0.1541798973853452,0.1195167973865981,0.196916936100266,0.2283277005833262,0.1981397084714409,0.1729221382108232,0.2216245283696845,0.2110030879435769,0.1863496013387828,0.242452135204138,0.2462346598232505,0.2178040027967727,0.2202547829794683,0.0483019439787412,0.2560681834759484,0.2481303952745821,0.1463458151448244,0.1614019313966194,0.2364200283503469,0.2995226159291297,0.2148380910432015,0.1868014926160037,0.1884297031868318,0.1117521420038927,0.026314058472906,0.2764072401176818,0.1272697241673872,0.217514912447601,0.0510769313912076,0.0427106554149414,0.1565099424232148,0.3091986787892935,0.2037050770728652,0.593300792902297,0.3635389192926928,0.2735967295560305,0.180786931877515,0.2922487008275165,0.1840516024234382
BN,0.1819605444868223,0.2652158551231105,0.2234622959989142,0.2576832269242841,0.3822997459046575,0.1940862076747378,0.0,0.1516781240088011,0.1473356655152005,0.2258679171097376,0.1651688902475856,0.1774859997647767,0.1658919914123549,0.441861515787642,0.2317827388823454,0.2212926487419,0.2099249825543341,0.2027002560604247,0.1996976165080257,0.2238287377275499,0.1763223938094291,0.2241181177279179,0.1970067325541278,0.1860644982645009,0.3177077274034638,0.1714509827566708,0.3211045079861704,0.1433426817906977,0.1621460707392761,0.0792085602088716,0.1883165509340505,0.2307585758740001,0.2638298442101827,0.3394140045848303,0.2418076952089807,0.1698154649256338,0.1760459440630202,0.0878670363986198,0.2101249602656874,0.2300406551197203,0.6306671272414048,0.3894565575685818,0.2402182498642771,0.154231422747606,0.2446331617964156,0.1993147150369636
BT,0.1520738020557386,0.2185897609910175,0.1429762435102182,0.2010580326203461,0.3055864002145447,0.1541798973853452,0.1516781240088011,0.0,0.0848172977973285,0.1739929395786543,0.2531779402450609,0.1805441906511802,0.1896380679773966,0.396567616556112,0.2094756463818551,0.2155361356268074,0.258755488159708,0.241966319824544,0.1515088488210806,0.2587000990914578,0.1418182984977405,0.2685483095670615,0.2087131646837677,0.180805763058762,0.3013382407460405,0.1306429069206129,0.2402050403565807,0.2336671737879598,0.1608415251563644,0.1692456493661537,0.1084531466764175,0.1735072545235456,0.2945233517631829,0.2786836742317526,0.250034409881481,0.1423683407416203,0.1332115673728781,0.1655931898846279,0.3021264197616888,0.1520431582765956,0.6097962783094822,0.3598868357613303,0.3258363790160271,0.1514596713257767,0.2896976510373742,0.1759180043794471
CN,0.1119744794824438,0.207706689770919,0.0742201378320392,0.1407910028111654,0.2614024242063343,0.1195167973865981,0.1473356655152005,0.0848172977973285,0.0,0.0812498576409133,0.2166373415062032,0.135735453148712,0.1395652134657024,0.3847049280548997,0.1976127019720551,0.1946751506202457,0.1938366840338161,0.2433604522716477,0.134205048855571,0.2134786840666636,0.1042191520589213,0.2501462646220691,0.2442268380135035,0.1231062316683013,0.2699892254046017,0.1416256775946617,0.1788533246842234,0.1979585838354164,0.138047826162771,0.1528863239990193,0.1135301605165484,0.1353294993108813,0.2078418910471077,0.2523217531785073,0.2070904200929975,0.088110254112508,0.0978671897525114,0.1612186654784884,0.2962130662838286,0.1377788766801119,0.5867010050048921,0.2935106716961593,0.2834455814810611,0.129076821068948,0.260877801805209,0.1355802812278912
GE,0.1925948304858262,0.2834495689992619,0.1152714920725161,0.1599467363098771,0.351249481404701,0.196916936100266,0.2258679171097376,0.1739929395786543,0.0812498576409133,0.0,0.2800851852571872,0.2129049704339907,0.1844201920842985,0.4702194540833089,0.2468494032916655,0.227196580912546,0.2583669716725896,0.2824263126869523,0.1976880431452228,0.2823127151771576,0.1695285585765843,0.285994778457711,0.3106821325310054,0.1552424098347893,0.3537030586505102,0.21943328737416,0.1953937910083449,0.2626760158580286,0.219455363725155,0.2394602919391489,0.2044558101869719,0.228510017716268,0.2372011219311489,0.3536576886651364,0.2454020867716397,0.1483948103998698,0.174129223548838,0.2472590802955386,0.3456716176703264,0.1857044897306823,0.6032995976448927,0.3184710103350481,0.3503111980078854,0.1865054166048907,0.3517411867727784,0.2044587654233761
HK,0.2178423592051853,0.2920023055674603,0.2868215599822119,0.3222163070187503,0.4328496570758854,0.2283277005833262,0.1651688902475856,0.2531779402450609,0.2166373415062032,0.2800851852571872,0.0,0.236231591161639,0.1299551390674068,0.4543933186135684,0.2159603212163043,0.1912454377166536,0.1363674013331072,0.1481965196697716,0.2845065551794956,0.1459524916362644,0.2037009033032158,0.1654123378448027,0.1959346626803724,0.1796473115418622,0.3463269291068225,0.2722417363736886,0.3969022964828033,0.0403707511176696,0.2309563357272301,0.1344035476578247,0.2474439875347481,0.2618294951613651,0.2441533436527996,0.3721243629222437,0.2146479145934778,0.203669503496871,0.2066045769836886,0.0921082085029931,0.1506008716378754,0.2885234433335605,0.6209790030214787,0.3998830136010427,0.077215996644929,0.1542406138617422,0.1782922627775682,0.1587094302331992
ID,0.2091649828829156,0.3077452658364779,0.1617539951444153,0.2143399105685138,0.3789832103136383,0.1981397084714409,0.1774859997647767,0.1805441906511802,0.135735453148712,0.2129049704339907,0.236231591161639,0.0,0.1861720398329858,0.4764964180580935,0.2369198558541783,0.2193539900701983,0.2395000660765935,0.2278257885293599,0.2034490280070355,0.2730886134859773,0.1753246420599363,0.2402131953992161,0.2486159905301594,0.1857911737041535,0.3743805710304934,0.2224972385850702,0.3267014352404798,0.22636503656641,0.2606588704452932,0.1523969124403978,0.2142341879822155,0.220037949827722,0.328445419081218,0.3620616261523008,0.2524157590888756,0.1836657237205456,0.1649852458320082,0.1860800110102022,0.2860825890466482,0.1917063298876021,0.5937784798202175,0.3571240295249962,0.3062657199998053,0.1607734086642718,0.2807869204798434,0.1799588380591836
IL,0.1577027416501804,0.2438691285041476,0.1776585642205077,0.2174353361226801,0.3841078211870438,0.1729221382108232,0.1658919914123549,0.1896380679773966,0.1395652134657024,0.1844201920842985,0.1299551390674068,0.1861720398329858,0.0,0.4213461313339098,0.1470246541178101,0.1106628635466259,0.1464943526616227,0.1455372926992368,0.1980242895352176,0.1701702896079017,0.1256584124649331,0.1581520671263532,0.1722432754796015,0.0937818320641348,0.3158817164208243,0.2078655597387854,0.2868680799877765,0.1229624747072282,0.1761268952816365,0.1438939704977704,0.1849694408907423,0.2020934418155049,0.2254902506604503,0.330908043948067,0.1140175055113081,0.1318327110298514,0.1279904346120708,0.1179782954557471,0.1950966195544902,0.1936697259187636,0.5738891366383346,0.3257864783775949,0.1926436925772729,0.1017766122827701,0.209405392473567,0.1149707059143205
IN,0.2012201565122173,0.278232974480137,0.4743561898527184,0.5328912818481896,0.2305203682248922,0.2216245283696845,0.441861515787642,0.396567616556112,0.3847049280548997,0.4702194540833089,0.4543933186135684,0.4764964180580935,0.4213461313339098,0.0,0.4588793731594525,0.4524883398806305,0.4712070424371795,0.4836660171359443,0.4932335436658356,0.3996228571365323,0.2751735377068361,0.5088467365052096,0.5071329012427863,0.4245968949659241,0.2274590873211384,0.5121425124615427,0.4949339227861067,0.4372551181277275,0.407747622961797,0.4310941232430778,0.265823467380589,0.1973545743149336,0.4682754898754208,0.1619436455963683,0.4730951060009495,0.2701323818449199,0.2693010711312393,0.3840330580485031,0.5124428113473793,0.4823760145513251,0.7286052982190404,0.5835533722721571,0.4437958984786939,0.4727157986732095,0.4805774461754064,0.4577184173733375
IQ,0.2096575214816454,0.2371033887827449,0.216362286090974,0.258951097829297,0.3767822074652573,0.2110030879435769,0.2317827388823454,0.2094756463818551,0.1976127019720551,0.2468494032916655,0.2159603212163043,0.2369198558541783,0.1470246541178101,0.4588793731594525,0.0,0.1173320201297302,0.261447563606826,0.2319190588114261,0.2325243692532056,0.2566286781359388,0.1776332891829686,0.2449436599042692,0.2392724057614427,0.1498487615587606,0.3713531085070318,0.2361103622560878,0.3609770809175396,0.2059200865377011,0.220784860110042,0.2150008201995483,0.2206284769725757,0.2373069594394135,0.3358121677893574,0.3467609243081754,0.1244984784835192,0.1837047808632155,0.1578203379181246,0.2097023917018787,0.2750148784193502,0.2513267359080579,0.6333159005160771,0.3908755629226661,0.2908553571563232,0.1789506040102664,0.2949121355458612,0.136896171444202
JO,0.1939884514726835,0.2716597594294283,0.1991578031019067,0.2488530741573621,0.4004323815610378,0.1863496013387828,0.2212926487419,0.2155361356268074,0.1946751506202457,0.227196580912546,0.1912454377166536,0.2193539900701983,0.1106628635466259,0.4524883398806305,0.1173320201297302,0.0,0.2255022309511001,0.202099321973922,0.2207754249346478,0.2334409962789831,0.133435277719099,0.2095027041804229,0.1772016422499893,0.1018862972598564,0.3458138160432591,0.235626167180054,0.3392749360772564,0.1802674218839953,0.233158628484043,0.1929516379418121,0.2148486647106279,0.2141678852468393,0.3093606947323879,0.3547731011105008,0.0878358653176524,0.1552117377676806,0.1391538661177973,0.1875662288673021,0.225023489706875,0.2209506488978326,0.6010741931498793,0.3598621375873305,0.2491612528155149,0.1322685107109327,0.2549512536291669,0.1307865099225029
JP,0.2327731457918795,0.3170249661777442,0.2507585231167732,0.3005349412056943,0.4290331896970125,0.242452135204138,0.2099249825543341,0.258755488159708,0.1938366840338161,0.2583669716725896,0.1363674013331072,0.2395000660765935,0.1464943526616227,0.4712070424371795,0.261447563606826,0.2255022309511001,0.0,0.1793019503010082,0.2849209984408762,0.1322748220396299,0.2130654389364329,0.1958671856751833,0.224539847817087,0.1978512799756597,0.3738690441433334,0.2726513772753789,0.3587169593257766,0.1443399998200648,0.2499405023984033,0.1773372990071047,0.2611303545537273,0.275461653489303,0.2602283730241165,0.3900328794908025,0.2560411271309545,0.2162594694829851,0.2177927789873044,0.1462710994435251,0.1905047138311779,0.2710364644531366,0.6256302193662127,0.3930720363650734,0.1598201698354077,0.1666845309579634,0.2039491104097117,0.2033148012584835
KG,0.2448900531704149,0.3128508648555701,0.2505732257589612,0.2549118471678566,0.4525727691423576,0.2462346598232505,0.2027002560604247,0.241966319824544,0.2433604522716477,0.2824263126869523,0.1481965196697716,0.2278257885293599,0.1455372926992368,0.4836660171359443,0.2319190588114261,0.202099321973922,0.1793019503010082,0.0,0.2473461560232817,0.2093094431957456,0.224372645089274,0.0528812404118375,0.2007617101545347,0.187307003346802,0.3811169589892926,0.2758011277479522,0.3965773860783385,0.1474184543266461,0.2928262336863478,0.1774789915240686,0.2624193665394949,0.2816695448293749,0.3350259989004588,0.3791413977874533,0.239531458308406,0.2201532965618979,0.2103004430002159,0.1536832496433773,0.1975168650390559,0.2130124624457892,0.579338294077872,0.385402693048481,0.1905430766498317,0.0916773485168513,0.2388578752863324,0.1955805915501405
KH,0.2191088200865073,0.2949389789664853,0.1644992622853737,0.2001531958179951,0.3851968768761447,0.2178040027967727,0.1996976165080257,0.1515088488210806,0.134205048855571,0.1976880431452228,0.2845065551794956,0.2034490280070355,0.1980242895352176,0.4932335436658356,0.2325243692532056,0.2207754249346478,0.2849209984408762,0.2473461560232817,0.0,0.3038250356637813,0.1882066977545888,0.2624241221210639,0.237622830780264,0.1841354790174988,0.3456443623896752,0.1650620649522605,0.2819980017503528,0.2618950032945077,0.2269223344930888,0.2085167074050147,0.215795586769764,0.2408758424513642,0.337334121502387,0.3489943159065862,0.2391918177577329,0.195560910260631,0.1894252497125514,0.2304644198872796,0.3106332359561985,0.1992445008237013,0.5980663601373843,0.371422940671841,0.35859207255221,0.1753346025093636,0.2964295008270294,0.2104117425158229
KR,0.2098428186393299,0.2729956190587466,0.2768126314898953,0.3293434505695236,0.3646043275904469,0.2202547829794683,0.2238287377275499,0.2587000990914578,0.2134786840666636,0.2823127151771576,0.1459524916362644,0.2730886134859773,0.1701702896079017,0.3996228571365323,0.2566286781359388,0.2334409962789831,0.1322748220396299,0.2093094431957456,0.3038250356637813,0.0,0.2086260028532112,0.2361508128352281,0.249175781923602,0.2051755011918963,0.3311357863072545,0.2755776301386518,0.3889950804211169,0.1623952421260361,0.2505417458473391,0.2049533609129182,0.2408448542857564,0.2425692597165228,0.3104071220169302,0.3179304840447521,0.2561671202386393,0.203981640412292,0.1971927421436781,0.1785227233900623,0.2236373531768203,0.2821910279545515,0.642948564416185,0.4069730327622383,0.182704692108528,0.2023486638820338,0.2415339768677521,0.2141380284410843
KW,0.0528467424706924,0.1831325936245481,0.1406025945586376,0.2106802374370229,0.2243676062967411,0.0483019439787412,0.1763223938094291,0.1418182984977405,0.1042191520589213,0.1695285585765843,0.2037009033032158,0.1753246420599363,0.1256584124649331,0.2751735377068361,0.1776332891829686,0.133435277719099,0.2130654389364329,0.224372645089274,0.1882066977545888,0.2086260028532112,0.0,0.2225626085094778,0.2168991727221838,0.1142079666328801,0.1997739603344961,0.1957315105098285,0.2647918580970048,0.1902519922292234,0.1761652055532938,0.1713300664794845,0.120975230363278,0.057549256912974,0.2497599096826828,0.1825285370246092,0.1568192354300071,0.0452892277127423,0.0297918066008326,0.1382378712223988,0.2855348937111298,0.1775612512575758,0.572667119676578,0.3311078330569598,0.259657463735059,0.1460567592852346,0.2653807708558907,0.1327737619559981
KZ,0.2506117304163235,0.330862087527342,0.2480520885296828,0.2515623850078208,0.4734856505756093,0.2560681834759484,0.2241181177279179,0.2685483095670615,0.2501462646220691,0.285994778457711,0.1654123378448027,0.2402131953992161,0.1581520671263532,0.5088467365052096,0.2449436599042692,0.2095027041804229,0.1958671856751833,0.0528812404118375,0.2624241221210639,0.2361508128352281,0.2225626085094778,0.0,0.2237393516130637,0.1989728439718385,0.3989357532912084,0.2828124823305559,0.3888400715375133,0.1673111913336594,0.3050594985335596,0.1975159901309485,0.2873319594104822,0.2885788780724549,0.328092509988779,0.4090512023258585,0.2367768540955075,0.2242003046498006,0.2201590841805999,0.1716117123063618,0.2200461722519382,0.2254697424385672,0.5805721232943977,0.3859268600505479,0.2132804421833192,0.0867502027244575,0.2483629011721404,0.1998491694713502
LA,0.253598681242252,0.2978358949435575,0.2673740675642417,0.3221648213285593,0.4771350705739492,0.2481303952745821,0.1970067325541278,0.2087131646837677,0.2442268380135035,0.3106821325310054,0.1959346626803724,0.2486159905301594,0.1722432754796015,0.5071329012427863,0.2392724057614427,0.1772016422499893,0.224539847817087,0.2007617101545347,0.237622830780264,0.249175781923602,0.2168991727221838,0.2237393516130637,0.0,0.2073518012829118,0.379653525194916,0.1989830059348698,0.3750762783943127,0.1653807042295551,0.2511625922986492,0.1904624450900485,0.2447679893179855,0.2867646966580011,0.3254954647880517,0.4205074164447706,0.1854391047284243,0.2488973731263855,0.23558256319481,0.1680355465973166,0.1654120121331317,0.2631475525303428,0.6037683541057097,0.4348070648142049,0.260872690815491,0.1506694411775989,0.2467671934463235,0.2323888937266121
LB,0.1470789660649861,0.2468694235984874,0.1554972165562158,0.202054864959394,0.3631659266203844,0.1463458151448244,0.1860644982645009,0.180805763058762,0.1231062316683013,0.1552424098347893,0.1796473115418622,0.1857911737041535,0.0937818320641348,0.4245968949659241,0.1498487615587606,0.1018862972598564,0.1978512799756597,0.187307003346802,0.1841354790174988,0.2051755011918963,0.1142079666328801,0.1989728439718385,0.2073518012829118,0.0,0.3049359057600838,0.207092861692312,0.2819673445887101,0.1790135174751657,0.1978510471209251,0.1757828314972498,0.1767827112233251,0.1755648100924555,0.2425178993633978,0.3096756387960895,0.1279931311616675,0.1197924039780707,0.1116909830250718,0.1592344227850757,0.2442848014222178,0.1970449919027133,0.5547998182557122,0.3206405779389735,0.2421088112251761,0.1310997790104411,0.2651554192876932,0.1377109568363332
LK,0.1542132318021714,0.2470985220781614,0.3493834632116506,0.3979817433633318,0.2198429752538357,0.1614019313966194,0.3177077274034638,0.3013382407460405,0.2699892254046017,0.3537030586505102,0.3463269291068225,0.3743805710304934,0.3158817164208243,0.2274590873211384,0.3713531085070318,0.3458138160432591,0.3738690441433334,0.3811169589892926,0.3456443623896752,0.3311357863072545,0.1997739603344961,0.3989357532912084,0.379653525194916,0.3049359057600838,0.0,0.3887234827617563,0.4129145903763895,0.3277784189647698,0.3227490092541691,0.3168839040360696,0.2069794718811572,0.1490098767447769,0.3731917784155418,0.1374161712527715,0.3676072215046922,0.1854510196052452,0.2015359494821529,0.2872066538650505,0.4124943384268292,0.3722008512816148,0.6524099344840198,0.4889115287783001,0.3453109547635539,0.3483945427492199,0.3999929475255923,0.3425010252531066
MM,0.2243409350622804,0.2804454162254759,0.1719219223396753,0.2357623696286224,0.4001797384905792,0.2364200283503469,0.1714509827566708,0.1306429069206129,0.1416256775946617,0.21943328737416,0.2722417363736886,0.2224972385850702,0.2078655597387854,0.5121425124615427,0.2361103622560878,0.235626167180054,0.2726513772753789,0.2758011277479522,0.1650620649522605,0.2755776301386518,0.1957315105098285,0.2828124823305559,0.1989830059348698,0.207092861692312,0.3887234827617563,0.0,0.289697935299068,0.2582408236642034,0.17911115704541,0.1981942535534666,0.2005417702690326,0.2605661852366527,0.3693581255286906,0.3868518283407294,0.2233461426186364,0.2018483268755202,0.2006545346002017,0.2070479059128245,0.308498640697904,0.1931698692771645,0.6160134854811014,0.3974636654752372,0.3819830002399642,0.1680066971983769,0.3139076783796675,0.2150100555322329
MN,0.2804100368459021,0.371057242267086,0.225969221057777,0.2828319303985719,0.439184028807543,0.2995226159291297,0.3211045079861704,0.2402050403565807,0.1788533246842234,0.1953937910083449,0.3969022964828033,0.3267014352404798,0.2868680799877765,0.4949339227861067,0.3609770809175396,0.3392749360772564,0.3587169593257766,0.3965773860783385,0.2819980017503528,0.3889950804211169,0.2647918580970048,0.3888400715375133,0.3750762783943127,0.2819673445887101,0.4129145903763895,0.289697935299068,0.0,0.3625301341592359,0.3265913515448324,0.33155223282271,0.2806230615441105,0.3197998983320187,0.2578195786819677,0.416982151961077,0.337730209671363,0.2519178189796101,0.2748846743864246,0.338130272145512,0.4553174857407189,0.2680714301410153,0.6346722187403839,0.4062064455213403,0.4439969859384123,0.28814927867478,0.4416006956653286,0.3200357605602832
MO,0.2032124275830438,0.2661112755995587,0.2679369996767684,0.304422585284468,0.4112916389468131,0.2148380910432015,0.1433426817906977,0.2336671737879598,0.1979585838354164,0.2626760158580286,0.0403707511176696,0.22636503656641,0.1229624747072282,0.4372551181277275,0.2059200865377011,0.1802674218839953,0.1443399998200648,0.1474184543266461,0.2618950032945077,0.1623952421260361,0.1902519922292234,0.1673111913336594,0.1653807042295551,0.1790135174751657,0.3277784189647698,0.2582408236642034,0.3625301341592359,0.0,0.2158906029903244,0.1187861515858235,0.229489646460839,0.2474401068260283,0.2125246415377832,0.3530556175246493,0.200211243028767,0.193161480439657,0.1924625550503178,0.0874177386634897,0.1480652505868338,0.2705207897023227,0.6143976771955972,0.3825431077625116,0.0958966833200964,0.1383245225151809,0.1790473785392954,0.1600451484362957
MV,0.1678044465046575,0.2409792233975243,0.2143811768460494,0.2718051091024485,0.324641223387032,0.1868014926160037,0.1621460707392761,0.1608415251563644,0.138047826162771,0.219455363725155,0.2309563357272301,0.2606588704452932,0.1761268952816365,0.407747622961797,0.220784860110042,0.233158628484043,0.2499405023984033,0.2928262336863478,0.2269223344930888,0.2505417458473391,0.1761652055532938,0.3050594985335596,0.2511625922986492,0.1978510471209251,0.3227490092541691,0.17911115704541,0.3265913515448324,0.2158906029903244,0.0,0.1780865402975384,0.1649907288047224,0.2122613411542859,0.3138538543167029,0.3160442998280046,0.2392383775309934,0.1521201123225219,0.1746591227920316,0.1668766305257252,0.285714527167785,0.2521492337565549,0.6455368035281486,0.4118836255536662,0.3257162351774356,0.1949537834712472,0.2895926089796745,0.1966044180287041
MY,0.174342402353002,0.2716592750479328,0.2188787691131725,0.2572137441749633,0.3833285223720423,0.1884297031868318,0.0792085602088716,0.1692456493661537,0.1528863239990193,0.2394602919391489,0.1344035476578247,0.1523969124403978,0.1438939704977704,0.4310941232430778,0.2150008201995483,0.1929516379418121,0.1773372990071047,0.1774789915240686,0.2085167074050147,0.2049533609129182,0.1713300664794845,0.1975159901309485,0.1904624450900485,0.1757828314972498,0.3168839040360696,0.1981942535534666,0.33155223282271,0.1187861515858235,0.1780865402975384,0.0,0.1744807043659099,0.2262898932704771,0.2753202087116024,0.3330440564456185,0.2255608374465416,0.1644153982728173,0.1746803535472985,0.080716703790763,0.1803207644347062,0.2295041030193314,0.6072277947562569,0.3836351413847482,0.1780844834965387,0.1423101360790724,0.2183761827832531,0.1845332080148289
NP,0.0968634670594532,0.175659496417746,0.1893268308198703,0.2558390092419986,0.2153758763370631,0.1117521420038927,0.1883165509340505,0.1084531466764175,0.1135301605165484,0.2044558101869719,0.2474439875347481,0.2142341879822155,0.1849694408907423,0.265823467380589,0.2206284769725757,0.2148486647106279,0.2611303545537273,0.2624193665394949,0.215795586769764,0.2408448542857564,0.120975230363278,0.2873319594104822,0.2447679893179855,0.1767827112233251,0.2069794718811572,0.2005417702690326,0.2806230615441105,0.229489646460839,0.1649907288047224,0.1744807043659099,0.0,0.1157881560930218,0.2891856973882931,0.1845182137331407,0.2386337641487517,0.0984701430624355,0.1162168718156971,0.1612239838382487,0.3160581108988152,0.1908204421727489,0.6045296624667141,0.3813584610608846,0.3019428207851857,0.182397778404959,0.2944859994338422,0.1925040532715876
OM,0.0394279933770407,0.1581441145721493,0.1800127598647132,0.2558113060278557,0.1214488006530596,0.026314058472906,0.2307585758740001,0.1735072545235456,0.1353294993108813,0.228510017716268,0.2618294951613651,0.220037949827722,0.2020934418155049,0.1973545743149336,0.2373069594394135,0.2141678852468393,0.275461653489303,0.2816695448293749,0.2408758424513642,0.2425692597165228,0.057549256912974,0.2885788780724549,0.2867646966580011,0.1755648100924555,0.1490098767447769,0.2605661852366527,0.3197998983320187,0.2474401068260283,0.2122613411542859,0.2262898932704771,0.1157881560930218,0.0,0.311019746940901,0.0965578875761994,0.234775850493918,0.0615905746112507,0.0456334750631126,0.1880944386832392,0.3589951341348169,0.2240985385179182,0.6173684174870862,0.3785369388941728,0.3092771554988323,0.2077721387028207,0.3240193657109053,0.1968393811261469
PH,0.2502806189707672,0.3446611861974844,0.3252643342254587,0.351463048596659,0.4640555721886846,0.2764072401176818,0.2638298442101827,0.2945233517631829,0.2078418910471077,0.2372011219311489,0.2441533436527996,0.328445419081218,0.2254902506604503,0.4682754898754208,0.3358121677893574,0.3093606947323879,0.2602283730241165,0.3350259989004588,0.337334121502387,0.3104071220169302,0.2497599096826828,0.328092509988779,0.3254954647880517,0.2425178993633978,0.3731917784155418,0.3693581255286906,0.2578195786819677,0.2125246415377832,0.3138538543167029,0.2753202087116024,0.2891856973882931,0.311019746940901,0.0,0.4236904438720636,0.3159100444219139,0.2415381448111243,0.2544889779371119,0.224845399862799,0.3324788996018648,0.356021928553383,0.6374123920569637,0.4063177566173255,0.2641954578168748,0.2749963350841576,0.3368895249463699,0.2834775089480568
PK,0.1186270401668122,0.1835060467783548,0.3252704254382283,0.3808286629553714,0.1329168042629964,0.1272697241673872,0.3394140045848303,0.2786836742317526,0.2523217531785073,0.3536576886651364,0.3721243629222437,0.3620616261523008,0.330908043948067,0.1619436455963683,0.3467609243081754,0.3547731011105008,0.3900328794908025,0.3791413977874533,0.3489943159065862,0.3179304840447521,0.1825285370246092,0.4090512023258585,0.4205074164447706,0.3096756387960895,0.1374161712527715,0.3868518283407294,0.416982151961077,0.3530556175246493,0.3160442998280046,0.3330440564456185,0.1845182137331407,0.0965578875761994,0.4236904438720636,0.0,0.3657150119597536,0.16530650911382,0.1506117709231631,0.3088304240998694,0.4490982338510039,0.3512574290409799,0.6745051996265375,0.4877722063591687,0.3796927983299136,0.3529776662359567,0.4095024599678769,0.3317849928595642
PS,0.2091185368049785,0.2595788797735505,0.2064307259432657,0.2618860670419889,0.4055840093988963,0.217514912447601,0.2418076952089807,0.250034409881481,0.2070904200929975,0.2454020867716397,0.2146479145934778,0.2524157590888756,0.1140175055113081,0.4730951060009495,0.1244984784835192,0.0878358653176524,0.2560411271309545,0.239531458308406,0.2391918177577329,0.2561671202386393,0.1568192354300071,0.2367768540955075,0.1854391047284243,0.1279931311616675,0.3676072215046922,0.2233461426186364,0.337730209671363,0.200211243028767,0.2392383775309934,0.2255608374465416,0.2386337641487517,0.234775850493918,0.3159100444219139,0.3657150119597536,0.0,0.1841249440996788,0.1638142957964996,0.2182161976394983,0.2687900955533348,0.2617712231341464,0.6059486823170426,0.3725007645774961,0.2819869868783961,0.1602278275498188,0.2865547161547213,0.1341656038429691
QA,0.0457585468503697,0.1718770116701591,0.139663617189618,0.1966308600873867,0.1976383151463169,0.0510769313912076,0.1698154649256338,0.1423683407416203,0.088110254112508,0.1483948103998698,0.203669503496871,0.1836657237205456,0.1318327110298514,0.2701323818449199,0.1837047808632155,0.1552117377676806,0.2162594694829851,0.2201532965618979,0.195560910260631,0.203981640412292,0.0452892277127423,0.2242003046498006,0.2488973731263855,0.1197924039780707,0.1854510196052452,0.2018483268755202,0.2519178189796101,0.193161480439657,0.1521201123225219,0.1644153982728173,0.0984701430624355,0.0615905746112507,0.2415381448111243,0.16530650911382,0.1841249440996788,0.0,0.0456236036287366,0.1335653142444457,0.2936489698350102,0.1703344909118733,0.5783753994814818,0.3235206340553753,0.2604632292690215,0.1437226613649005,0.2784040259662894,0.1455509545990699
SA,0.0468965137264123,0.1616171515251767,0.136309382061851,0.198486487541261,0.1960680266464618,0.0427106554149414,0.1760459440630202,0.1332115673728781,0.0978671897525114,0.174129223548838,0.2066045769836886,0.1649852458320082,0.1279904346120708,0.2693010711312393,0.1578203379181246,0.1391538661177973,0.2177927789873044,0.2103004430002159,0.1894252497125514,0.1971927421436781,0.0297918066008326,0.2201590841805999,0.23558256319481,0.1116909830250718,0.2015359494821529,0.2006545346002017,0.2748846743864246,0.1924625550503178,0.1746591227920316,0.1746803535472985,0.1162168718156971,0.0456334750631126,0.2544889779371119,0.1506117709231631,0.1638142957964996,0.0456236036287366,0.0,0.1429281284311832,0.2896405270899771,0.1693690773591851,0.5815006273089561,0.3243385755934629,0.2633902240316947,0.1425176507864605,0.2709327985670574,0.1291131757990539
SG,0.1367256847744871,0.2403919634394768,0.2424392223652728,0.2886130127421203,0.3661217014709476,0.1565099424232148,0.0878670363986198,0.1655931898846279,0.1612186654784884,0.2472590802955386,0.0921082085029931,0.1860800110102022,0.1179782954557471,0.3840330580485031,0.2097023917018787,0.1875662288673021,0.1462710994435251,0.1536832496433773,0.2304644198872796,0.1785227233900623,0.1382378712223988,0.1716117123063618,0.1680355465973166,0.1592344227850757,0.2872066538650505,0.2070479059128245,0.338130272145512,0.0874177386634897,0.1668766305257252,0.080716703790763,0.1612239838382487,0.1880944386832392,0.224845399862799,0.3088304240998694,0.2182161976394983,0.1335653142444457,0.1429281284311832,0.0,0.1820973189232221,0.2287355142463076,0.6178816031293424,0.3836626792504285,0.1505392223210816,0.1281747956535501,0.2018951259844998,0.1698712904312567
TH,0.2996350645533032,0.3437468717653158,0.348165821588384,0.3745194417159854,0.5094013097226557,0.3091986787892935,0.2101249602656874,0.3021264197616888,0.2962130662838286,0.3456716176703264,0.1506008716378754,0.2860825890466482,0.1950966195544902,0.5124428113473793,0.2750148784193502,0.225023489706875,0.1905047138311779,0.1975168650390559,0.3106332359561985,0.2236373531768203,0.2855348937111298,0.2200461722519382,0.1654120121331317,0.2442848014222178,0.4124943384268292,0.308498640697904,0.4553174857407189,0.1480652505868338,0.285714527167785,0.1803207644347062,0.3160581108988152,0.3589951341348169,0.3324788996018648,0.4490982338510039,0.2687900955533348,0.2936489698350102,0.2896405270899771,0.1820973189232221,0.0,0.3426718548271471,0.6280273653265962,0.4612269997304854,0.1745899383873844,0.208116698060768,0.2046617218872124,0.2563745695758546
TJ,0.2049758827859382,0.277589909257089,0.1336221139622992,0.1791167093134973,0.3690729653012322,0.2037050770728652,0.2300406551197203,0.1520431582765956,0.1377788766801119,0.1857044897306823,0.2885234433335605,0.1917063298876021,0.1936697259187636,0.4823760145513251,0.2513267359080579,0.2209506488978326,0.2710364644531366,0.2130124624457892,0.1992445008237013,0.2821910279545515,0.1775612512575758,0.2254697424385672,0.2631475525303428,0.1970449919027133,0.3722008512816148,0.1931698692771645,0.2680714301410153,0.2705207897023227,0.2521492337565549,0.2295041030193314,0.1908204421727489,0.2240985385179182,0.356021928553383,0.3512574290409799,0.2617712231341464,0.1703344909118733,0.1693690773591851,0.2287355142463076,0.3426718548271471,0.0,0.5877965198973474,0.3378903948049847,0.3641787332123454,0.1166476103464633,0.3329744031747776,0.1875198811274292
TM,0.6013466049444125,0.6827251724300574,0.5847728985711975,0.5132530939163655,0.7135987211040185,0.593300792902297,0.6306671272414048,0.6097962783094822,0.5867010050048921,0.6032995976448927,0.6209790030214787,0.5937784798202175,0.5738891366383346,0.7286052982190404,0.6333159005160771,0.6010741931498793,0.6256302193662127,0.579338294077872,0.5980663601373843,0.642948564416185,0.572667119676578,0.5805721232943977,0.6037683541057097,0.5547998182557122,0.6524099344840198,0.6160134854811014,0.6346722187403839,0.6143976771955972,0.6455368035281486,0.6072277947562569,0.6045296624667141,0.6173684174870862,0.6374123920569637,0.6745051996265375,0.6059486823170426,0.5783753994814818,0.5815006273089561,0.6178816031293424,0.6280273653265962,0.5877965198973474,0.0,0.5158256873158837,0.6321967582324628,0.5642940607022244,0.6468574626391037,0.5966860440580634
TR,0.3618695530250553,0.4372887896614993,0.3029675284117643,0.1357576801642922,0.5030136034402579,0.3635389192926928,0.3894565575685818,0.3598868357613303,0.2935106716961593,0.3184710103350481,0.3998830136010427,0.3571240295249962,0.3257864783775949,0.5835533722721571,0.3908755629226661,0.3598621375873305,0.3930720363650734,0.385402693048481,0.371422940671841,0.4069730327622383,0.3311078330569598,0.3859268600505479,0.4348070648142049,0.3206405779389735,0.4889115287783001,0.3974636654752372,0.4062064455213403,0.3825431077625116,0.4118836255536662,0.3836351413847482,0.3813584610608846,0.3785369388941728,0.4063177566173255,0.4877722063591687,0.3725007645774961,0.3235206340553753,0.3243385755934629,0.3836626792504285,0.4612269997304854,0.3378903948049847,0.5158256873158837,0.0,0.4515702221491309,0.318209934623449,0.4332041874908624,0.3279906475370605
TW,0.2660825765266452,0.3403272999834841,0.3671681116849585,0.4021603885850626,0.4570726700465661,0.2735967295560305,0.2402182498642771,0.3258363790160271,0.2834455814810611,0.3503111980078854,0.077215996644929,0.3062657199998053,0.1926436925772729,0.4437958984786939,0.2908553571563232,0.2491612528155149,0.1598201698354077,0.1905430766498317,0.35859207255221,0.182704692108528,0.259657463735059,0.2132804421833192,0.260872690815491,0.2421088112251761,0.3453109547635539,0.3819830002399642,0.4439969859384123,0.0958966833200964,0.3257162351774356,0.1780844834965387,0.3019428207851857,0.3092771554988323,0.2641954578168748,0.3796927983299136,0.2819869868783961,0.2604632292690215,0.2633902240316947,0.1505392223210816,0.1745899383873844,0.3641787332123454,0.6321967582324628,0.4515702221491309,0.0,0.2332972671350439,0.2227472340881411,0.2333813694549097
UZ,0.1779230679480632,0.2531026519692607,0.1373881385749404,0.1638393133034228,0.3967425827418753,0.180786931877515,0.154231422747606,0.1514596713257767,0.129076821068948,0.1865054166048907,0.1542406138617422,0.1607734086642718,0.1017766122827701,0.4727157986732095,0.1789506040102664,0.1322685107109327,0.1666845309579634,0.0916773485168513,0.1753346025093636,0.2023486638820338,0.1460567592852346,0.0867502027244575,0.1506694411775989,0.1310997790104411,0.3483945427492199,0.1680066971983769,0.28814927867478,0.1383245225151809,0.1949537834712472,0.1423101360790724,0.182397778404959,0.2077721387028207,0.2749963350841576,0.3529776662359567,0.1602278275498188,0.1437226613649005,0.1425176507864605,0.1281747956535501,0.208116698060768,0.1166476103464633,0.5642940607022244,0.318209934623449,0.2332972671350439,0.0,0.2137260676862268,0.1314220687785259
VN,0.2885899643159288,0.3331050375807622,0.3253302178643958,0.358604475993589,0.4577189888253901,0.2922487008275165,0.2446331617964156,0.2896976510373742,0.260877801805209,0.3517411867727784,0.1782922627775682,0.2807869204798434,0.209405392473567,0.4805774461754064,0.2949121355458612,0.2549512536291669,0.2039491104097117,0.2388578752863324,0.2964295008270294,0.2415339768677521,0.2653807708558907,0.2483629011721404,0.2467671934463235,0.2651554192876932,0.3999929475255923,0.3139076783796675,0.4416006956653286,0.1790473785392954,0.2895926089796745,0.2183761827832531,0.2944859994338422,0.3240193657109053,0.3368895249463699,0.4095024599678769,0.2865547161547213,0.2784040259662894,0.2709327985670574,0.2018951259844998,0.2046617218872124,0.3329744031747776,0.6468574626391037,0.4332041874908624,0.2227472340881411,0.2137260676862268,0.0,0.2337739223753443
YE,0.1854114187573081,0.2412461487708554,0.1564695826513183,0.2130820305447256,0.3552329650341688,0.1840516024234382,0.1993147150369636,0.1759180043794471,0.1355802812278912,0.2044587654233761,0.1587094302331992,0.1799588380591836,0.1149707059143205,0.4577184173733375,0.136896171444202,0.1307865099225029,0.2033148012584835,0.1955805915501405,0.2104117425158229,0.2141380284410843,0.1327737619559981,0.1998491694713502,0.2323888937266121,0.1377109568363332,0.3425010252531066,0.2150100555322329,0.3200357605602832,0.1600451484362957,0.1966044180287041,0.1845332080148289,0.1925040532715876,0.1968393811261469,0.2834775089480568,0.3317849928595642,0.1341656038429691,0.1455509545990699,0.1291131757990539,0.1698712904312567,0.2563745695758546,0.1875198811274292,0.5966860440580634,0.3279906475370605,0.2333813694549097,0.1314220687785259,0.2337739223753443,0.0
