ISO_CODE,AE,AF,AM,AZ,BD,BH,BN,BT,CN,GE,HK,ID,IL,IN,IQ,JO,JP,KG,KH,KR,KW,KZ,LA,LB,LK,MM,MN,MO,MV,MY,NP,OM,PH,PK,PS,QA,SA,SG,TH,TJ,TM,TR,TW,UZ,VN,YE
AE,0.0,0.1759358031860294,0.111056796325332,0.0859864313337123,0.0850131351547068,0.0126924293570717,0.037576118826795,0.0827111874640457,0.0672430603151095,0.1261881829235125,0.076795557627089,0.0456152284177904,0.0440158152154879,0.0995960214408431,0.2370882714988889,0.1562615631614838,0.0808916188619,0.05045178107993,0.1386092521703379,0.2393216766995862,0.0165622203650225,0.0781489446639815,0.0828242993458444,0.0626958341122826,0.1857285794350529,0.087723058573586,0.1545411773644207,0.033193810630521,0.0578827567555498,0.0471088313572284,0.0668038283257551,0.0124749679157424,0.0594854071331345,0.1068514691065839,0.0912777825184564,0.0159901001270715,0.04562209275847,0.032573324403006,0.0918359937414908,0.0403224486371217,0.4680535653324784,0.0487354431199048,0.0551039971957659,0.0528119101347179,0.0790172951995396,0.1250801647090528
AF,0.1759358031860294,0.0,0.3073859298575802,0.2850259611691174,0.2754964219914043,0.1904022283308272,0.1754352321109377,0.2320182688761579,0.2285166278091384,0.3289620056628856,0.213342782865353,0.1496033975115325,0.1968864666784029,0.1766020292785833,0.2967403331072445,0.3203116238595238,0.2240326708027424,0.2197221552615951,0.3491411073610414,0.3880724118283148,0.1747748508774014,0.2279222280543755,0.2385815747005973,0.2424727671997524,0.354694107862203,0.3207640065772593,0.3119080444272568,0.2068190099206156,0.2653944100651719,0.1512476875422016,0.2485270143123146,0.1773855844862609,0.253157526267913,0.2221582210836595,0.2503123832879781,0.158453318913519,0.1748221594323268,0.2145985924735307,0.2367807414313101,0.1875459100883966,0.5818127656838208,0.2158105606005795,0.1886435940675517,0.2239911826921056,0.1710019899753848,0.1493943958545315
AM,0.111056796325332,0.3073859298575802,0.0,0.0324157377768801,0.0630881398644036,0.0858954906274798,0.1173025945339129,0.1325262420617869,0.2138976735951693,0.0410838470569331,0.1994966252215454,0.2222189754564345,0.1695054146370719,0.1120942264924056,0.3390663670090003,0.1644996258295242,0.2332456598040917,0.123457173695573,0.0885928026433555,0.4097548232693323,0.1273975465078892,0.18042206757139,0.0888000774165846,0.1084838896129095,0.1271538704983127,0.0899045000256907,0.1334802298764363,0.1339073402487677,0.0897700040211421,0.1888415982774642,0.075367985719681,0.0932983187766194,0.1220626501234443,0.141217137440033,0.142131823748403,0.1274209409071366,0.1597323761605013,0.1651563433954889,0.1267116829394474,0.1328616314741082,0.5124719420429737,0.1500406256840439,0.2082176158704721,0.1263918241813378,0.1857151958155252,0.2194367345641922
AZ,0.0859864313337123,0.2850259611691174,0.0324157377768801,0.0,0.050694724135065,0.0724019143680455,0.091019366444576,0.1521408704257983,0.2064677075708733,0.0944491696282632,0.1653236378570091,0.1833365551107266,0.1183685855267336,0.1163147597193315,0.3094593105099904,0.1178322447392008,0.1621570639617732,0.0842821097794292,0.0986695677051331,0.4230403519540636,0.0973346720081318,0.1581741620339943,0.0920877509808798,0.0553594972315127,0.1030570871138408,0.0861709739649245,0.2014302314306789,0.0915645547804754,0.0523563317901851,0.1482133701870051,0.0561673106223702,0.0778143484924656,0.1264983381116728,0.1271481115101916,0.1062647516388406,0.0986809388652358,0.136777923455075,0.1223729626098926,0.1292248631813357,0.1254941902124551,0.4327746784737163,0.1137440623557207,0.1679507052022303,0.0976870197935912,0.1666118921741941,0.1953818222471458
BD,0.0850131351547068,0.2754964219914043,0.0630881398644036,0.050694724135065,0.0,0.0870176877951989,0.1265119120633404,0.1752420039369814,0.1536593970737523,0.1099574471507807,0.1865060373639296,0.1928799679741913,0.1603210668940579,0.1028215228324177,0.3500282381552497,0.1604683617465734,0.2193106684137528,0.1418757162649763,0.0752931961910956,0.3590342628634857,0.127049975413716,0.2199702023495366,0.0766856467218328,0.0991026574043093,0.0876911430153811,0.0445335881788483,0.1705724148562463,0.1232014042714199,0.0705237695490634,0.1666690979008129,0.056994598444685,0.0695821552253482,0.1094016143820444,0.1083625572359554,0.1367634906947202,0.1016674752899448,0.153325512583938,0.1491119686207793,0.1201133639195707,0.1464740520609043,0.5797497819015024,0.104313326718357,0.2078666244307765,0.1474077628279165,0.1916252644403978,0.2179167032919277
BH,0.0126924293570717,0.1904022283308272,0.0858954906274798,0.0724019143680455,0.0870176877951989,0.0,0.0407580654413514,0.0970097242315114,0.0909183614825429,0.1095963280528107,0.096886325925579,0.0690954871660672,0.0634656895976525,0.122636021262478,0.2325810394380059,0.1523655874483032,0.1047031533671126,0.0613108387992159,0.1282853559625154,0.2805481374426037,0.0164066310626225,0.0908674162397965,0.0659340412195638,0.0640861507233494,0.1856533873961121,0.0789246876446647,0.13958609003582,0.0489175534681017,0.0628361235862754,0.063668424009305,0.0786391453790543,0.01629379502246,0.0569078646323298,0.1254046358201208,0.0925761816013316,0.0223642256217169,0.0520143044321123,0.05346868391606,0.1010636395290914,0.0574427030780287,0.4947752222110727,0.0676778862610643,0.0771888216583834,0.0587543598144069,0.0869157596797691,0.1256464241751687
BN,0.037576118826795,0.1754352321109377,0.1173025945339129,0.091019366444576,0.1265119120633404,0.0407580654413514,0.0,0.1019732004616953,0.1396281404571491,0.1624421063566478,0.0967453555672622,0.0470706600701011,0.0469291043632752,0.1248008625999904,0.2625787131004281,0.1602181425224672,0.079587254794908,0.060242469195077,0.2037088836927207,0.3236989915106059,0.0319901532651185,0.0949037885123146,0.1162192527790186,0.0626240186069858,0.1808159432827998,0.1444846997623641,0.2166655521527762,0.0462749031588296,0.0704657443474151,0.0336488365222874,0.08971632504332,0.0460014628322671,0.1105480077217648,0.130011782584932,0.0907746650747863,0.0255711200053961,0.0550434928405009,0.0604506377658827,0.1061489022353662,0.045837263906784,0.4565477903332506,0.0748365800663449,0.0666927498128406,0.0731022348372357,0.0692178046962409,0.1476607179680925
BT,0.0827111874640457,0.2320182688761579,0.1325262420617869,0.1521408704257983,0.1752420039369814,0.0970097242315114,0.1019732004616953,0.0,0.1273298279588448,0.091093846420647,0.1347318134717465,0.1177928229499757,0.1148847582699449,0.1461209307347495,0.2925575139183456,0.2419689148859277,0.1518444251852467,0.0647972695683954,0.2155201997174357,0.2371854845595958,0.0908829077684366,0.0585786829984009,0.1286344315429544,0.1376147279073909,0.2686353007201622,0.17001486945501,0.1100243462523395,0.0967797649433925,0.1131375114309696,0.1071525862933663,0.1001706783811912,0.0966899444922554,0.1077677455236165,0.1959847235675802,0.1707583157171712,0.1004368883619171,0.1286677524083036,0.0964297345170124,0.1032110907924337,0.0608743775752288,0.4628387328858456,0.1414557914211486,0.1020747550684426,0.0677031538503671,0.1298432369985157,0.1821516121952912
CN,0.0672430603151095,0.2285166278091384,0.2138976735951693,0.2064677075708733,0.1536593970737523,0.0909183614825429,0.1396281404571491,0.1273298279588448,0.0,0.1746317882302797,0.1312336487837079,0.1062188733731791,0.1339357501512266,0.1505159874227616,0.3157567763133408,0.249929360986926,0.1633966753073975,0.1321024107839394,0.213644825876304,0.1001618677684592,0.1068731413445519,0.1501756150092204,0.1721001787365411,0.1671545800383778,0.2551663819836509,0.1479722841629335,0.1748341310700571,0.1243146025497347,0.1450143767355157,0.1274666174931032,0.1325252055970526,0.0874767533720907,0.1019935539889238,0.1893755822140013,0.1858127159637985,0.0876143327379127,0.1393327889575392,0.0909510297671633,0.1617262531970023,0.0912822682141696,0.5481983302877795,0.113715740109993,0.1181391005055876,0.1279989046745884,0.1753265387468643,0.1989572384591729
GE,0.1261881829235125,0.3289620056628856,0.0410838470569331,0.0944491696282632,0.1099574471507807,0.1095963280528107,0.1624421063566478,0.091093846420647,0.1746317882302797,0.0,0.2158811376103762,0.2336821813635873,0.1935894546092788,0.1261267479660485,0.295491337214769,0.1743344869041869,0.2573457235844988,0.1315851055884366,0.1017696132218813,0.2975817718188894,0.141259177828971,0.1518692902430301,0.1042481996970593,0.1402879391388919,0.1915546639412468,0.1178220309028399,0.0888584833715295,0.1645363270298809,0.1249031340132629,0.2119772363031048,0.1037226984361681,0.1178036524103542,0.1246729473594342,0.1764842867204031,0.167246965082187,0.1555209178309723,0.1651237291617944,0.1777700537518142,0.1133588176532203,0.1343371532684985,0.5107403307950695,0.1730412194209835,0.2039480287900725,0.109522181501148,0.2036420022090936,0.2008773734875274
HK,0.076795557627089,0.213342782865353,0.1994966252215454,0.1653236378570091,0.1865060373639296,0.096886325925579,0.0967453555672622,0.1347318134717465,0.1312336487837079,0.2158811376103762,0.0,0.081900040859449,0.0505867220057736,0.1085633323549501,0.2481851284319699,0.1915493781737187,0.0954791386413632,0.0837867704592172,0.2236199574810671,0.2621541768880331,0.0873268006121282,0.0823419500601605,0.1343382015067749,0.1235405643153462,0.252103218658076,0.2272721782411176,0.242890786069295,0.0410714867615276,0.1229646572695337,0.060639904941675,0.1417201237497698,0.0908771610636359,0.137518647608262,0.2265408642681252,0.1406395982793088,0.0846810912149127,0.1293122047508135,0.0390996230000282,0.1115739179841893,0.0957283671321835,0.4498247076276938,0.106020640112571,0.0622125201361922,0.1079631508474234,0.0765476584609001,0.1624145497583483
ID,0.0456152284177904,0.1496033975115325,0.2222189754564345,0.1833365551107266,0.1928799679741913,0.0690954871660672,0.0470706600701011,0.1177928229499757,0.1062188733731791,0.2336821813635873,0.081900040859449,0.0,0.0570178019275777,0.157660512610794,0.2180607496090858,0.2182404635662089,0.0524447182928073,0.088949594105158,0.2575482065302665,0.2611581683993722,0.0421014503913923,0.0861599926812136,0.1523341241125098,0.1258123337298717,0.3001169660177955,0.1978190864891499,0.2572580604974086,0.050853250455352,0.139590803952688,0.0244655701033954,0.153479454923494,0.0556326895042729,0.1283098275767816,0.1877864214288641,0.126980392900031,0.0328277123982708,0.0483974511484508,0.0478158847141374,0.1283520112456241,0.0632735737075222,0.5014445983076109,0.0984809060280497,0.0269452936000751,0.101957326282754,0.0667323762314537,0.1343841760134781
IL,0.0440158152154879,0.1968864666784029,0.1695054146370719,0.1183685855267336,0.1603210668940579,0.0634656895976525,0.0469291043632752,0.1148847582699449,0.1339357501512266,0.1935894546092788,0.0505867220057736,0.0570178019275777,0.0,0.1200863152482807,0.1915217450730854,0.1172237003310529,0.068149679512784,0.0465275136146142,0.1944694717727938,0.2922502224202572,0.0388991715566736,0.0687616159301927,0.1289269176376017,0.0532964998201428,0.2107002178117072,0.1858135507054058,0.2520741543784386,0.030401179302682,0.0759845055026635,0.0400545477371706,0.1094755601357985,0.0622290200655692,0.1262320221582324,0.1748093852317942,0.0712506217030695,0.0523369055654904,0.0667375814844545,0.0322082731399248,0.0983716386813916,0.0563479743263027,0.4002407843355146,0.0732562718466406,0.05110207627098,0.0589366848210067,0.0653240823545013,0.1088471181941993
IN,0.0995960214408431,0.1766020292785833,0.1120942264924056,0.1163147597193315,0.1028215228324177,0.122636021262478,0.1248008625999904,0.1461209307347495,0.1505159874227616,0.1261267479660485,0.1085633323549501,0.157660512610794,0.1200863152482807,0.0,0.3105205744686671,0.1766050562564723,0.1971350028808494,0.1133345274001177,0.1556298943084564,0.2742837494621857,0.1313823493640277,0.1487559103747114,0.1429662915525796,0.122298227810821,0.1605083663453936,0.1931331834311673,0.2194604671892395,0.1125517214357278,0.121013214266761,0.1402806196365029,0.0997090977589215,0.0961646771036758,0.1749130057224569,0.1300468659810129,0.1546770369572297,0.1112077369762839,0.1540277232608039,0.1194261573373646,0.1289149144131417,0.0993805835237713,0.5131230357524547,0.1280272799451797,0.1630125769927572,0.1235760939969279,0.1426806887763346,0.1825533179078151
IQ,0.2370882714988889,0.2967403331072445,0.3390663670090003,0.3094593105099904,0.3500282381552497,0.2325810394380059,0.2625787131004281,0.2925575139183456,0.3157567763133408,0.295491337214769,0.2481851284319699,0.2180607496090858,0.1915217450730854,0.3105205744686671,0.0,0.1288655879113485,0.2232285397435661,0.2383635384422312,0.2520295082356498,0.4463861820803366,0.1840423845675509,0.2220881789406733,0.2039694850771837,0.208533578126258,0.4307087442293433,0.3493041382862142,0.3843950260557224,0.2266615454951455,0.3005400176339566,0.2100215714270097,0.3136246235117228,0.2250796212139689,0.304934015668897,0.3522929398197919,0.1339948500076643,0.2362159357535149,0.1334635847409143,0.2393737496719228,0.189085110921223,0.2574629350203374,0.564713230336429,0.2638968822912704,0.1844672539523422,0.2075366506333625,0.1788742048062512,0.0811607503233393
JO,0.1562615631614838,0.3203116238595238,0.1644996258295242,0.1178322447392008,0.1604683617465734,0.1523655874483032,0.1602181425224672,0.2419689148859277,0.249929360986926,0.1743344869041869,0.1915493781737187,0.2182404635662089,0.1172237003310529,0.1766050562564723,0.1288655879113485,0.0,0.2037505395389358,0.140264092338372,0.1317638762648685,0.4167479319900614,0.1359659752661158,0.2017170654217228,0.1443217994772176,0.0617811460983553,0.1614207629983032,0.2017104572034745,0.3148239379742085,0.1477076104939314,0.1278408762091339,0.179745426791643,0.1535550819978444,0.1488582969970683,0.2185683364513513,0.2080542045718845,0.0387787758394725,0.1630054265858671,0.1287851322704486,0.1809748642889145,0.120591148448415,0.1817066599690162,0.4361276227478007,0.148344428393624,0.1884484832358219,0.1316905446735566,0.1670268148994804,0.1005748712716202
JP,0.0808916188619,0.2240326708027424,0.2332456598040917,0.1621570639617732,0.2193106684137528,0.1047031533671126,0.079587254794908,0.1518444251852467,0.1633966753073975,0.2573457235844988,0.0954791386413632,0.0524447182928073,0.068149679512784,0.1971350028808494,0.2232285397435661,0.2037505395389358,0.0,0.0865796416799493,0.2924955990896593,0.3045905728328684,0.0654558445507021,0.0866639436597704,0.1815535710017328,0.1138031134296249,0.3049800057342057,0.2331980914603966,0.3332483447397272,0.0583262969052872,0.1473776610377286,0.0600896685297447,0.1625773774199386,0.1073325512812377,0.1868440736353842,0.211375465952069,0.13191472870489,0.0740445385874644,0.0821004620100671,0.0641630222140877,0.1505194380525657,0.0941884402237619,0.3992905244420633,0.1149667477460554,0.028540697288083,0.1027025671922285,0.0929959890308973,0.1676922619918152
KG,0.05045178107993,0.2197221552615951,0.123457173695573,0.0842821097794292,0.1418757162649763,0.0613108387992159,0.060242469195077,0.0647972695683954,0.1321024107839394,0.1315851055884366,0.0837867704592172,0.088949594105158,0.0465275136146142,0.1133345274001177,0.2383635384422312,0.140264092338372,0.0865796416799493,0.0,0.1887935868639899,0.2693005531648761,0.0450762456836218,0.0310381591968746,0.1165604227173795,0.0586209014078077,0.2174859679375528,0.165017195726802,0.2041337743260575,0.0464152876625288,0.0764949634185885,0.0645310561595049,0.0857801808571182,0.0629452860565081,0.1268767380715871,0.1652499172814693,0.0948555132055583,0.0602706186571739,0.0903700955670664,0.0512361456821168,0.0951239533523575,0.0355089922689971,0.3787557369778964,0.0925308066354796,0.0667863668639207,0.0135475923874157,0.0764818672712995,0.1495784988304492
KH,0.1386092521703379,0.3491411073610414,0.0885928026433555,0.0986695677051331,0.0752931961910956,0.1282853559625154,0.2037088836927207,0.2155201997174357,0.213644825876304,0.1017696132218813,0.2236199574810671,0.2575482065302665,0.1944694717727938,0.1556298943084564,0.2520295082356498,0.1317638762648685,0.2924955990896593,0.1887935868639899,0.0,0.4434951732132541,0.1676928087132623,0.2460555969482694,0.085525550121756,0.1404742350941059,0.172306105198178,0.0821492623736265,0.1618084555609257,0.1662198930031712,0.1231571584377386,0.2296188745165321,0.1086983356801108,0.1122698899008864,0.1207435898358809,0.1899914818507447,0.1390925304771705,0.177773068070976,0.1727057908096729,0.1898334803828086,0.1601731283668106,0.2019296461866666,0.5825525345262088,0.1951973752218764,0.241485774333014,0.178213005475363,0.2287767922672013,0.1730059206713924
KR,0.2393216766995862,0.3880724118283148,0.4097548232693323,0.4230403519540636,0.3590342628634857,0.2805481374426037,0.3236989915106059,0.2371854845595958,0.1001618677684592,0.2975817718188894,0.2621541768880331,0.2611581683993722,0.2922502224202572,0.2742837494621857,0.4463861820803366,0.4167479319900614,0.3045905728328684,0.2693005531648761,0.4434951732132541,0.0,0.2747063634401522,0.2407901850986853,0.3625101691040097,0.3426061215400465,0.4329138088730304,0.3739110960789412,0.3416057378810403,0.3018349316073273,0.3534216393953661,0.2925208779731022,0.3136496790012588,0.2845337955180843,0.3083765545840156,0.3607280117555914,0.372968569966658,0.2647781616729067,0.3130136828035165,0.2405706352624828,0.2733769937975163,0.2289030142952299,0.5925342706961197,0.2528040215806754,0.2623458128935088,0.2442601903385381,0.3231036479610452,0.386873374164157
KW,0.0165622203650225,0.1747748508774014,0.1273975465078892,0.0973346720081318,0.127049975413716,0.0164066310626225,0.0319901532651185,0.0908829077684366,0.1068731413445519,0.141259177828971,0.0873268006121282,0.0421014503913923,0.0388991715566736,0.1313823493640277,0.1840423845675509,0.1359659752661158,0.0654558445507021,0.0450762456836218,0.1676928087132623,0.2747063634401522,0.0,0.0615101504425357,0.083125809714563,0.0495781811970207,0.2236007355870127,0.1293564114287987,0.187316383216785,0.0400559143294172,0.0797040103882105,0.0384787104720735,0.0975694681122228,0.0292349814699843,0.0913257900382937,0.1418327543803011,0.0784973543570209,0.0193294197256532,0.0288484273645205,0.0460981344605011,0.0847984541196982,0.0461422416330762,0.4447178745652894,0.0609533658120206,0.0481830693388724,0.0385698343919997,0.0552936425828968,0.1073571175156773
KZ,0.0781489446639815,0.2279222280543755,0.18042206757139,0.1581741620339943,0.2199702023495366,0.0908674162397965,0.0949037885123146,0.0585786829984009,0.1501756150092204,0.1518692902430301,0.0823419500601605,0.0861599926812136,0.0687616159301927,0.1487559103747114,0.2220881789406733,0.2017170654217228,0.0866639436597704,0.0310381591968746,0.2460555969482694,0.2407901850986853,0.0615101504425357,0.0,0.1351155174309093,0.1165939218614853,0.329609664533242,0.2323173708542285,0.2110237380686139,0.0657892570616337,0.141622109511579,0.0731701796669596,0.1423418756086548,0.0975919122636657,0.1542630590713889,0.2261493820722733,0.1434377458234105,0.0906391494799651,0.1070450579282493,0.0621942113243083,0.0995979583058717,0.060874475572385,0.3862411715795133,0.1298837395768345,0.055650091063038,0.0331872027946175,0.0705842155159628,0.1603828466075392
LA,0.0828242993458444,0.2385815747005973,0.0888000774165846,0.0920877509808798,0.0766856467218328,0.0659340412195638,0.1162192527790186,0.1286344315429544,0.1721001787365411,0.1042481996970593,0.1343382015067749,0.1523341241125098,0.1289269176376017,0.1429662915525796,0.2039694850771837,0.1443217994772176,0.1815535710017328,0.1165604227173795,0.085525550121756,0.3625101691040097,0.083125809714563,0.1351155174309093,0.0,0.1033741076311097,0.1804233653661596,0.0829135106643803,0.1355080673937788,0.0971020067418865,0.0969393338142046,0.114473140416702,0.1015398468101022,0.0619279363283705,0.089712595014279,0.1777050347424016,0.1027096611968338,0.091905176076838,0.106900723441799,0.1293455075697698,0.0623368242557129,0.134939113017603,0.5760029253043587,0.1223865328901249,0.1486011291635971,0.1079607586870176,0.1028454468957925,0.1403941687753122
LB,0.0626958341122826,0.2424727671997524,0.1084838896129095,0.0553594972315127,0.0991026574043093,0.0640861507233494,0.0626240186069858,0.1376147279073909,0.1671545800383778,0.1402879391388919,0.1235405643153462,0.1258123337298717,0.0532964998201428,0.122298227810821,0.208533578126258,0.0617811460983553,0.1138031134296249,0.0586209014078077,0.1404742350941059,0.3426061215400465,0.0495781811970207,0.1165939218614853,0.1033741076311097,0.0,0.1177800060829938,0.1421028381652441,0.2541015634259095,0.0692010528942329,0.0481883788809723,0.0919935684934174,0.068449815657029,0.075882745160815,0.1487118552974171,0.1338002061641349,0.0550116069401152,0.0702188504032927,0.0832135744954619,0.0888616829249113,0.1001864208351419,0.0878799559051094,0.3890297335501417,0.0739748674183191,0.1202714484169814,0.0584257927261219,0.1187962488871554,0.130382837029076
LK,0.1857285794350529,0.354694107862203,0.1271538704983127,0.1030570871138408,0.0876911430153811,0.1856533873961121,0.1808159432827998,0.2686353007201622,0.2551663819836509,0.1915546639412468,0.252103218658076,0.3001169660177955,0.2107002178117072,0.1605083663453936,0.4307087442293433,0.1614207629983032,0.3049800057342057,0.2174859679375528,0.172306105198178,0.4329138088730304,0.2236007355870127,0.329609664533242,0.1804233653661596,0.1177800060829938,0.0,0.1407950815676802,0.3015079053546757,0.200723954623432,0.0982750866109992,0.2573231557758653,0.1041139557311765,0.1756665582024843,0.2162670682517555,0.1693731550398149,0.165936164375328,0.1935438786972185,0.2544375620005183,0.238539529745585,0.2033845072707776,0.2256754311314492,0.5120199663441468,0.1638678843316968,0.3108017316238821,0.2374131628932126,0.2927442589749486,0.2782776589836435
MM,0.087723058573586,0.3207640065772593,0.0899045000256907,0.0861709739649245,0.0445335881788483,0.0789246876446647,0.1444846997623641,0.17001486945501,0.1479722841629335,0.1178220309028399,0.2272721782411176,0.1978190864891499,0.1858135507054058,0.1931331834311673,0.3493041382862142,0.2017104572034745,0.2331980914603966,0.165017195726802,0.0821492623736265,0.3739110960789412,0.1293564114287987,0.2323173708542285,0.0829135106643803,0.1421028381652441,0.1407950815676802,0.0,0.12586644005966,0.1324757958244059,0.078549852800298,0.1927646426890646,0.081745372493693,0.0702801618712087,0.058528789382638,0.1626289392446557,0.1538503954622014,0.1158061941126236,0.1574415056977496,0.1566814168926172,0.1568683638122106,0.1661619427335749,0.6063258997909737,0.1382380949860402,0.2044699906747905,0.1672377496026825,0.2231467540377615,0.2079914265924033
MN,0.1545411773644207,0.3119080444272568,0.1334802298764363,0.2014302314306789,0.1705724148562463,0.13958609003582,0.2166655521527762,0.1100243462523395,0.1748341310700571,0.0888584833715295,0.242890786069295,0.2572580604974086,0.2520741543784386,0.2194604671892395,0.3843950260557224,0.3148239379742085,0.3332483447397272,0.2041337743260575,0.1618084555609257,0.3416057378810403,0.187316383216785,0.2110237380686139,0.1355080673937788,0.2541015634259095,0.3015079053546757,0.12586644005966,0.0,0.2126758245690172,0.1808373768649086,0.2399947252770765,0.1774192000351973,0.1432943980378017,0.0733164283736524,0.2566829936647674,0.2578084335604121,0.1826993744549935,0.2191152443763112,0.2240306050728,0.1783079782847326,0.1770609962326309,0.6162629859641805,0.2047401619320388,0.2435624687623162,0.1872811109523857,0.2266876634314609,0.2433408245414348
MO,0.033193810630521,0.2068190099206156,0.1339073402487677,0.0915645547804754,0.1232014042714199,0.0489175534681017,0.0462749031588296,0.0967797649433925,0.1243146025497347,0.1645363270298809,0.0410714867615276,0.050853250455352,0.030401179302682,0.1125517214357278,0.2266615454951455,0.1477076104939314,0.0583262969052872,0.0464152876625288,0.1662198930031712,0.3018349316073273,0.0400559143294172,0.0657892570616337,0.0971020067418865,0.0692010528942329,0.200723954623432,0.1324757958244059,0.2126758245690172,0.0,0.06093548248451,0.0439775485945252,0.0756521874880135,0.0398313838196612,0.0897850386337605,0.1625881980612378,0.0894947450795542,0.0399861456950814,0.0764898331302373,0.0164723310364376,0.0864686993696136,0.0692528510906378,0.4234373840973204,0.0692834437480274,0.0400992316260448,0.0697387741809554,0.0780690004010614,0.1282030207202048
MV,0.0578827567555498,0.2653944100651719,0.0897700040211421,0.0523563317901851,0.0705237695490634,0.0628361235862754,0.0704657443474151,0.1131375114309696,0.1450143767355157,0.1249031340132629,0.1229646572695337,0.139590803952688,0.0759845055026635,0.121013214266761,0.3005400176339566,0.1278408762091339,0.1473776610377286,0.0764949634185885,0.1231571584377386,0.3534216393953661,0.0797040103882105,0.141622109511579,0.0969393338142046,0.0481883788809723,0.0982750866109992,0.078549852800298,0.1808373768649086,0.06093548248451,0.0,0.1126731326703632,0.0433789913038453,0.0670911638084074,0.0979073688384948,0.1356130103537958,0.0969038501343195,0.0826878734770901,0.1335980133654174,0.0768737749100708,0.1242873444601657,0.0941766661458991,0.4703398318706601,0.0994125544822951,0.1391672748663085,0.0937665345852869,0.1596305062990878,0.1664096020549458
MY,0.0471088313572284,0.1512476875422016,0.1888415982774642,0.1482133701870051,0.1666690979008129,0.063668424009305,0.0336488365222874,0.1071525862933663,0.1274666174931032,0.2119772363031048,0.060639904941675,0.0244655701033954,0.0400545477371706,0.1402806196365029,0.2100215714270097,0.179745426791643,0.0600896685297447,0.0645310561595049,0.2296188745165321,0.2925208779731022,0.0384787104720735,0.0731701796669596,0.114473140416702,0.0919935684934174,0.2573231557758653,0.1927646426890646,0.2399947252770765,0.0439775485945252,0.1126731326703632,0.0,0.1260524399942377,0.0596693078718556,0.1247814552351166,0.1715145335523874,0.104811783518102,0.0316558256385489,0.052890755488227,0.0468538928809852,0.0929208101991685,0.0534320414600295,0.465052799949889,0.0884373408647876,0.0357094572957762,0.0731724940020331,0.0358141864752663,0.1335318036185141
NP,0.0668038283257551,0.2485270143123146,0.075367985719681,0.0561673106223702,0.056994598444685,0.0786391453790543,0.08971632504332,0.1001706783811912,0.1325252055970526,0.1037226984361681,0.1417201237497698,0.153479454923494,0.1094755601357985,0.0997090977589215,0.3136246235117228,0.1535550819978444,0.1625773774199386,0.0857801808571182,0.1086983356801108,0.3136496790012588,0.0975694681122228,0.1423418756086548,0.1015398468101022,0.068449815657029,0.1041139557311765,0.081745372493693,0.1774192000351973,0.0756521874880135,0.0433789913038453,0.1260524399942377,0.0,0.0760209417564516,0.1121578485545602,0.1153248153552403,0.1164598806258392,0.0909943645269979,0.1375340775609709,0.0897733325649363,0.1133307681609223,0.0978823260807638,0.4230099130850955,0.095125181796521,0.1473829416568811,0.0986362677810712,0.1659149459954229,0.1841110308159518
OM,0.0124749679157424,0.1773855844862609,0.0932983187766194,0.0778143484924656,0.0695821552253482,0.01629379502246,0.0460014628322671,0.0966899444922554,0.0874767533720907,0.1178036524103542,0.0908771610636359,0.0556326895042729,0.0622290200655692,0.0961646771036758,0.2250796212139689,0.1488582969970683,0.1073325512812377,0.0629452860565081,0.1122698899008864,0.2845337955180843,0.0292349814699843,0.0975919122636657,0.0619279363283705,0.075882745160815,0.1756665582024843,0.0702801618712087,0.1432943980378017,0.0398313838196612,0.0670911638084074,0.0596693078718556,0.0760209417564516,0.0,0.0498723639965926,0.1120887303064699,0.0821405874834081,0.0172022148687257,0.0436979002471045,0.0537206400161459,0.0908438688850293,0.0547765631473112,0.525264303099571,0.0616925195241071,0.0712197213529584,0.0718376983305976,0.0813325338692103,0.1130048895504427
PH,0.0594854071331345,0.253157526267913,0.1220626501234443,0.1264983381116728,0.1094016143820444,0.0569078646323298,0.1105480077217648,0.1077677455236165,0.1019935539889238,0.1246729473594342,0.137518647608262,0.1283098275767816,0.1262320221582324,0.1749130057224569,0.304934015668897,0.2185683364513513,0.1868440736353842,0.1268767380715871,0.1207435898358809,0.3083765545840156,0.0913257900382937,0.1542630590713889,0.089712595014279,0.1487118552974171,0.2162670682517555,0.058528789382638,0.0733164283736524,0.0897850386337605,0.0979073688384948,0.1247814552351166,0.1121578485545602,0.0498723639965926,0.0,0.19229295929001,0.1506733064649918,0.074886334889483,0.1174143523467262,0.1018578042560598,0.1381712537084601,0.1140983797475072,0.5430144555291547,0.114845262254567,0.1271999193975937,0.1305009112226409,0.1495804554721116,0.1634823525902257
PK,0.1068514691065839,0.2221582210836595,0.141217137440033,0.1271481115101916,0.1083625572359554,0.1254046358201208,0.130011782584932,0.1959847235675802,0.1893755822140013,0.1764842867204031,0.2265408642681252,0.1877864214288641,0.1748093852317942,0.1300468659810129,0.3522929398197919,0.2080542045718845,0.211375465952069,0.1652499172814693,0.1899914818507447,0.3607280117555914,0.1418327543803011,0.2261493820722733,0.1777050347424016,0.1338002061641349,0.1693731550398149,0.1626289392446557,0.2566829936647674,0.1625881980612378,0.1356130103537958,0.1715145335523874,0.1153248153552403,0.1120887303064699,0.19229295929001,0.0,0.1741666848694474,0.1243003438377793,0.1393221581185822,0.181367941927077,0.1816331075876643,0.1482757409556093,0.5309430991213642,0.1429185355123687,0.2069185555279031,0.1664416860529312,0.2027421810731084,0.2204354715158153
PS,0.0912777825184564,0.2503123832879781,0.142131823748403,0.1062647516388406,0.1367634906947202,0.0925761816013316,0.0907746650747863,0.1707583157171712,0.1858127159637985,0.167246965082187,0.1406395982793088,0.126980392900031,0.0712506217030695,0.1546770369572297,0.1339948500076643,0.0387787758394725,0.13191472870489,0.0948555132055583,0.1390925304771705,0.372968569966658,0.0784973543570209,0.1434377458234105,0.1027096611968338,0.0550116069401152,0.165936164375328,0.1538503954622014,0.2578084335604121,0.0894947450795542,0.0969038501343195,0.104811783518102,0.1164598806258392,0.0821405874834081,0.1506733064649918,0.1741666848694474,0.0,0.0863536299835765,0.0651414357746151,0.1244126736703219,0.1000973536297183,0.1033273048745028,0.4613609811552632,0.0991632875980245,0.1113912963982443,0.1001365487890839,0.0926949612137748,0.0762850379272437
QA,0.0159901001270715,0.158453318913519,0.1274209409071366,0.0986809388652358,0.1016674752899448,0.0223642256217169,0.0255711200053961,0.1004368883619171,0.0876143327379127,0.1555209178309723,0.0846810912149127,0.0328277123982708,0.0523369055654904,0.1112077369762839,0.2362159357535149,0.1630054265858671,0.0740445385874644,0.0602706186571739,0.177773068070976,0.2647781616729067,0.0193294197256532,0.0906391494799651,0.091905176076838,0.0702188504032927,0.1935438786972185,0.1158061941126236,0.1826993744549935,0.0399861456950814,0.0826878734770901,0.0316558256385489,0.0909943645269979,0.0172022148687257,0.074886334889483,0.1243003438377793,0.0863536299835765,0.0,0.0352117997820294,0.0520280749084987,0.0966734952769664,0.0428488164539081,0.4884900888173239,0.0476340344469365,0.0537849824560464,0.0673395107892356,0.060944567461309,0.1318084308693663
SA,0.04562209275847,0.1748221594323268,0.1597323761605013,0.136777923455075,0.153325512583938,0.0520143044321123,0.0550434928405009,0.1286677524083036,0.1393327889575392,0.1651237291617944,0.1293122047508135,0.0483974511484508,0.0667375814844545,0.1540277232608039,0.1334635847409143,0.1287851322704486,0.0821004620100671,0.0903700955670664,0.1727057908096729,0.3130136828035165,0.0288484273645205,0.1070450579282493,0.106900723441799,0.0832135744954619,0.2544375620005183,0.1574415056977496,0.2191152443763112,0.0764898331302373,0.1335980133654174,0.052890755488227,0.1375340775609709,0.0436979002471045,0.1174143523467262,0.1393221581185822,0.0651414357746151,0.0352117997820294,0.0,0.0912304456231792,0.1038225781961449,0.0678559041396629,0.4929261710319328,0.0835357710383485,0.0553573146957068,0.0775191463148565,0.060603345345145,0.0787364491418141
SG,0.032573324403006,0.2145985924735307,0.1651563433954889,0.1223729626098926,0.1491119686207793,0.05346868391606,0.0604506377658827,0.0964297345170124,0.0909510297671633,0.1777700537518142,0.0390996230000282,0.0478158847141374,0.0322082731399248,0.1194261573373646,0.2393737496719228,0.1809748642889145,0.0641630222140877,0.0512361456821168,0.1898334803828086,0.2405706352624828,0.0460981344605011,0.0621942113243083,0.1293455075697698,0.0888616829249113,0.238539529745585,0.1566814168926172,0.2240306050728,0.0164723310364376,0.0768737749100708,0.0468538928809852,0.0897733325649363,0.0537206400161459,0.1018578042560598,0.181367941927077,0.1244126736703219,0.0520280749084987,0.0912304456231792,0.0,0.1125544822824473,0.0643564727643315,0.4230577051095818,0.0866831359073534,0.0374783591610065,0.0670712393248745,0.0970011151136913,0.1490899800433966
TH,0.0918359937414908,0.2367807414313101,0.1267116829394474,0.1292248631813357,0.1201133639195707,0.1010636395290914,0.1061489022353662,0.1032110907924337,0.1617262531970023,0.1133588176532203,0.1115739179841893,0.1283520112456241,0.0983716386813916,0.1289149144131417,0.189085110921223,0.120591148448415,0.1505194380525657,0.0951239533523575,0.1601731283668106,0.2733769937975163,0.0847984541196982,0.0995979583058717,0.0623368242557129,0.1001864208351419,0.2033845072707776,0.1568683638122106,0.1783079782847326,0.0864686993696136,0.1242873444601657,0.0929208101991685,0.1133307681609223,0.0908438688850293,0.1381712537084601,0.1816331075876643,0.1000973536297183,0.0966734952769664,0.1038225781961449,0.1125544822824473,0.0,0.1158861559041233,0.4662818795157932,0.0882693822976985,0.1135241646333955,0.081998608291004,0.0759285686912888,0.1380651185903257
TJ,0.0403224486371217,0.1875459100883966,0.1328616314741082,0.1254941902124551,0.1464740520609043,0.0574427030780287,0.045837263906784,0.0608743775752288,0.0912822682141696,0.1343371532684985,0.0957283671321835,0.0632735737075222,0.0563479743263027,0.0993805835237713,0.2574629350203374,0.1817066599690162,0.0941884402237619,0.0355089922689971,0.2019296461866666,0.2289030142952299,0.0461422416330762,0.060874475572385,0.134939113017603,0.0878799559051094,0.2256754311314492,0.1661619427335749,0.1770609962326309,0.0692528510906378,0.0941766661458991,0.0534320414600295,0.0978823260807638,0.0547765631473112,0.1140983797475072,0.1482757409556093,0.1033273048745028,0.0428488164539081,0.0678559041396629,0.0643564727643315,0.1158861559041233,0.0,0.451676505032063,0.0903120149277391,0.0616411043320953,0.0422223896227662,0.067785020563635,0.1510433025726993
TM,0.4680535653324784,0.5818127656838208,0.5124719420429737,0.4327746784737163,0.5797497819015024,0.4947752222110727,0.4565477903332506,0.4628387328858456,0.5481983302877795,0.5107403307950695,0.4498247076276938,0.5014445983076109,0.4002407843355146,0.5131230357524547,0.564713230336429,0.4361276227478007,0.3992905244420633,0.3787557369778964,0.5825525345262088,0.5925342706961197,0.4447178745652894,0.3862411715795133,0.5760029253043587,0.3890297335501417,0.5120199663441468,0.6063258997909737,0.6162629859641805,0.4234373840973204,0.4703398318706601,0.465052799949889,0.4230099130850955,0.525264303099571,0.5430144555291547,0.5309430991213642,0.4613609811552632,0.4884900888173239,0.4929261710319328,0.4230577051095818,0.4662818795157932,0.451676505032063,0.0,0.4361227219581204,0.4103481222402044,0.3765744751902558,0.4637777285420502,0.5171673259892499
TR,0.0487354431199048,0.2158105606005795,0.1500406256840439,0.1137440623557207,0.104313326718357,0.0676778862610643,0.0748365800663449,0.1414557914211486,0.113715740109993,0.1730412194209835,0.106020640112571,0.0984809060280497,0.0732562718466406,0.1280272799451797,0.2638968822912704,0.148344428393624,0.1149667477460554,0.0925308066354796,0.1951973752218764,0.2528040215806754,0.0609533658120206,0.1298837395768345,0.1223865328901249,0.0739748674183191,0.1638678843316968,0.1382380949860402,0.2047401619320388,0.0692834437480274,0.0994125544822951,0.0884373408647876,0.095125181796521,0.0616925195241071,0.114845262254567,0.1429185355123687,0.0991632875980245,0.0476340344469365,0.0835357710383485,0.0866831359073534,0.0882693822976985,0.0903120149277391,0.4361227219581204,0.0,0.1049337131278624,0.0925479923305611,0.1017067009899915,0.1654139898074127
TW,0.0551039971957659,0.1886435940675517,0.2082176158704721,0.1679507052022303,0.2078666244307765,0.0771888216583834,0.0666927498128406,0.1020747550684426,0.1181391005055876,0.2039480287900725,0.0622125201361922,0.0269452936000751,0.05110207627098,0.1630125769927572,0.1844672539523422,0.1884484832358219,0.028540697288083,0.0667863668639207,0.241485774333014,0.2623458128935088,0.0481830693388724,0.055650091063038,0.1486011291635971,0.1202714484169814,0.3108017316238821,0.2044699906747905,0.2435624687623162,0.0400992316260448,0.1391672748663085,0.0357094572957762,0.1473829416568811,0.0712197213529584,0.1271999193975937,0.2069185555279031,0.1113912963982443,0.0537849824560464,0.0553573146957068,0.0374783591610065,0.1135241646333955,0.0616411043320953,0.4103481222402044,0.1049337131278624,0.0,0.0770685081163932,0.0604586023233806,0.1135878734361277
UZ,0.0528119101347179,0.2239911826921056,0.1263918241813378,0.0976870197935912,0.1474077628279165,0.0587543598144069,0.0731022348372357,0.0677031538503671,0.1279989046745884,0.109522181501148,0.1079631508474234,0.101957326282754,0.0589366848210067,0.1235760939969279,0.2075366506333625,0.1316905446735566,0.1027025671922285,0.0135475923874157,0.178213005475363,0.2442601903385381,0.0385698343919997,0.0331872027946175,0.1079607586870176,0.0584257927261219,0.2374131628932126,0.1672377496026825,0.1872811109523857,0.0697387741809554,0.0937665345852869,0.0731724940020331,0.0986362677810712,0.0718376983305976,0.1305009112226409,0.1664416860529312,0.1001365487890839,0.0673395107892356,0.0775191463148565,0.0670712393248745,0.081998608291004,0.0422223896227662,0.3765744751902558,0.0925479923305611,0.0770685081163932,0.0,0.0756553445048315,0.1388935756068355
VN,0.0790172951995396,0.1710019899753848,0.1857151958155252,0.1666118921741941,0.1916252644403978,0.0869157596797691,0.0692178046962409,0.1298432369985157,0.1753265387468643,0.2036420022090936,0.0765476584609001,0.0667323762314537,0.0653240823545013,0.1426806887763346,0.1788742048062512,0.1670268148994804,0.0929959890308973,0.0764818672712995,0.2287767922672013,0.3231036479610452,0.0552936425828968,0.0705842155159628,0.1028454468957925,0.1187962488871554,0.2927442589749486,0.2231467540377615,0.2266876634314609,0.0780690004010614,0.1596305062990878,0.0358141864752663,0.1659149459954229,0.0813325338692103,0.1495804554721116,0.2027421810731084,0.0926949612137748,0.060944567461309,0.060603345345145,0.0970011151136913,0.0759285686912888,0.067785020563635,0.4637777285420502,0.1017067009899915,0.0604586023233806,0.0756553445048315,0.0,0.1254846608897658
YE,0.1250801647090528,0.1493943958545315,0.2194367345641922,0.1953818222471458,0.2179167032919277,0.1256464241751687,0.1476607179680925,0.1821516121952912,0.1989572384591729,0.2008773734875274,0.1624145497583483,0.1343841760134781,0.1088471181941993,0.1825533179078151,0.0811607503233393,0.1005748712716202,0.1676922619918152,0.1495784988304492,0.1730059206713924,0.386873374164157,0.1073571175156773,0.1603828466075392,0.1403941687753122,0.130382837029076,0.2782776589836435,0.2079914265924033,0.2433408245414348,0.1282030207202048,0.1664096020549458,0.1335318036185141,0.1841110308159518,0.1130048895504427,0.1634823525902257,0.2204354715158153,0.0762850379272437,0.1318084308693663,0.0787364491418141,0.1490899800433966,0.1380651185903257,0.1510433025726993,0.5171673259892499,0.1654139898074127,0.1135878734361277,0.1388935756068355,0.1254846608897658,0.0
