ISO_CODE,AE,AF,AM,AZ,BD,BH,BN,BT,CN,GE,HK,ID,IL,IN,IQ,JO,JP,KG,KH,KR,KW,KZ,LA,LB,LK,MM,MN,MO,MV,MY,NP,OM,PH,PK,PS,QA,SA,SG,TH,TJ,TM,TR,TW,UZ,VN,YE
AE,0.0,0.054271031306442,0.0305313355846595,0.0317313692569493,0.0394613514557793,0.0073152396335399,0.0345999514242112,0.0284431244362428,0.0594816252541994,0.0376740235237431,0.0719549935798918,0.0438791729782483,0.0468678627978184,0.0268721860217903,0.0558692009459218,0.0540626268397924,0.0521444091352008,0.0348196377472962,0.0389279308675138,0.0679425059049679,0.0136505183022721,0.0410248542055837,0.040968604210932,0.0307015366702229,0.0343034842505096,0.0443123688624109,0.0441105351009331,0.0752954621900144,0.0455206562517367,0.0706269049944989,0.0454602923668951,0.0176991360877765,0.0421347629485324,0.0326492622995634,0.1091529422928659,0.0076776117560197,0.0145110138529533,0.03350731706797,0.0824635109544293,0.0395969169779937,0.1118658082763961,0.0375449645724134,0.0918375572035825,0.0362143653937365,0.0894143800848279,0.0500370275580503
AF,0.054271031306442,0.0,0.0700585681825959,0.0688382245400338,0.0573831081479313,0.0561776655261651,0.0763935958441888,0.0529678275292235,0.0894500043531034,0.0791936085332085,0.1187058413282691,0.0769661739330297,0.0932006023492602,0.0627557803084702,0.0780986413217355,0.091878486263999,0.0868391036732916,0.0699310761661778,0.0728463075812345,0.1062056913340105,0.0645164674853674,0.079239665512679,0.073827143256784,0.0697638370814777,0.0682852364838997,0.0762009207784155,0.0826452035242426,0.1190004839552789,0.0906475230452233,0.1149634028310406,0.064568885954751,0.0561874171743395,0.0843225094606214,0.0597721057752338,0.135026257337552,0.0531815370478191,0.0560278309588104,0.0827720297142842,0.1253777217930738,0.0679307369790803,0.1361912555710516,0.0763706821061662,0.1317568767640343,0.0691891439807628,0.1235203323489119,0.0696730831284007
AM,0.0305313355846595,0.0700585681825959,0.0,0.0227784413916444,0.0536887410108044,0.0343777299405669,0.0494460167529018,0.0387778665703404,0.0575188588356863,0.0267127046563149,0.0884533794363502,0.0492581198841274,0.0605312774255503,0.0487297347759319,0.0773406163006493,0.0799250907696277,0.0483290700253853,0.0286250427932948,0.0470152665998474,0.0704679357990254,0.0394648479457628,0.0353937125418417,0.041715476845573,0.0386231011443595,0.042510813829542,0.0502628229964094,0.0322177706005931,0.0803106939418856,0.0701802374313339,0.0912072240565888,0.0605473215287164,0.0363990566982106,0.0548384245844654,0.06329587635782,0.1337470731239324,0.0322970056635375,0.0366864787754804,0.049205522095359,0.0946062646105572,0.0345247769242089,0.1120305724956749,0.0395435876687356,0.104333878600656,0.0295554975781946,0.101572660056692,0.0565681968017917
AZ,0.0317313692569493,0.0688382245400338,0.0227784413916444,0.0,0.0501055862304162,0.035818016876199,0.0501874405591447,0.0378184316846346,0.043648765761176,0.0321805226260305,0.0957823799186514,0.0397389165687921,0.0672305578684051,0.0421280941152826,0.0738497603767205,0.0827703598953629,0.0372286815861271,0.0254171413528379,0.0514245561870114,0.0710038651672079,0.0377042659597083,0.0298504822165068,0.0413131760713234,0.0440041609588365,0.0399475155186633,0.0520377660316189,0.0356643075049516,0.0910453127511241,0.0768572570689964,0.0968014697870813,0.0626672854965375,0.0291161175855159,0.0547404498888094,0.0615657608648303,0.1370959850174947,0.0313196037373556,0.0324487535248041,0.0554983747938434,0.1006160107978575,0.0267288131595297,0.0939675489420883,0.0271837730934454,0.1119854000369499,0.0220653695615864,0.1049739934384792,0.0449569745987608
BD,0.0394613514557793,0.0573831081479313,0.0536887410108044,0.0501055862304162,0.0,0.0392209872385392,0.0694262655434458,0.0392973591437246,0.0561860229989001,0.0622866813533093,0.1198405170517561,0.0503279379580072,0.094730952233603,0.0356541457552044,0.0881738581799815,0.098671475126612,0.0603877538111108,0.0544760016771543,0.0604487309929492,0.0973699252011253,0.0460342772196109,0.0588455906987481,0.0619823868663574,0.0677999033333067,0.044083416702445,0.058584031634827,0.0632683737922832,0.1192216550188416,0.0753301685273281,0.1120734990716822,0.0403881120628071,0.0261172730752028,0.0638932475086254,0.0486592331520626,0.1430001055366206,0.0342023808830075,0.0381708710351121,0.0745619934996691,0.1207313706997175,0.0470175818371163,0.1058484049206335,0.0622009026897321,0.1378329959291769,0.0485812225196886,0.1260154424251944,0.0482281256784418
BH,0.0073152396335399,0.0561776655261651,0.0343777299405669,0.035818016876199,0.0392209872385392,0.0,0.0378915446252049,0.0259742895915215,0.0670230831744638,0.0420545857303114,0.073192900825909,0.0450912537662886,0.0472849900138261,0.0276308483369208,0.0576626603582209,0.0548196090798861,0.055731966266281,0.03556580623203,0.0407583665647068,0.0663405413878639,0.013504809842076,0.0425621856157762,0.0404973458204349,0.0319471974175675,0.0389017207280361,0.0473966259297753,0.0488701278076146,0.0777147354487665,0.0483281545367488,0.0744432623793609,0.0467984908204315,0.0185014582840826,0.0489342241214398,0.0396764808242459,0.1156600055355692,0.0078132273607673,0.0169755657434267,0.0350719978428683,0.0846455293409627,0.0410096534008095,0.1189113290028945,0.0399410497787369,0.0934225391235563,0.0387741444043312,0.0908880047326953,0.0534539282717732
BN,0.0345999514242112,0.0763935958441888,0.0494460167529018,0.0501874405591447,0.0694262655434458,0.0378915446252049,0.0,0.0462381101303553,0.0887434304991086,0.0560958102527162,0.064838911109154,0.0524598704031041,0.0569910456911093,0.0648725811327085,0.0676683429821752,0.0663634090863796,0.0770058544439378,0.0543699190386821,0.0558720952673842,0.072596255928388,0.0432314755270012,0.06058651944408,0.050317119818379,0.0456605862385544,0.0560439476524239,0.0630542656805902,0.0593447893357145,0.0635683441738947,0.0600476831816325,0.037263802151944,0.0711847246708474,0.0519840345584963,0.0516111461634523,0.0705249120488155,0.1163806660796753,0.037210264482224,0.0486863917720474,0.0313037920290789,0.0718150988975233,0.0620214352267258,0.1393111783511565,0.054261773969217,0.0765613125359234,0.0553149861119508,0.0842445300928917,0.0777340614437547
BT,0.0284431244362428,0.0529678275292235,0.0387778665703404,0.0378184316846346,0.0392973591437246,0.0259742895915215,0.0462381101303553,0.0,0.0589029709922113,0.0458207464796822,0.0860083387257392,0.0400924553932922,0.0643781412417336,0.0327099003756856,0.0684745386469167,0.0748938133691712,0.054218198747535,0.0367019001102921,0.0465159028769884,0.0684563743024292,0.0333902723190956,0.0442835810723449,0.040540221562229,0.0452724731981331,0.0383032218502258,0.044567647550563,0.0472722595914602,0.0849739887909997,0.0578297759224937,0.0865302683960248,0.0341371103793581,0.0285545039776394,0.0476839533616155,0.0460556565338977,0.1261734100347895,0.0269367818523234,0.0318071206358214,0.0457401178799578,0.0947807675310925,0.0375278648757715,0.1108893806159033,0.04546498098053,0.1005544758413545,0.0366631309354982,0.097785024739214,0.0480036190258721
CN,0.0594816252541994,0.0894500043531034,0.0575188588356863,0.043648765761176,0.0561860229989001,0.0670230831744638,0.0887434304991086,0.0589029709922113,0.0,0.0598349412785712,0.1345647262855722,0.039494290560901,0.1047412136631574,0.0464505245690218,0.1013374670196004,0.1204947176747703,0.0108859384333545,0.033026456053778,0.0752573367649851,0.097442633504326,0.0562588495544327,0.0289451752657099,0.0614515169579129,0.0816896276125977,0.0552296293133748,0.0664631706567079,0.0681043275985568,0.1408998465578361,0.1154861887648153,0.1476803908301276,0.0879965198254079,0.0260853573499875,0.0755368237847277,0.0788717740025657,0.1643807862535122,0.0512591488619914,0.0397775733960003,0.0929166626364902,0.1438860785940943,0.0217390746295679,0.0485017850675439,0.0552808665333817,0.1624561358267049,0.0263774712470661,0.1439078619863678,0.0255411134860481
GE,0.0376740235237431,0.0791936085332085,0.0267127046563149,0.0321805226260305,0.0622866813533093,0.0420545857303114,0.0560958102527162,0.0458207464796822,0.0598349412785712,0.0,0.0904850149365107,0.0561958972563373,0.063074864501325,0.0541178822361768,0.0810383868935138,0.079262574533017,0.0573574939112688,0.0435034395461118,0.0466153731959354,0.084368454456448,0.0473248943422857,0.0497269915016261,0.0508506376214334,0.0452683827746596,0.0483274617465376,0.0578635529197,0.0367305370126097,0.0898417738260738,0.0653512197556898,0.1014702815709432,0.0700589353970911,0.0449760437525459,0.0602880949294678,0.0677440734296066,0.1370651810048359,0.0399322953309154,0.0433226600580856,0.0587944596038672,0.1068077418417242,0.0464228025405228,0.1176334715195721,0.0471190269942148,0.1171085519389376,0.0430064249476821,0.1143395624419928,0.0629783027587813
HK,0.0719549935798918,0.1187058413282691,0.0884533794363502,0.0957823799186514,0.1198405170517561,0.073192900825909,0.064838911109154,0.0860083387257392,0.1345647262855722,0.0904850149365107,0.0,0.0967666787628915,0.0688271099941166,0.1049459626363498,0.0930949240848056,0.0797925830330201,0.1215875201135719,0.090070885238271,0.0823852959595254,0.0890832337685366,0.0800974380466158,0.1018224609699189,0.0784485229259367,0.0796182710656114,0.1027702791343324,0.0959237699478312,0.1015056872336249,0.0278847713225921,0.1004815380630821,0.0727023063270035,0.1146955052014634,0.0992386342954598,0.0944591404056898,0.1191959041276435,0.1326067864914272,0.0775446723553341,0.0888127897723541,0.0497248643422084,0.0807744625381998,0.1056828126975579,0.1844054358770473,0.0967492261378252,0.0384679942302017,0.0980971687486949,0.0833859924965019,0.1223339955194974
ID,0.0438791729782483,0.0769661739330297,0.0492581198841274,0.0397389165687921,0.0503279379580072,0.0450912537662886,0.0524598704031041,0.0400924553932922,0.039494290560901,0.0561958972563373,0.0967666787628915,0.0,0.0738239329907752,0.0398144595465872,0.0829377378347746,0.0904584087374482,0.0352580660239394,0.0297949015559667,0.0625769485368428,0.0725046488185445,0.0403844298758758,0.0302906523896593,0.0428979551613875,0.0602383886884571,0.0488527638639275,0.0612131548543936,0.0587527782208621,0.1051843245141566,0.0976349426155542,0.0919987600447502,0.0622997612723698,0.029091944244924,0.0537374042533518,0.0716847894048967,0.1485690582710668,0.0392697566697373,0.0363620305852693,0.0600307501975572,0.0967819390600525,0.0276985887714763,0.0884242417599057,0.0440882538161373,0.1197294043416857,0.0278383226120479,0.1085640288180445,0.0369180817966765
IL,0.0468678627978184,0.0932006023492602,0.0605312774255503,0.0672305578684051,0.094730952233603,0.0472849900138261,0.0569910456911093,0.0643781412417336,0.1047412136631574,0.063074864501325,0.0688271099941166,0.0738239329907752,0.0,0.0783772258716726,0.0612382429890208,0.0437154182782202,0.0938110321772864,0.0636313811727981,0.0697256588039683,0.0886633686200331,0.0506810680869953,0.0734689310065661,0.0659366655241424,0.0428508605771781,0.0786445368525042,0.0844584185831739,0.0765723873261799,0.0824242283551116,0.0751798198117164,0.0862341636857847,0.0948210225800667,0.0685858482428805,0.0831046445850693,0.0898657064350294,0.0905000326111368,0.0482503112307791,0.0565213752367744,0.0532774408104778,0.0822072779668946,0.0762571195852158,0.1567730340089107,0.0656189719016984,0.093669637712684,0.0682477478478262,0.0923364107588009,0.0817924386784659
IN,0.0268721860217903,0.0627557803084702,0.0487297347759319,0.0421280941152826,0.0356541457552044,0.0276308483369208,0.0648725811327085,0.0327099003756856,0.0464505245690218,0.0541178822361768,0.1049459626363498,0.0398144595465872,0.0783772258716726,0.0,0.0828793171844717,0.088990170081457,0.0461313695034573,0.037360041847481,0.059268248756337,0.0846669693164609,0.0331684511988251,0.0411570650323177,0.0560975304364175,0.0606234522215387,0.0399453626862884,0.0588877693839977,0.0636739972488308,0.1159009133798096,0.0751458479079566,0.1084031778485892,0.04292623559188,0.0189151237501001,0.0644930921963827,0.0421638944129647,0.1508339638328798,0.0261226203543896,0.0266133794984018,0.0645560454600797,0.1196125571046795,0.0340934058646824,0.0987383764717698,0.0494653922522224,0.1307802513165195,0.0351113269188579,0.1198715813765148,0.043812699627212
IQ,0.0558692009459218,0.0780986413217355,0.0773406163006493,0.0738497603767205,0.0881738581799815,0.0576626603582209,0.0676683429821752,0.0684745386469167,0.1013374670196004,0.0810383868935138,0.0930949240848056,0.0829377378347746,0.0612382429890208,0.0828793171844717,0.0,0.0406484673211215,0.094012857529939,0.0742900893907421,0.0783419067999853,0.1044132462765096,0.0567278918966959,0.0803023802497069,0.0739818437606565,0.0502276739194562,0.0841005997373318,0.0868153644877955,0.0883161648391199,0.1040276002518304,0.0865867209943537,0.1019621357331199,0.0972612549381458,0.0670837775905219,0.0938671131952471,0.0874459668866501,0.0769937656244914,0.0529779285907999,0.0558411072217654,0.0736878934329344,0.1028777626552867,0.0801017749586975,0.1486453791669897,0.0754447909697124,0.108400447016636,0.0729775134660783,0.0931704916791661,0.0659741762416527
JO,0.0540626268397924,0.091878486263999,0.0799250907696277,0.0827703598953629,0.098671475126612,0.0548196090798861,0.0663634090863796,0.0748938133691712,0.1204947176747703,0.079262574533017,0.0797925830330201,0.0904584087374482,0.0437154182782202,0.088990170081457,0.0406484673211215,0.0,0.1129192138920038,0.0834118264671549,0.0780346306139678,0.102272172121951,0.0537508959790495,0.0919961372781005,0.0836225942247775,0.0431684184994627,0.0898897935250253,0.0903172521887505,0.094513752513934,0.0960917672850502,0.0831268777940369,0.0940905335505809,0.0999920656301562,0.0756188176832127,0.0958516291660378,0.0952360010535111,0.0622201822971146,0.0517591856992915,0.0589626779658469,0.0668552372158253,0.0953713444683307,0.0938747898035888,0.1699725585533793,0.0801488163295216,0.1021137699765313,0.0855381839379982,0.0972273131615418,0.0811291185510911
JP,0.0521444091352008,0.0868391036732916,0.0483290700253853,0.0372286815861271,0.0603877538111108,0.055731966266281,0.0770058544439378,0.054218198747535,0.0108859384333545,0.0573574939112688,0.1215875201135719,0.0352580660239394,0.0938110321772864,0.0461313695034573,0.094012857529939,0.1129192138920038,0.0,0.0232171928102669,0.0721551070416666,0.0799236773638876,0.0466424665004503,0.0177547443701336,0.0491375347852005,0.0711934167292779,0.0536600341093996,0.0623406746773986,0.0636478736924645,0.1228411385342191,0.1129835772255569,0.1319441565538335,0.0900892533773887,0.0242338676009663,0.072032815064764,0.0800887834077117,0.1698076606127188,0.0450875954069841,0.0328046379680964,0.0797381105293213,0.1264704148556495,0.0172640192867262,0.0579182833869116,0.0445454594946072,0.1427519156844299,0.018802511111897,0.1312529066661542,0.0288356043004323
KG,0.0348196377472962,0.0699310761661778,0.0286250427932948,0.0254171413528379,0.0544760016771543,0.03556580623203,0.0543699190386821,0.0367019001102921,0.033026456053778,0.0435034395461118,0.090070885238271,0.0297949015559667,0.0636313811727981,0.037360041847481,0.0742900893907421,0.0834118264671549,0.0232171928102669,0.0,0.0551617387589706,0.0647095677755944,0.0337835680402319,0.0095730252540364,0.0362568731709562,0.047117027127062,0.0436146838537946,0.0534956854175759,0.0497289394743564,0.0905942000230218,0.0915001647013222,0.0963668599002656,0.0678733521305345,0.023323718292436,0.0608651101836834,0.0678971201288548,0.1453487203171024,0.031340756106823,0.0285216197768312,0.0544929435607896,0.1024480411547056,0.0132728791972516,0.0767596409425026,0.0337211079854677,0.1103527054701358,0.0106907754819201,0.1042501689031181,0.0361544519914314
KH,0.0389279308675138,0.0728463075812345,0.0470152665998474,0.0514245561870114,0.0604487309929492,0.0407583665647068,0.0558720952673842,0.0465159028769884,0.0752573367649851,0.0466153731959354,0.0823852959595254,0.0625769485368428,0.0697256588039683,0.059268248756337,0.0783419067999853,0.0780346306139678,0.0721551070416666,0.0551617387589706,0.0,0.0845703021118168,0.0457146645814583,0.0631170619803525,0.0441828180500023,0.0518177955843039,0.05467840957649,0.0448733836572431,0.0505989845368338,0.0829059289093079,0.0694432896162697,0.0879611522105406,0.066205625684604,0.046675915722424,0.0645719212074978,0.0652944790107056,0.1302921126431665,0.0408694475005821,0.044055510240677,0.056069683474744,0.0948920438573881,0.0595882274929022,0.1307743621605254,0.0600854336149897,0.1075649011457895,0.0584099446583776,0.1018621482212515,0.0717928911000261
KR,0.0679425059049679,0.1062056913340105,0.0704679357990254,0.0710038651672079,0.0973699252011253,0.0663405413878639,0.072596255928388,0.0684563743024292,0.097442633504326,0.084368454456448,0.0890832337685366,0.0725046488185445,0.0886633686200331,0.0846669693164609,0.1044132462765096,0.102272172121951,0.0799236773638876,0.0647095677755944,0.0845703021118168,0.0,0.0694873143490807,0.0698046328085723,0.0645869933803341,0.0755188128597083,0.0847285207709742,0.0818339136308852,0.0842686712160114,0.0841691585294184,0.1170486529060046,0.0990908948025366,0.1011522485480878,0.0734120476447138,0.0871350596390704,0.1062701494761578,0.1577048212078293,0.069402348005557,0.0702629356932417,0.0682322934999885,0.0970548386489664,0.0728393064632616,0.146175724052512,0.0762752609686368,0.0924383519803039,0.0697913728633368,0.109963296770139,0.0915616404873697
KW,0.0136505183022721,0.0645164674853674,0.0394648479457628,0.0377042659597083,0.0460342772196109,0.013504809842076,0.0432314755270012,0.0333902723190956,0.0562588495544327,0.0473248943422857,0.0800974380466158,0.0403844298758758,0.0506810680869953,0.0331684511988251,0.0567278918966959,0.0537508959790495,0.0466424665004503,0.0337835680402319,0.0457146645814583,0.0694873143490807,0.0,0.035639799666409,0.042178401219172,0.0336406318895943,0.0424182946006674,0.0482614907823224,0.0546301867229264,0.0864409373344525,0.0589453728542975,0.0764598102329884,0.0558089739293581,0.0178359949809405,0.0491042733074736,0.0520686306146637,0.1093944330509921,0.0125037471877237,0.0108904334243765,0.0419620470099481,0.0900315870123312,0.0372837626483288,0.1059110526603959,0.0408470675210311,0.1014075194968167,0.0342763225282246,0.09908308575312,0.0436893149792234
KZ,0.0410248542055837,0.079239665512679,0.0353937125418417,0.0298504822165068,0.0588455906987481,0.0425621856157762,0.06058651944408,0.0442835810723449,0.0289451752657099,0.0497269915016261,0.1018224609699189,0.0302906523896593,0.0734689310065661,0.0411570650323177,0.0803023802497069,0.0919961372781005,0.0177547443701336,0.0095730252540364,0.0631170619803525,0.0698046328085723,0.035639799666409,0.0,0.0390850154764536,0.054636666790788,0.0479712028154557,0.0601582579864604,0.0560151852289074,0.1023402425028847,0.0987573412159814,0.1035949738620209,0.0788058908310849,0.0246812731920144,0.0675145805496796,0.0762505938434543,0.1584166050794432,0.036226220589336,0.030703120376668,0.0632424933626509,0.1084787570829977,0.0132117372942146,0.0722781387986082,0.0341995574164774,0.1215319253923139,0.0124097136114997,0.1137948771066879,0.035255630736417
LA,0.040968604210932,0.073827143256784,0.041715476845573,0.0413131760713234,0.0619823868663574,0.0404973458204349,0.050317119818379,0.040540221562229,0.0614515169579129,0.0508506376214334,0.0784485229259367,0.0428979551613875,0.0659366655241424,0.0560975304364175,0.0739818437606565,0.0836225942247775,0.0491375347852005,0.0362568731709562,0.0441828180500023,0.0645869933803341,0.042178401219172,0.0390850154764536,0.0,0.0535732530124521,0.0522332908565258,0.0517453586296597,0.0535567024652401,0.0735569829241564,0.084645091790191,0.0801916912460065,0.0708799164883366,0.0408922126644015,0.0634623142093544,0.073986218147787,0.1411206392422095,0.0404890695408625,0.0405235326775538,0.0514585782013619,0.0575609027722657,0.0382992689608483,0.1124655362433882,0.0454363828495902,0.0934782335919477,0.0387283588786012,0.0901961471616827,0.056847464884664
LB,0.0307015366702229,0.0697638370814777,0.0386231011443595,0.0440041609588365,0.0677999033333067,0.0319471974175675,0.0456605862385544,0.0452724731981331,0.0816896276125977,0.0452683827746596,0.0796182710656114,0.0602383886884571,0.0428508605771781,0.0606234522215387,0.0502276739194562,0.0431684184994627,0.0711934167292779,0.047117027127062,0.0518177955843039,0.0755188128597083,0.0336406318895943,0.054636666790788,0.0535732530124521,0.0,0.0542487114782886,0.0572771153444096,0.0515186696947985,0.0761019999023778,0.0637824535559742,0.0786211472930811,0.068637105933591,0.0461245606539781,0.061277428143056,0.0688384745926115,0.0838378724419696,0.0314126549684767,0.0367513395032983,0.0462044432887406,0.0887731363099199,0.0567241975538287,0.1334439100672502,0.0501338564485349,0.0970643822916736,0.0503962945487217,0.0998554689747484,0.0608508142679131
LK,0.0343034842505096,0.0682852364838997,0.042510813829542,0.0399475155186633,0.044083416702445,0.0389017207280361,0.0560439476524239,0.0383032218502258,0.0552296293133748,0.0483274617465376,0.1027702791343324,0.0488527638639275,0.0786445368525042,0.0399453626862884,0.0841005997373318,0.0898897935250253,0.0536600341093996,0.0436146838537946,0.05467840957649,0.0847285207709742,0.0424182946006674,0.0479712028154557,0.0522332908565258,0.0542487114782886,0.0,0.0546519712940749,0.0517734448174588,0.0988998598762925,0.0658599685203895,0.0964701072110533,0.0497628196144626,0.0329467102890812,0.0578221934443539,0.054068342563138,0.1382585733677945,0.032399730380658,0.0391905180348779,0.0603138029207849,0.1060727960440811,0.0433852245214555,0.1076837483986976,0.0534211960051702,0.1198865635943007,0.0417150065515087,0.1154539984788253,0.0539683918628589
MM,0.0443123688624109,0.0762009207784155,0.0502628229964094,0.0520377660316189,0.058584031634827,0.0473966259297753,0.0630542656805902,0.044567647550563,0.0664631706567079,0.0578635529197,0.0959237699478312,0.0612131548543936,0.0844584185831739,0.0588877693839977,0.0868153644877955,0.0903172521887505,0.0623406746773986,0.0534956854175759,0.0448733836572431,0.0818339136308852,0.0482614907823224,0.0601582579864604,0.0517453586296597,0.0572771153444096,0.0546519712940749,0.0,0.0591029837833932,0.0920200354094173,0.0808775175100851,0.0968715297367917,0.0634889721452031,0.0433237716153543,0.0636082461835156,0.067990043590139,0.1341553035129157,0.0446899605336135,0.0441215810851967,0.0584004577736279,0.1026453398365748,0.0545815030132288,0.1202367432107767,0.0620268573580056,0.1154571923630931,0.0531610252080327,0.1153174345585537,0.0627404187031965
MN,0.0441105351009331,0.0826452035242426,0.0322177706005931,0.0356643075049516,0.0632683737922832,0.0488701278076146,0.0593447893357145,0.0472722595914602,0.0681043275985568,0.0367305370126097,0.1015056872336249,0.0587527782208621,0.0765723873261799,0.0636739972488308,0.0883161648391199,0.094513752513934,0.0636478736924645,0.0497289394743564,0.0505989845368338,0.0842686712160114,0.0546301867229264,0.0560151852289074,0.0535567024652401,0.0515186696947985,0.0517734448174588,0.0591029837833932,0.0,0.0932893816765704,0.0733355202858652,0.102343346128765,0.0679612423836804,0.0515027626631006,0.0559378827426709,0.0749636367779671,0.144328621984324,0.0453705229044689,0.0524202427479361,0.0642698594888955,0.1051740835290179,0.0508889868647913,0.123549299044291,0.0563629589824931,0.1178123070693828,0.0491028623614822,0.1131388325021309,0.068062086268178
MO,0.0752954621900144,0.1190004839552789,0.0803106939418856,0.0910453127511241,0.1192216550188416,0.0777147354487665,0.0635683441738947,0.0849739887909997,0.1408998465578361,0.0898417738260738,0.0278847713225921,0.1051843245141566,0.0824242283551116,0.1159009133798096,0.1040276002518304,0.0960917672850502,0.1228411385342191,0.0905942000230218,0.0829059289093079,0.0841691585294184,0.0864409373344525,0.1023402425028847,0.0735569829241564,0.0761019999023778,0.0988998598762925,0.0920200354094173,0.0932893816765704,0.0,0.1027741393290181,0.0705808403249362,0.1109160461832554,0.1048728765416693,0.0888645306934206,0.1210000720191299,0.1412719396370929,0.0816049148613922,0.0952524592238986,0.0526903536526561,0.0784623224400328,0.1060601042193069,0.1898623489672837,0.0983812254219879,0.0383354306910674,0.0985950657459617,0.0929808695195681,0.1282010728035537
MV,0.0455206562517367,0.0906475230452233,0.0701802374313339,0.0768572570689964,0.0753301685273281,0.0483281545367488,0.0600476831816325,0.0578297759224937,0.1154861887648153,0.0653512197556898,0.1004815380630821,0.0976349426155542,0.0751798198117164,0.0751458479079566,0.0865867209943537,0.0831268777940369,0.1129835772255569,0.0915001647013222,0.0694432896162697,0.1170486529060046,0.0589453728542975,0.0987573412159814,0.084645091790191,0.0637824535559742,0.0658599685203895,0.0808775175100851,0.0733355202858652,0.1027741393290181,0.0,0.0925903725129516,0.0754554807843486,0.0702329048538822,0.0759886188197246,0.0676314912948942,0.1215484954288007,0.0498086273863178,0.0671126937555717,0.0619903373501186,0.1109337045186891,0.0953878514020377,0.1691929661752071,0.0830132154444308,0.1151773946566894,0.0908046275970271,0.1109763646411028,0.1051322512721
MY,0.0706269049944989,0.1149634028310406,0.0912072240565888,0.0968014697870813,0.1120734990716822,0.0744432623793609,0.037263802151944,0.0865302683960248,0.1476803908301276,0.1014702815709432,0.0727023063270035,0.0919987600447502,0.0862341636857847,0.1084031778485892,0.1019621357331199,0.0940905335505809,0.1319441565538335,0.0963668599002656,0.0879611522105406,0.0990908948025366,0.0764598102329884,0.1035949738620209,0.0801916912460065,0.0786211472930811,0.0964701072110533,0.0968715297367917,0.102343346128765,0.0705808403249362,0.0925903725129516,0.0,0.1045940836248437,0.0978807223323154,0.0916330989984909,0.1109882688594445,0.1401517385901144,0.0770699161550316,0.0913382309297501,0.0511101952663592,0.0831034999531671,0.1109313197218198,0.192170133689157,0.0965930981479461,0.0755086123984705,0.1028616425509398,0.1039751558507473,0.1295497408971704
NP,0.0454602923668951,0.064568885954751,0.0605473215287164,0.0626672854965375,0.0403881120628071,0.0467984908204315,0.0711847246708474,0.0341371103793581,0.0879965198254079,0.0700589353970911,0.1146955052014634,0.0622997612723698,0.0948210225800667,0.04292623559188,0.0972612549381458,0.0999920656301562,0.0900892533773887,0.0678733521305345,0.066205625684604,0.1011522485480878,0.0558089739293581,0.0788058908310849,0.0708799164883366,0.068637105933591,0.0497628196144626,0.0634889721452031,0.0679612423836804,0.1109160461832554,0.0754554807843486,0.1045940836248437,0.0,0.048039661154327,0.0658949203068355,0.0532056052245568,0.1441429394637847,0.0419591026921347,0.0554429193924026,0.0718008863821135,0.1209569170823311,0.0668705633065891,0.1409448816102863,0.0758143154383667,0.1306299941278527,0.0662838686204435,0.124248855715162,0.0711055471302781
OM,0.0176991360877765,0.0561874171743395,0.0363990566982106,0.0291161175855159,0.0261172730752028,0.0185014582840826,0.0519840345584963,0.0285545039776394,0.0260853573499875,0.0449760437525459,0.0992386342954598,0.029091944244924,0.0685858482428805,0.0189151237501001,0.0670837775905219,0.0756188176832127,0.0242338676009663,0.023323718292436,0.046675915722424,0.0734120476447138,0.0178359949809405,0.0246812731920144,0.0408922126644015,0.0461245606539781,0.0329467102890812,0.0433237716153543,0.0515027626631006,0.1048728765416693,0.0702329048538822,0.0978807223323154,0.048039661154327,0.0,0.0513417628369716,0.0386773239125471,0.1290357316888641,0.0128342509731015,0.0099238538654904,0.0529834442887238,0.1040463644320341,0.020343593930845,0.0749118578409493,0.0338369134566032,0.121497599336263,0.0193996118382003,0.1078596073061463,0.0254362742587049
PH,0.0421347629485324,0.0843225094606214,0.0548384245844654,0.0547404498888094,0.0638932475086254,0.0489342241214398,0.0516111461634523,0.0476839533616155,0.0755368237847277,0.0602880949294678,0.0944591404056898,0.0537374042533518,0.0831046445850693,0.0644930921963827,0.0938671131952471,0.0958516291660378,0.072032815064764,0.0608651101836834,0.0645719212074978,0.0871350596390704,0.0491042733074736,0.0675145805496796,0.0634623142093544,0.061277428143056,0.0578221934443539,0.0636082461835156,0.0559378827426709,0.0888645306934206,0.0759886188197246,0.0916330989984909,0.0658949203068355,0.0513417628369716,0.0,0.0725184277349619,0.1391338125994139,0.0422363127765557,0.0498453473276275,0.050509279631504,0.1002847445146319,0.0626564702521004,0.1221682806541299,0.0636029434958433,0.1085050315901161,0.0580499359542415,0.1140709841933077,0.0733309815183279
PK,0.0326492622995634,0.0597721057752338,0.06329587635782,0.0615657608648303,0.0486592331520626,0.0396764808242459,0.0705249120488155,0.0460556565338977,0.0788717740025657,0.0677440734296066,0.1191959041276435,0.0716847894048967,0.0898657064350294,0.0421638944129647,0.0874459668866501,0.0952360010535111,0.0800887834077117,0.0678971201288548,0.0652944790107056,0.1062701494761578,0.0520686306146637,0.0762505938434543,0.073986218147787,0.0688384745926115,0.054068342563138,0.067990043590139,0.0749636367779671,0.1210000720191299,0.0676314912948942,0.1109882688594445,0.0532056052245568,0.0386773239125471,0.0725184277349619,0.0,0.1423790579432079,0.040551908735106,0.0404169189984733,0.0741554177160606,0.1232371329530803,0.0670774615481965,0.1308966335374185,0.0683560212630425,0.1349361356539598,0.0651178874090615,0.1266465816503583,0.0702275053841332
PS,0.1091529422928659,0.135026257337552,0.1337470731239324,0.1370959850174947,0.1430001055366206,0.1156600055355692,0.1163806660796753,0.1261734100347895,0.1643807862535122,0.1370651810048359,0.1326067864914272,0.1485690582710668,0.0905000326111368,0.1508339638328798,0.0769937656244914,0.0622201822971146,0.1698076606127188,0.1453487203171024,0.1302921126431665,0.1577048212078293,0.1093944330509921,0.1584166050794432,0.1411206392422095,0.0838378724419696,0.1382585733677945,0.1341553035129157,0.144328621984324,0.1412719396370929,0.1215484954288007,0.1401517385901144,0.1441429394637847,0.1290357316888641,0.1391338125994139,0.1423790579432079,0.0,0.1054461487586466,0.1138711149525801,0.1156380469118074,0.1407994537418676,0.1516862265365366,0.2088858866895746,0.1421273150250749,0.1462686839218798,0.1402417600356775,0.1466773168607715,0.124451260084801
QA,0.0076776117560197,0.0531815370478191,0.0322970056635375,0.0313196037373556,0.0342023808830075,0.0078132273607673,0.037210264482224,0.0269367818523234,0.0512591488619914,0.0399322953309154,0.0775446723553341,0.0392697566697373,0.0482503112307791,0.0261226203543896,0.0529779285907999,0.0517591856992915,0.0450875954069841,0.031340756106823,0.0408694475005821,0.069402348005557,0.0125037471877237,0.036226220589336,0.0404890695408625,0.0314126549684767,0.032399730380658,0.0446899605336135,0.0453705229044689,0.0816049148613922,0.0498086273863178,0.0770699161550316,0.0419591026921347,0.0128342509731015,0.0422363127765557,0.040551908735106,0.1054461487586466,0.0,0.0128478033346765,0.0376059074663086,0.0855513394397802,0.0338794200760583,0.1013024421767826,0.0372650769050064,0.0989707225895583,0.0314032880842881,0.0922976456716787,0.039442542310448
SA,0.0145110138529533,0.0560278309588104,0.0366864787754804,0.0324487535248041,0.0381708710351121,0.0169755657434267,0.0486863917720474,0.0318071206358214,0.0397775733960003,0.0433226600580856,0.0888127897723541,0.0363620305852693,0.0565213752367744,0.0266133794984018,0.0558411072217654,0.0589626779658469,0.0328046379680964,0.0285216197768312,0.044055510240677,0.0702629356932417,0.0108904334243765,0.030703120376668,0.0405235326775538,0.0367513395032983,0.0391905180348779,0.0441215810851967,0.0524202427479361,0.0952524592238986,0.0671126937555717,0.0913382309297501,0.0554429193924026,0.0099238538654904,0.0498453473276275,0.0404169189984733,0.1138711149525801,0.0128478033346765,0.0,0.0474225140626702,0.0973207431058178,0.0287110013307996,0.0896042571394049,0.0343279060740876,0.1099469217374631,0.0261353594531155,0.1037723127970778,0.0290768672854059
SG,0.03350731706797,0.0827720297142842,0.049205522095359,0.0554983747938434,0.0745619934996691,0.0350719978428683,0.0313037920290789,0.0457401178799578,0.0929166626364902,0.0587944596038672,0.0497248643422084,0.0600307501975572,0.0532774408104778,0.0645560454600797,0.0736878934329344,0.0668552372158253,0.0797381105293213,0.0544929435607896,0.056069683474744,0.0682322934999885,0.0419620470099481,0.0632424933626509,0.0514585782013619,0.0462044432887406,0.0603138029207849,0.0584004577736279,0.0642698594888955,0.0526903536526561,0.0619903373501186,0.0511101952663592,0.0718008863821135,0.0529834442887238,0.050509279631504,0.0741554177160606,0.1156380469118074,0.0376059074663086,0.0474225140626702,0.0,0.0703825122054998,0.0664219030337934,0.1445610540251682,0.0551934259983016,0.0610158942230714,0.0575695033976646,0.0814180860654925,0.0837556689959804
TH,0.0824635109544293,0.1253777217930738,0.0946062646105572,0.1006160107978575,0.1207313706997175,0.0846455293409627,0.0718150988975233,0.0947807675310925,0.1438860785940943,0.1068077418417242,0.0807744625381998,0.0967819390600525,0.0822072779668946,0.1196125571046795,0.1028777626552867,0.0953713444683307,0.1264704148556495,0.1024480411547056,0.0948920438573881,0.0970548386489664,0.0900315870123312,0.1084787570829977,0.0575609027722657,0.0887731363099199,0.1060727960440811,0.1026453398365748,0.1051740835290179,0.0784623224400328,0.1109337045186891,0.0831034999531671,0.1209569170823311,0.1040463644320341,0.1002847445146319,0.1232371329530803,0.1407994537418676,0.0855513394397802,0.0973207431058178,0.0703825122054998,0.0,0.1104162046415477,0.1902720053428861,0.0962434102773919,0.0815062687994813,0.1024008370855656,0.0922830387593368,0.1255325094557702
TJ,0.0395969169779937,0.0679307369790803,0.0345247769242089,0.0267288131595297,0.0470175818371163,0.0410096534008095,0.0620214352267258,0.0375278648757715,0.0217390746295679,0.0464228025405228,0.1056828126975579,0.0276985887714763,0.0762571195852158,0.0340934058646824,0.0801017749586975,0.0938747898035888,0.0172640192867262,0.0132728791972516,0.0595882274929022,0.0728393064632616,0.0372837626483288,0.0132117372942146,0.0382992689608483,0.0567241975538287,0.0433852245214555,0.0545815030132288,0.0508889868647913,0.1060601042193069,0.0953878514020377,0.1109313197218198,0.0668705633065891,0.020343593930845,0.0626564702521004,0.0670774615481965,0.1516862265365366,0.0338794200760583,0.0287110013307996,0.0664219030337934,0.1104162046415477,0.0,0.0644163482688802,0.0350138633060059,0.1260018709794509,0.0122010408694877,0.11484663361409,0.0247609083955286
TM,0.1118658082763961,0.1361912555710516,0.1120305724956749,0.0939675489420883,0.1058484049206335,0.1189113290028945,0.1393111783511565,0.1108893806159033,0.0485017850675439,0.1176334715195721,0.1844054358770473,0.0884242417599057,0.1567730340089107,0.0987383764717698,0.1486453791669897,0.1699725585533793,0.0579182833869116,0.0767596409425026,0.1307743621605254,0.146175724052512,0.1059110526603959,0.0722781387986082,0.1124655362433882,0.1334439100672502,0.1076837483986976,0.1202367432107767,0.123549299044291,0.1898623489672837,0.1691929661752071,0.192170133689157,0.1409448816102863,0.0749118578409493,0.1221682806541299,0.1308966335374185,0.2088858866895746,0.1013024421767826,0.0896042571394049,0.1445610540251682,0.1902720053428861,0.0644163482688802,0.0,0.1028958760337417,0.2051506541474657,0.0703229878520851,0.1907043237729927,0.0714982415948147
TR,0.0375449645724134,0.0763706821061662,0.0395435876687356,0.0271837730934454,0.0622009026897321,0.0399410497787369,0.054261773969217,0.04546498098053,0.0552808665333817,0.0471190269942148,0.0967492261378252,0.0440882538161373,0.0656189719016984,0.0494653922522224,0.0754447909697124,0.0801488163295216,0.0445454594946072,0.0337211079854677,0.0600854336149897,0.0762752609686368,0.0408470675210311,0.0341995574164774,0.0454363828495902,0.0501338564485349,0.0534211960051702,0.0620268573580056,0.0563629589824931,0.0983812254219879,0.0830132154444308,0.0965930981479461,0.0758143154383667,0.0338369134566032,0.0636029434958433,0.0683560212630425,0.1421273150250749,0.0372650769050064,0.0343279060740876,0.0551934259983016,0.0962434102773919,0.0350138633060059,0.1028958760337417,0.0,0.1122695296103903,0.0309487987676413,0.1050817610368042,0.0501170628172303
TW,0.0918375572035825,0.1317568767640343,0.104333878600656,0.1119854000369499,0.1378329959291769,0.0934225391235563,0.0765613125359234,0.1005544758413545,0.1624561358267049,0.1171085519389376,0.0384679942302017,0.1197294043416857,0.093669637712684,0.1307802513165195,0.108400447016636,0.1021137699765313,0.1427519156844299,0.1103527054701358,0.1075649011457895,0.0924383519803039,0.1014075194968167,0.1215319253923139,0.0934782335919477,0.0970643822916736,0.1198865635943007,0.1154571923630931,0.1178123070693828,0.0383354306910674,0.1151773946566894,0.0755086123984705,0.1306299941278527,0.121497599336263,0.1085050315901161,0.1349361356539598,0.1462686839218798,0.0989707225895583,0.1099469217374631,0.0610158942230714,0.0815062687994813,0.1260018709794509,0.2051506541474657,0.1122695296103903,0.0,0.1154829820056319,0.0852604827641547,0.1460020866610305
UZ,0.0362143653937365,0.0691891439807628,0.0295554975781946,0.0220653695615864,0.0485812225196886,0.0387741444043312,0.0553149861119508,0.0366631309354982,0.0263774712470661,0.0430064249476821,0.0980971687486949,0.0278383226120479,0.0682477478478262,0.0351113269188579,0.0729775134660783,0.0855381839379982,0.018802511111897,0.0106907754819201,0.0584099446583776,0.0697913728633368,0.0342763225282246,0.0124097136114997,0.0387283588786012,0.0503962945487217,0.0417150065515087,0.0531610252080327,0.0491028623614822,0.0985950657459617,0.0908046275970271,0.1028616425509398,0.0662838686204435,0.0193996118382003,0.0580499359542415,0.0651178874090615,0.1402417600356775,0.0314032880842881,0.0261353594531155,0.0575695033976646,0.1024008370855656,0.0122010408694877,0.0703229878520851,0.0309487987676413,0.1154829820056319,0.0,0.1066430994440839,0.02882454096668
VN,0.0894143800848279,0.1235203323489119,0.101572660056692,0.1049739934384792,0.1260154424251944,0.0908880047326953,0.0842445300928917,0.097785024739214,0.1439078619863678,0.1143395624419928,0.0833859924965019,0.1085640288180445,0.0923364107588009,0.1198715813765148,0.0931704916791661,0.0972273131615418,0.1312529066661542,0.1042501689031181,0.1018621482212515,0.109963296770139,0.09908308575312,0.1137948771066879,0.0901961471616827,0.0998554689747484,0.1154539984788253,0.1153174345585537,0.1131388325021309,0.0929808695195681,0.1109763646411028,0.1039751558507473,0.124248855715162,0.1078596073061463,0.1140709841933077,0.1266465816503583,0.1466773168607715,0.0922976456716787,0.1037723127970778,0.0814180860654925,0.0922830387593368,0.11484663361409,0.1907043237729927,0.1050817610368042,0.0852604827641547,0.1066430994440839,0.0,0.1258310304715747
YE,0.0500370275580503,0.0696730831284007,0.0565681968017917,0.0449569745987608,0.0482281256784418,0.0534539282717732,0.0777340614437547,0.0480036190258721,0.0255411134860481,0.0629783027587813,0.1223339955194974,0.0369180817966765,0.0817924386784659,0.043812699627212,0.0659741762416527,0.0811291185510911,0.0288356043004323,0.0361544519914314,0.0717928911000261,0.0915616404873697,0.0436893149792234,0.035255630736417,0.056847464884664,0.0608508142679131,0.0539683918628589,0.0627404187031965,0.068062086268178,0.1282010728035537,0.1051322512721,0.1295497408971704,0.0711055471302781,0.0254362742587049,0.0733309815183279,0.0702275053841332,0.124451260084801,0.039442542310448,0.0290768672854059,0.0837556689959804,0.1255325094557702,0.0247609083955286,0.0714982415948147,0.0501170628172303,0.1460020866610305,0.02882454096668,0.1258310304715747,0.0
