ISO_CODE,AD,AL,AT,BA,BE,BG,BY,CH,CY,CZ,DE,DK,EE,ES,FI,FO,FR,GB,GI,GR,HR,HU,IE,IM,IS,IT,LI,LT,LU,LV,MC,MD,ME,MK,MT,NL,NO,PL,PT,RO,RS,RU,SE,SI,SK,SM,UA
AD,0.0,0.2257385484579568,0.1847757645573263,0.263729644998578,0.1607006889174557,0.2429086574135126,0.3175100774996156,0.2048195201706579,0.1801102550574478,0.2049426499026445,0.2129819610251463,0.1960164578821249,0.2044937479406955,0.1497424846882915,0.2151836726492383,0.3164165112211445,0.2117543632242194,0.2099816515104033,0.2213265743386108,0.2316755833200818,0.2328311370271143,0.2141023538009607,0.1999216670465586,0.2209951644775301,0.2485123302248358,0.1858110588032002,0.3174058529255955,0.2343579894914519,0.1400844742491962,0.2043142107551218,0.3210166428011355,0.249643689381212,0.2400143386297617,0.2345948946633751,0.1836009279104737,0.1983875941838394,0.2083529750840423,0.2341637392515509,0.1571897491917652,0.2331757497258143,0.2345771882306841,0.2655230209048476,0.2053296331882351,0.2051771314626356,0.2064579157256361,0.3918356604269007,0.2515659005761513
AL,0.2257385484579568,0.0,0.1736952141591508,0.1399351917205935,0.1686970709899989,0.1553386082949508,0.2054817119140644,0.2013220728303533,0.1111854585678751,0.1727041231773621,0.186111444243846,0.2102490148965452,0.1754022687720479,0.2077109372593748,0.2090866037557051,0.3659300445552434,0.2199837078625893,0.2103312847952234,0.2895979168724126,0.1324866613235514,0.1459102623530971,0.1547699178489964,0.1895073705557999,0.2684583906323556,0.2654241828401689,0.1725268625850528,0.3805956691110005,0.1957265125877068,0.1576366595305339,0.1567319630521175,0.3778209648729222,0.1389328060348799,0.1240236348168323,0.0948586893661143,0.1689972576013398,0.1999132431605497,0.208277860552424,0.2100825253315499,0.1720250032504178,0.1877532354055391,0.1177286597545355,0.1772107179040692,0.1995330608486356,0.140048129438756,0.162716856760641,0.4371346694785794,0.1592711691634311
AT,0.1847757645573263,0.1736952141591508,0.0,0.1781310603529933,0.0907610928217472,0.149757280243872,0.2511303889051,0.1099616921073513,0.1257711489156437,0.1121861408976573,0.071033195245255,0.1276149282108948,0.1288336677904874,0.1252496350613522,0.1234916189525208,0.3060341090891112,0.1389909688999908,0.11839593160172,0.2449004774704972,0.1474465045277766,0.1495491194296575,0.1109476709910086,0.132908523748453,0.2340480313010442,0.2004732502158503,0.1269004744687925,0.3179900860945377,0.1767577537287545,0.1215804285937941,0.123606929629991,0.3477859405278425,0.1781313570859558,0.1617109430226088,0.1583077929654601,0.1599263948204978,0.1120167234893048,0.1402748954045181,0.1457156199015858,0.1333026145785336,0.1526088333107658,0.1547077394409886,0.1906005631839517,0.1199853964437949,0.1032812550256943,0.1115964161822594,0.4201001057906894,0.1688923698663033
BA,0.263729644998578,0.1399351917205935,0.1781310603529933,0.0,0.1775874401297666,0.1266764455639871,0.1914191225736324,0.2128080582238348,0.1391793306945621,0.1609970772298609,0.1971481314277263,0.2205916390618112,0.1900677013644087,0.2091720638451157,0.1976877364524166,0.3994443097406542,0.2275847157718726,0.2124536995583718,0.3054701992837272,0.1480535610150353,0.0951164467335017,0.1371908093337679,0.1929283945820054,0.2885452025876395,0.2980921231814001,0.1946085597861776,0.4024674287767713,0.1914752751871322,0.2004137341369519,0.1572655659765104,0.4056579529803181,0.126704031130491,0.0740248578706928,0.092193295835936,0.1927456008561611,0.2030180899195743,0.2308513350746418,0.2010185633382699,0.1918466133160994,0.1817130775612317,0.0647372757804072,0.1775329543100645,0.2049597242416211,0.1102818969406281,0.1572160536926801,0.4644408267142629,0.1253443095352848
BE,0.1607006889174557,0.1686970709899989,0.0907610928217472,0.1775874401297666,0.0,0.1369697342006208,0.2539514292604808,0.0972956505916172,0.1207415804452695,0.1023943935424498,0.099137636359632,0.1008152255036445,0.1172396189108483,0.1046768241429018,0.121072637161363,0.297861371349612,0.0806122094160151,0.0952211902917998,0.2252544709654503,0.1380429822322351,0.151288814237994,0.1117441635649452,0.1124378989796676,0.2084630043877884,0.1843197187470091,0.1038121610977438,0.3378291990951811,0.1634306174363643,0.0858985588819348,0.1044048215974016,0.3122913232352865,0.1753605049215403,0.155775869940722,0.1495057279078675,0.1374200375632845,0.0629436513388514,0.1152382925033088,0.1259832844550261,0.1095419587874101,0.1276894487839441,0.1424137333724103,0.1842900803936724,0.0932555631509819,0.1001272774228565,0.0968152997366729,0.4157921798445353,0.1611615675062508
BG,0.2429086574135126,0.1553386082949508,0.149757280243872,0.1266764455639871,0.1369697342006208,0.0,0.1958911281878788,0.1765703704083479,0.1359134825773312,0.1023880970304251,0.1318928567589022,0.1661742227532592,0.1354097267612717,0.1612656901590602,0.1595679007458054,0.3801213649479747,0.171939955279685,0.1665394755403347,0.2948293147865614,0.1082463377974309,0.1257790284229131,0.0887968129143785,0.1738982615252513,0.2777192905765099,0.2788579066974919,0.150429987396731,0.3989063668981811,0.1642694218563811,0.183188086144819,0.1163165458115704,0.3850476958388285,0.1283104133118028,0.1412945112416566,0.0958225691787781,0.1806557257912211,0.1325194154634332,0.1771204089765981,0.1241209227122223,0.1577133499391816,0.0920408580768373,0.1023750611254329,0.1442143990374844,0.151952034246063,0.1037753031282641,0.1017004957680675,0.4509459529976776,0.1127182311520658
BY,0.3175100774996156,0.2054817119140644,0.2511303889051,0.1914191225736324,0.2539514292604808,0.1958911281878788,0.0,0.2580015632952179,0.1981504775214843,0.2289512681498878,0.2711943769731799,0.2712228299634569,0.207896739374932,0.2729093729482684,0.263506830004101,0.4351986861303656,0.2875467748613924,0.2828531642907692,0.3826843099034207,0.2158528149931292,0.2077852159787931,0.2072911640669997,0.2698697611067968,0.3687661565900649,0.3429982718070429,0.2775574239057281,0.4593830548128234,0.2477800377276308,0.2419848271136075,0.1846879581359604,0.4470282193904951,0.0915612624263338,0.1670657692281918,0.1928669940221344,0.2933584654576059,0.2615752826074089,0.2706000105237007,0.2819342036204393,0.2877824379514564,0.2763591795653605,0.1521019559076352,0.0505958718265757,0.2393944321519062,0.2077906032482839,0.2254468672892563,0.5331356380940573,0.0819584615893921
CH,0.2048195201706579,0.2013220728303533,0.1099616921073513,0.2128080582238348,0.0972956505916172,0.1765703704083479,0.2580015632952179,0.0,0.167741795911936,0.1361970501838297,0.1139430181092909,0.1413533233573121,0.1592159442866552,0.138990726164659,0.1537043673753918,0.3097659534333841,0.1271256242805832,0.1255669077963628,0.2703360125033953,0.1843755010785166,0.1892689951997614,0.1570609410647543,0.154470886168403,0.2645165014415919,0.1938238368693183,0.1482252661227436,0.3158733516046473,0.220583037412372,0.1399018982618028,0.1446277812234959,0.3482336692890044,0.2106754712857828,0.193882138320372,0.1935445136505375,0.2027655238933062,0.1154004975955732,0.1456015896659651,0.1764065371478675,0.1625828324388115,0.1842925678113154,0.1828418055500091,0.1971143876518528,0.1217658245220648,0.1396664375203291,0.1457505562526477,0.4505791686902274,0.1963289083795565
CY,0.1801102550574478,0.1111854585678751,0.1257711489156437,0.1391793306945621,0.1207415804452695,0.1359134825773312,0.1981504775214843,0.167741795911936,0.0,0.1376801616121794,0.1543114993962294,0.1564332794400248,0.1342419121003386,0.154935931437202,0.156761284560821,0.3379667093881425,0.1812680727172652,0.1472334256894016,0.218262738122727,0.0846176988575769,0.1268667558702815,0.1176343787636124,0.1192443462016555,0.193323432087084,0.2339746890421424,0.1291598881725066,0.3322697024271357,0.1473427743312003,0.112351077367089,0.1211566825461967,0.3375894014537756,0.1225479055263452,0.1149178741339738,0.1097592769622072,0.0925695140822091,0.1464465295079139,0.1724954478431176,0.1628077463921582,0.1213772593534088,0.1447193884761139,0.1140660084405497,0.1567419638472349,0.1582945296325768,0.1094534565970928,0.1332885979386603,0.3990994746043868,0.1319414388125633
CZ,0.2049426499026445,0.1727041231773621,0.1121861408976573,0.1609970772298609,0.1023943935424498,0.1023880970304251,0.2289512681498878,0.1361970501838297,0.1376801616121794,0.0,0.1086556085832984,0.1247017905381234,0.1200183939780533,0.1182809539240217,0.1171371782596675,0.3457892383718248,0.1392502967281484,0.1303615946805042,0.2757522262450372,0.134991371655177,0.1340077569945392,0.0796931746679627,0.1467024337066805,0.2579402595011055,0.2344252981334021,0.1240047230126552,0.369338003390414,0.148655350244907,0.1600943071762472,0.0966646681675772,0.3620237352862114,0.1560525939418078,0.1672535389958245,0.1435423597801792,0.177112608554286,0.0999010684550328,0.127077769172756,0.1126379449977128,0.1328135451510548,0.1001571340130101,0.1367099618542184,0.1666662596631254,0.1019923437710368,0.0836313285819534,0.033651976717242,0.4325671062470292,0.1234675293812594
DE,0.2129819610251463,0.186111444243846,0.071033195245255,0.1971481314277263,0.099137636359632,0.1318928567589022,0.2711943769731799,0.1139430181092909,0.1543114993962294,0.1086556085832984,0.0,0.133034521462154,0.1332227777997344,0.121546573976573,0.1371065281249901,0.3190655384888116,0.1167993088807524,0.1072336515218131,0.2722574527038593,0.1510273555226697,0.1674891673373926,0.110353558723019,0.1492929589870495,0.2671387415904767,0.2139646428501926,0.1170999055176167,0.3564232046073994,0.2044636860021035,0.1422499852374106,0.1285247472816981,0.3606407786987897,0.2022918163961902,0.1822700905813803,0.1651682042661252,0.1883475239431936,0.094635954654434,0.1431837881527384,0.1255492490904672,0.1472322607736182,0.1402135758332641,0.16521001229881,0.1922005571910161,0.1224090584607037,0.1158184431379417,0.1148909995794559,0.4406297929105089,0.1882963867356328
DK,0.1960164578821249,0.2102490148965452,0.1276149282108948,0.2205916390618112,0.1008152255036445,0.1661742227532592,0.2712228299634569,0.1413533233573121,0.1564332794400248,0.1247017905381234,0.133034521462154,0.0,0.1250917782119432,0.1506907375829365,0.1235199781849677,0.2695850248832134,0.1639806399749395,0.1166224642405853,0.2612537092693305,0.1773382827679734,0.1823277918869853,0.1300576830031232,0.1340981891859056,0.2137698218075198,0.2039684563986774,0.1628913960952164,0.3618735556512891,0.1770064042396525,0.1415218229566407,0.130921220319049,0.365430150958539,0.1962159326755093,0.2092849527598133,0.1954219751321209,0.1658097581378416,0.103635260452816,0.0827888839347792,0.1616241180338014,0.1615501178407237,0.1546374778454735,0.1895816092083357,0.1945059517762413,0.0673788047247548,0.131903690002594,0.1177557694164885,0.4562039651213703,0.1849077353009718
EE,0.2044937479406955,0.1754022687720479,0.1288336677904874,0.1900677013644087,0.1172396189108483,0.1354097267612717,0.207896739374932,0.1592159442866552,0.1342419121003386,0.1200183939780533,0.1332227777997344,0.1250917782119432,0.0,0.1629309128810052,0.1082864245043478,0.327588835495278,0.1667839734606102,0.1512647351617422,0.2733988043834521,0.1491517635097742,0.156232600274921,0.1018164894364561,0.159800419544558,0.234159710525952,0.2246541276068414,0.1656302670587002,0.3548061073824902,0.1494730784295261,0.1355570866578513,0.0786515848546784,0.3657540138621503,0.1468777699826151,0.1719102243635402,0.1639404389319911,0.1630655566534175,0.1227602378191929,0.1294104294371746,0.1475941219144572,0.1587125211015644,0.1463587946011419,0.1518174035674568,0.1520833813440427,0.1117073646973144,0.1199911615714712,0.113134027591238,0.4533644427342849,0.1540933243057456
ES,0.1497424846882915,0.2077109372593748,0.1252496350613522,0.2091720638451157,0.1046768241429018,0.1612656901590602,0.2729093729482684,0.138990726164659,0.154935931437202,0.1182809539240217,0.121546573976573,0.1506907375829365,0.1629309128810052,0.0,0.1476319669297706,0.338669360825982,0.1292050852618546,0.1350724317797733,0.2471873129586256,0.1654141781737959,0.1848925168882826,0.1425158163897817,0.1497697036912193,0.2596271140938586,0.2296620094686696,0.1076466681942884,0.3793376495564224,0.2081899630590521,0.1534723899159662,0.1462450103129395,0.3600686577644588,0.2118704726029063,0.1994483721412158,0.1855872902845322,0.187262480931278,0.1232761731977168,0.1602600944759895,0.1488100654729681,0.1061270863720186,0.1526329293288101,0.18201858463049,0.2171395297474214,0.1390254167983802,0.139133967248723,0.129441591475002,0.4201683422945309,0.1882072961818919
FI,0.2151836726492383,0.2090866037557051,0.1234916189525208,0.1976877364524166,0.121072637161363,0.1595679007458054,0.263506830004101,0.1537043673753918,0.156761284560821,0.1171371782596675,0.1371065281249901,0.1235199781849677,0.1082864245043478,0.1476319669297706,0.0,0.3314626555514721,0.1710461728511322,0.1449482361559341,0.2851217589555899,0.1742710173606159,0.1695144255074308,0.1213380636294606,0.1573443614799829,0.2495940231006024,0.238916466503258,0.1752957983847821,0.3684319764475403,0.1862575846745745,0.16008610999013,0.1318006845101142,0.3784187318631908,0.1892659462875853,0.1999152574055041,0.1927938903855135,0.1806018756381318,0.12587921700779,0.118779246119023,0.1542002219046288,0.1628135401672779,0.1608080719040547,0.1873530738578203,0.1999151038617239,0.1011951330764078,0.1288278836189701,0.1252084481558946,0.4616008969251008,0.1847899716702611
FO,0.3164165112211445,0.3659300445552434,0.3060341090891112,0.3994443097406542,0.297861371349612,0.3801213649479747,0.4351986861303656,0.3097659534333841,0.3379667093881425,0.3457892383718248,0.3190655384888116,0.2695850248832134,0.327588835495278,0.338669360825982,0.3314626555514721,0.0,0.3318478827688562,0.2950795870655325,0.3178506040006433,0.353103753442777,0.3624806329921551,0.3471597886962585,0.3045578481789759,0.3438640657655977,0.2601512841196829,0.3407476329115697,0.4026756942270023,0.3875902121864645,0.3124662288419848,0.34329852976048,0.3868603532498783,0.3975555690139396,0.3661820401658696,0.3753112580899961,0.3423046151099306,0.316641700762492,0.3002789316893042,0.3716228964305164,0.3429628596188037,0.3744428473418822,0.3617267823022831,0.3902088580822029,0.2994779485547565,0.3229720494373631,0.3478636607181049,0.4459745374686695,0.4062683916190274
FR,0.2117543632242194,0.2199837078625893,0.1389909688999908,0.2275847157718726,0.0806122094160151,0.171939955279685,0.2875467748613924,0.1271256242805832,0.1812680727172652,0.1392502967281484,0.1167993088807524,0.1639806399749395,0.1667839734606102,0.1292050852618546,0.1710461728511322,0.3318478827688562,0.0,0.1390322076188024,0.2803729401545336,0.1856687929536249,0.1991114497397816,0.1535303628977188,0.1716810579412454,0.2843923389011473,0.2240307584650985,0.1278694173965685,0.389276249870326,0.2354093010113427,0.1306283582083429,0.1522387905701638,0.3117852070868342,0.2296426899644343,0.2105829927695829,0.1978553744767299,0.2104320020603094,0.1213315657570505,0.1696325584453329,0.1562680921323432,0.1510798337720005,0.1693410030890301,0.1933917680669654,0.2171728200121632,0.1489649979441372,0.154417186380344,0.1481190505139562,0.4387959426083677,0.2148333661854053
GB,0.2099816515104033,0.2103312847952234,0.11839593160172,0.2124536995583718,0.0952211902917998,0.1665394755403347,0.2828531642907692,0.1255669077963628,0.1472334256894016,0.1303615946805042,0.1072336515218131,0.1166224642405853,0.1512647351617422,0.1350724317797733,0.1449482361559341,0.2950795870655325,0.1390322076188024,0.0,0.20982989987922,0.1681637342601301,0.1840448316345733,0.1454752535512153,0.0698952024885011,0.1766534040956315,0.190807289696048,0.1407206750757605,0.3675906321485014,0.2021371495988303,0.1519488512421989,0.1339364326646842,0.3436261740699931,0.2103521143279678,0.1932003381932781,0.1926711780572445,0.1511315568204203,0.1032595799092682,0.1322018296883346,0.1549920557870518,0.1561383706506591,0.1590351844772753,0.1854620959677662,0.2045722434622819,0.1079193638490556,0.1351240699942462,0.1390298688268016,0.4298394603408701,0.1921558340342544
GI,0.2213265743386108,0.2895979168724126,0.2449004774704972,0.3054701992837272,0.2252544709654503,0.2948293147865614,0.3826843099034207,0.2703360125033953,0.218262738122727,0.2757522262450372,0.2722574527038593,0.2612537092693305,0.2733988043834521,0.2471873129586256,0.2851217589555899,0.3178506040006433,0.2803729401545336,0.20982989987922,0.0,0.2715700669590355,0.2813178152108385,0.2733720623124641,0.20733119895155,0.2220927622279213,0.2861640846666285,0.247847732228608,0.3389798322896327,0.2946229089966333,0.2221105663398555,0.2722546251189489,0.3295087466295975,0.3051347572249231,0.2857837485426271,0.2800993422313987,0.1947043250108565,0.2562514692722861,0.2783443550890816,0.299100930224767,0.2395309632021616,0.286584286287427,0.287505260117292,0.3355268578602444,0.2698767209173527,0.2635059039471882,0.2810162963606226,0.3899287586790663,0.3183842892919948
GR,0.2316755833200818,0.1324866613235514,0.1474465045277766,0.1480535610150353,0.1380429822322351,0.1082463377974309,0.2158528149931292,0.1843755010785166,0.0846176988575769,0.134991371655177,0.1510273555226697,0.1773382827679734,0.1491517635097742,0.1654141781737959,0.1742710173606159,0.353103753442777,0.1856687929536249,0.1681637342601301,0.2715700669590355,0.0,0.1396602437168514,0.109802918327482,0.1524055053777218,0.265245729317477,0.2510799184964523,0.1400822710089669,0.3832924696725063,0.184319910206022,0.1771250522136567,0.1379870221580659,0.3631947702822626,0.1419665081144469,0.1386593850084416,0.1062175337113098,0.1640602019156019,0.1522702846083998,0.1931442727637224,0.1484639602685319,0.1390674636355974,0.1283302042033411,0.1130844323346744,0.1706625861710468,0.1682594746504249,0.121134610200583,0.1263668942859213,0.4291337134188017,0.1380595062142565
HR,0.2328311370271143,0.1459102623530971,0.1495491194296575,0.0951164467335017,0.151288814237994,0.1257790284229131,0.2077852159787931,0.1892689951997614,0.1268667558702815,0.1340077569945392,0.1674891673373926,0.1823277918869853,0.156232600274921,0.1848925168882826,0.1695144255074308,0.3624806329921551,0.1991114497397816,0.1840448316345733,0.2813178152108385,0.1396602437168514,0.0,0.1192605042998348,0.1627737983892589,0.2668248543917824,0.2493650860929089,0.1695294247147387,0.3860078491431244,0.1743588234997578,0.1723956387019682,0.1367053507389739,0.3780849567457219,0.1330425568100146,0.1032528717567365,0.1047553207354139,0.178280477806672,0.1695407509921198,0.1899083475460852,0.1686515700200093,0.165998938906358,0.1570901846018084,0.090671885017406,0.1781789287874564,0.1696378239237503,0.0827751480670642,0.1318337390250038,0.4327612386842536,0.1313853468055175
HU,0.2141023538009607,0.1547699178489964,0.1109476709910086,0.1371908093337679,0.1117441635649452,0.0887968129143785,0.2072911640669997,0.1570609410647543,0.1176343787636124,0.0796931746679627,0.110353558723019,0.1300576830031232,0.1018164894364561,0.1425158163897817,0.1213380636294606,0.3471597886962585,0.1535303628977188,0.1454752535512153,0.2733720623124641,0.109802918327482,0.1192605042998348,0.0,0.1471353240667333,0.2434693325954384,0.252581094639507,0.1365077014818225,0.3610176297190711,0.1449655489663608,0.1531254733658722,0.1000937642647652,0.3625948095974731,0.1234044380909402,0.1352327653921416,0.1140796962336474,0.1667543119569636,0.1127152254968797,0.1456645135814938,0.1164007292334362,0.1335982299749871,0.0933429366580288,0.1115791404874497,0.1493010454322506,0.1166504074297758,0.0827131657962993,0.0750245300489413,0.4235026451561861,0.1172162739310563
IE,0.1999216670465586,0.1895073705557999,0.132908523748453,0.1929283945820054,0.1124378989796676,0.1738982615252513,0.2698697611067968,0.154470886168403,0.1192443462016555,0.1467024337066805,0.1492929589870495,0.1340981891859056,0.159800419544558,0.1497697036912193,0.1573443614799829,0.3045578481789759,0.1716810579412454,0.0698952024885011,0.20733119895155,0.1524055053777218,0.1627737983892589,0.1471353240667333,0.0,0.1595620642636295,0.1936649271833908,0.1367381998233285,0.3527790583814879,0.1853801614881298,0.1422663804457915,0.1457006505708714,0.3450708247507431,0.192065726015525,0.1681754515188021,0.1711366857089977,0.1208424845564085,0.1304524649851799,0.1591944403992622,0.1676832588177503,0.1364137644756748,0.1643729413144299,0.1684075334129731,0.2168317579899296,0.1376882490192226,0.1283124574258016,0.1490978462754346,0.4096031454865493,0.1876302580565708
IM,0.2209951644775301,0.2684583906323556,0.2340480313010442,0.2885452025876395,0.2084630043877884,0.2777192905765099,0.3687661565900649,0.2645165014415919,0.193323432087084,0.2579402595011055,0.2671387415904767,0.2137698218075198,0.234159710525952,0.2596271140938586,0.2495940231006024,0.3438640657655977,0.2843923389011473,0.1766534040956315,0.2220927622279213,0.265245729317477,0.2668248543917824,0.2434693325954384,0.1595620642636295,0.0,0.2908863715679572,0.2358765921385878,0.3332965051349904,0.249010522367548,0.1934475560965275,0.2441735001851146,0.3582751154426489,0.2771703834848604,0.2753854988478128,0.2682674100051265,0.1527940482981564,0.2327378782122485,0.2413493637634612,0.2790144164032377,0.2275020568576093,0.2569751031967721,0.2755589187850161,0.3183308594525408,0.2407056522324133,0.2359318863505279,0.2591675744281424,0.4132013013721012,0.2929157216044803
IS,0.2485123302248358,0.2654241828401689,0.2004732502158503,0.2980921231814001,0.1843197187470091,0.2788579066974919,0.3429982718070429,0.1938238368693183,0.2339746890421424,0.2344252981334021,0.2139646428501926,0.2039684563986774,0.2246541276068414,0.2296620094686696,0.238916466503258,0.2601512841196829,0.2240307584650985,0.190807289696048,0.2861640846666285,0.2510799184964523,0.2493650860929089,0.252581094639507,0.1936649271833908,0.2908863715679572,0.0,0.2314238274672916,0.4008202239278516,0.2981798880842955,0.2090231374580641,0.2312491131741326,0.3699220213870918,0.305253091499811,0.2516054574292223,0.2672553230310599,0.235184545238821,0.1993380866952685,0.2194621899124714,0.2576558150272253,0.2315825664597511,0.271691284187167,0.2488800833403713,0.295175592110795,0.197210512090145,0.2122855368810896,0.2375471433799751,0.4595576505416308,0.3078999597292955
IT,0.1858110588032002,0.1725268625850528,0.1269004744687925,0.1946085597861776,0.1038121610977438,0.150429987396731,0.2775574239057281,0.1482252661227436,0.1291598881725066,0.1240047230126552,0.1170999055176167,0.1628913960952164,0.1656302670587002,0.1076466681942884,0.1752957983847821,0.3407476329115697,0.1278694173965685,0.1407206750757605,0.247847732228608,0.1400822710089669,0.1695294247147387,0.1365077014818225,0.1367381998233285,0.2358765921385878,0.2314238274672916,0.0,0.3596396068068638,0.1938695030323955,0.1308550641600252,0.1445285978533439,0.3350607585298231,0.2046757472283185,0.1836692408948335,0.1535451385013012,0.1497224336663634,0.1298964403142259,0.1800983915091376,0.1269828980937806,0.0963722049427376,0.1391844177404836,0.1672579582363214,0.2199127362231191,0.164791260860716,0.1317730321986265,0.1321373401088794,0.350467889264311,0.1933454737930842
LI,0.3174058529255955,0.3805956691110005,0.3179900860945377,0.4024674287767713,0.3378291990951811,0.3989063668981811,0.4593830548128234,0.3158733516046473,0.3322697024271357,0.369338003390414,0.3564232046073994,0.3618735556512891,0.3548061073824902,0.3793376495564224,0.3684319764475403,0.4026756942270023,0.389276249870326,0.3675906321485014,0.3389798322896327,0.3832924696725063,0.3860078491431244,0.3610176297190711,0.3527790583814879,0.3332965051349904,0.4008202239278516,0.3596396068068638,0.0,0.3668807394727491,0.3046387995118769,0.3718664912280596,0.3801377201997303,0.3975135782701986,0.3937713427421832,0.3876129423266897,0.316287957939822,0.3658566795170097,0.3709570619577578,0.3982930482563419,0.3512976550801756,0.3910751037283305,0.392101359468214,0.412382207339918,0.3704092272734597,0.3585034580990368,0.3698259614280316,0.4273044177790649,0.4059982289576263
LT,0.2343579894914519,0.1957265125877068,0.1767577537287545,0.1914752751871322,0.1634306174363643,0.1642694218563811,0.2477800377276308,0.220583037412372,0.1473427743312003,0.148655350244907,0.2044636860021035,0.1770064042396525,0.1494730784295261,0.2081899630590521,0.1862575846745745,0.3875902121864645,0.2354093010113427,0.2021371495988303,0.2946229089966333,0.184319910206022,0.1743588234997578,0.1449655489663608,0.1853801614881298,0.249010522367548,0.2981798880842955,0.1938695030323955,0.3668807394727491,0.0,0.1768496462108486,0.1164336072216637,0.3819863701848667,0.1678987452731358,0.1892320671152105,0.169925892807951,0.17349232796232,0.1797745663814469,0.1970902096956927,0.2041767334777807,0.1838833679749235,0.1702051664815309,0.1741622796336462,0.2025008766528334,0.1785239316695349,0.1485179769964061,0.1443460815248125,0.4449551543629239,0.1603056441783465
LU,0.1400844742491962,0.1576366595305339,0.1215804285937941,0.2004137341369519,0.0858985588819348,0.183188086144819,0.2419848271136075,0.1399018982618028,0.112351077367089,0.1600943071762472,0.1422499852374106,0.1415218229566407,0.1355570866578513,0.1534723899159662,0.16008610999013,0.3124662288419848,0.1306283582083429,0.1519488512421989,0.2221105663398555,0.1771250522136567,0.1723956387019682,0.1531254733658722,0.1422663804457915,0.1934475560965275,0.2090231374580641,0.1308550641600252,0.3046387995118769,0.1768496462108486,0.0,0.1394999778939216,0.3025037989734448,0.1697430543427585,0.1685426662606581,0.1678430041957817,0.1224508156560243,0.1358833787834831,0.1533395667144257,0.1830345645816268,0.1233984789826923,0.176910920578783,0.1642465942563244,0.1859703056825106,0.1455345217345434,0.1381465370579857,0.1565532745310618,0.410567405479613,0.1880416836787459
LV,0.2043142107551218,0.1567319630521175,0.123606929629991,0.1572655659765104,0.1044048215974016,0.1163165458115704,0.1846879581359604,0.1446277812234959,0.1211566825461967,0.0966646681675772,0.1285247472816981,0.130921220319049,0.0786515848546784,0.1462450103129395,0.1318006845101142,0.34329852976048,0.1522387905701638,0.1339364326646842,0.2722546251189489,0.1379870221580659,0.1367053507389739,0.1000937642647652,0.1457006505708714,0.2441735001851146,0.2312491131741326,0.1445285978533439,0.3718664912280596,0.1164336072216637,0.1394999778939216,0.0,0.3659355835434663,0.1217641326248244,0.1399144951385726,0.1293361376520454,0.1677802640751398,0.1051301187839557,0.1362788773274738,0.1360867330367854,0.1468545964246662,0.1193211185140856,0.1275037163394337,0.120538174826773,0.1063183267372769,0.0956572563196895,0.0981552439944898,0.4451358337272869,0.1090970000376144
MC,0.3210166428011355,0.3778209648729222,0.3477859405278425,0.4056579529803181,0.3122913232352865,0.3850476958388285,0.4470282193904951,0.3482336692890044,0.3375894014537756,0.3620237352862114,0.3606407786987897,0.365430150958539,0.3657540138621503,0.3600686577644588,0.3784187318631908,0.3868603532498783,0.3117852070868342,0.3436261740699931,0.3295087466295975,0.3631947702822626,0.3780849567457219,0.3625948095974731,0.3450708247507431,0.3582751154426489,0.3699220213870918,0.3350607585298231,0.3801377201997303,0.3819863701848667,0.3025037989734448,0.3659355835434663,0.0,0.398712020835066,0.386190977955916,0.3811406033993444,0.3332428144655996,0.3530421596525168,0.3764306412556552,0.3848564596113764,0.3351767213464022,0.3802615838728385,0.3821073145820892,0.4030272772950611,0.3663049681910757,0.3602041179724007,0.3672882773306309,0.4127175400747515,0.4030895446086313
MD,0.249643689381212,0.1389328060348799,0.1781313570859558,0.126704031130491,0.1753605049215403,0.1283104133118028,0.0915612624263338,0.2106754712857828,0.1225479055263452,0.1560525939418078,0.2022918163961902,0.1962159326755093,0.1468777699826151,0.2118704726029063,0.1892659462875853,0.3975555690139396,0.2296426899644343,0.2103521143279678,0.3051347572249231,0.1419665081144469,0.1330425568100146,0.1234044380909402,0.192065726015525,0.2771703834848604,0.305253091499811,0.2046757472283185,0.3975135782701986,0.1678987452731358,0.1697430543427585,0.1217641326248244,0.398712020835066,0.0,0.1104806180741908,0.1172717777995313,0.1903674131875778,0.1908568176769128,0.2032270724177769,0.1950506669742754,0.1998470377837978,0.1571117921976736,0.105409782328387,0.0793909985129246,0.1757020392620182,0.1252147917633609,0.1424689449017175,0.4725926563601155,0.0698948255223934
ME,0.2400143386297617,0.1240236348168323,0.1617109430226088,0.0740248578706928,0.155775869940722,0.1412945112416566,0.1670657692281918,0.193882138320372,0.1149178741339738,0.1672535389958245,0.1822700905813803,0.2092849527598133,0.1719102243635402,0.1994483721412158,0.1999152574055041,0.3661820401658696,0.2105829927695829,0.1932003381932781,0.2857837485426271,0.1386593850084416,0.1032528717567365,0.1352327653921416,0.1681754515188021,0.2753854988478128,0.2516054574292223,0.1836692408948335,0.3937713427421832,0.1892320671152105,0.1685426662606581,0.1399144951385726,0.386190977955916,0.1104806180741908,0.0,0.0836012626981225,0.1733029166026057,0.1845491874609713,0.2152989094618252,0.1913370729875969,0.1832870858314832,0.1808450053484308,0.0599203311073109,0.1508242014590101,0.1899793498993791,0.0980045598308791,0.1579242070137316,0.4522377489421978,0.1165117081342963
MK,0.2345948946633751,0.0948586893661143,0.1583077929654601,0.092193295835936,0.1495057279078675,0.0958225691787781,0.1928669940221344,0.1935445136505375,0.1097592769622072,0.1435423597801792,0.1651682042661252,0.1954219751321209,0.1639404389319911,0.1855872902845322,0.1927938903855135,0.3753112580899961,0.1978553744767299,0.1926711780572445,0.2800993422313987,0.1062175337113098,0.1047553207354139,0.1140796962336474,0.1711366857089977,0.2682674100051265,0.2672553230310599,0.1535451385013012,0.3876129423266897,0.169925892807951,0.1678430041957817,0.1293361376520454,0.3811406033993444,0.1172717777995313,0.0836012626981225,0.0,0.1618449753404249,0.1660354692459928,0.2063069895510016,0.1592678284160117,0.1481796668079413,0.1401753927545884,0.0714604935640439,0.1600630581291715,0.1841754609872945,0.1045185629378893,0.1295337025974456,0.4323110859599394,0.1216249085609481
MT,0.1836009279104737,0.1689972576013398,0.1599263948204978,0.1927456008561611,0.1374200375632845,0.1806557257912211,0.2933584654576059,0.2027655238933062,0.0925695140822091,0.177112608554286,0.1883475239431936,0.1658097581378416,0.1630655566534175,0.187262480931278,0.1806018756381318,0.3423046151099306,0.2104320020603094,0.1511315568204203,0.1947043250108565,0.1640602019156019,0.178280477806672,0.1667543119569636,0.1208424845564085,0.1527940482981564,0.235184545238821,0.1497224336663634,0.316287957939822,0.17349232796232,0.1224508156560243,0.1677802640751398,0.3332428144655996,0.1903674131875778,0.1733029166026057,0.1618449753404249,0.0,0.1678665577218709,0.1874821314786752,0.1919309566873289,0.133918606058401,0.1677829478183581,0.1800859769342684,0.2436550187237127,0.1859092323552514,0.1514574263562905,0.1720077365341463,0.3870197871312805,0.210799829420982
NL,0.1983875941838394,0.1999132431605497,0.1120167234893048,0.2030180899195743,0.0629436513388514,0.1325194154634332,0.2615752826074089,0.1154004975955732,0.1464465295079139,0.0999010684550328,0.094635954654434,0.103635260452816,0.1227602378191929,0.1232761731977168,0.12587921700779,0.316641700762492,0.1213315657570505,0.1032595799092682,0.2562514692722861,0.1522702846083998,0.1695407509921198,0.1127152254968797,0.1304524649851799,0.2327378782122485,0.1993380866952685,0.1298964403142259,0.3658566795170097,0.1797745663814469,0.1358833787834831,0.1051301187839557,0.3530421596525168,0.1908568176769128,0.1845491874609713,0.1660354692459928,0.1678665577218709,0.0,0.1124604655448178,0.12021710226484,0.1388665569740885,0.1262780423465039,0.1655650672624363,0.1779199123005639,0.0862426712771526,0.1118106143242803,0.1025528643303798,0.4469899672134382,0.1756779830442851
NO,0.2083529750840423,0.208277860552424,0.1402748954045181,0.2308513350746418,0.1152382925033088,0.1771204089765981,0.2706000105237007,0.1456015896659651,0.1724954478431176,0.127077769172756,0.1431837881527384,0.0827888839347792,0.1294104294371746,0.1602600944759895,0.118779246119023,0.3002789316893042,0.1696325584453329,0.1322018296883346,0.2783443550890816,0.1931442727637224,0.1899083475460852,0.1456645135814938,0.1591944403992622,0.2413493637634612,0.2194621899124714,0.1800983915091376,0.3709570619577578,0.1970902096956927,0.1533395667144257,0.1362788773274738,0.3764306412556552,0.2032270724177769,0.2152989094618252,0.2063069895510016,0.1874821314786752,0.1124604655448178,0.0,0.1689352957133177,0.1797586551645498,0.1704577571617848,0.1973104048013411,0.1883494237249281,0.0702519540644226,0.1418996699998176,0.1271197934779436,0.4761622963969407,0.1905209557534407
PL,0.2341637392515509,0.2100825253315499,0.1457156199015858,0.2010185633382699,0.1259832844550261,0.1241209227122223,0.2819342036204393,0.1764065371478675,0.1628077463921582,0.1126379449977128,0.1255492490904672,0.1616241180338014,0.1475941219144572,0.1488100654729681,0.1542002219046288,0.3716228964305164,0.1562680921323432,0.1549920557870518,0.299100930224767,0.1484639602685319,0.1686515700200093,0.1164007292334362,0.1676832588177503,0.2790144164032377,0.2576558150272253,0.1269828980937806,0.3982930482563419,0.2041767334777807,0.1830345645816268,0.1360867330367854,0.3848564596113764,0.1950506669742754,0.1913370729875969,0.1592678284160117,0.1919309566873289,0.12021710226484,0.1689352957133177,0.0,0.1383798581303629,0.1241402311328648,0.1709409087001123,0.2067036849856495,0.1523932898228464,0.1298491242856013,0.109946022477618,0.4452797656484336,0.1839424114660965
PT,0.1571897491917652,0.1720250032504178,0.1333026145785336,0.1918466133160994,0.1095419587874101,0.1577133499391816,0.2877824379514564,0.1625828324388115,0.1213772593534088,0.1328135451510548,0.1472322607736182,0.1615501178407237,0.1587125211015644,0.1061270863720186,0.1628135401672779,0.3429628596188037,0.1510798337720005,0.1561383706506591,0.2395309632021616,0.1390674636355974,0.165998938906358,0.1335982299749871,0.1364137644756748,0.2275020568576093,0.2315825664597511,0.0963722049427376,0.3512976550801756,0.1838833679749235,0.1233984789826923,0.1468545964246662,0.3351767213464022,0.1998470377837978,0.1832870858314832,0.1481796668079413,0.133918606058401,0.1388665569740885,0.1797586551645498,0.1383798581303629,0.0,0.142238516677436,0.1686195249209692,0.2338908439535511,0.1668276763728816,0.1355002945777137,0.1302740802240838,0.3846996301818176,0.1914557132367286
RO,0.2331757497258143,0.1877532354055391,0.1526088333107658,0.1817130775612317,0.1276894487839441,0.0920408580768373,0.2763591795653605,0.1842925678113154,0.1447193884761139,0.1001571340130101,0.1402135758332641,0.1546374778454735,0.1463587946011419,0.1526329293288101,0.1608080719040547,0.3744428473418822,0.1693410030890301,0.1590351844772753,0.286584286287427,0.1283302042033411,0.1570901846018084,0.0933429366580288,0.1643729413144299,0.2569751031967721,0.271691284187167,0.1391844177404836,0.3910751037283305,0.1702051664815309,0.176910920578783,0.1193211185140856,0.3802615838728385,0.1571117921976736,0.1808450053484308,0.1401753927545884,0.1677829478183581,0.1262780423465039,0.1704577571617848,0.1241402311328648,0.142238516677436,0.0,0.1493357362723153,0.1994884832552944,0.1474636199001349,0.1170436268159664,0.0939368782644114,0.4374798020159183,0.1600492947244487
RS,0.2345771882306841,0.1177286597545355,0.1547077394409886,0.0647372757804072,0.1424137333724103,0.1023750611254329,0.1521019559076352,0.1828418055500091,0.1140660084405497,0.1367099618542184,0.16521001229881,0.1895816092083357,0.1518174035674568,0.18201858463049,0.1873530738578203,0.3617267823022831,0.1933917680669654,0.1854620959677662,0.287505260117292,0.1130844323346744,0.090671885017406,0.1115791404874497,0.1684075334129731,0.2755589187850161,0.2488800833403713,0.1672579582363214,0.392101359468214,0.1741622796336462,0.1642465942563244,0.1275037163394337,0.3821073145820892,0.105409782328387,0.0599203311073109,0.0714604935640439,0.1800859769342684,0.1655650672624363,0.1973104048013411,0.1709409087001123,0.1686195249209692,0.1493357362723153,0.0,0.1352711828312653,0.1694989160962309,0.0963127153862865,0.1273333890192589,0.4494444104134488,0.100192140417485
RU,0.2655230209048476,0.1772107179040692,0.1906005631839517,0.1775329543100645,0.1842900803936724,0.1442143990374844,0.0505958718265757,0.1971143876518528,0.1567419638472349,0.1666662596631254,0.1922005571910161,0.1945059517762413,0.1520833813440427,0.2171395297474214,0.1999151038617239,0.3902088580822029,0.2171728200121632,0.2045722434622819,0.3355268578602444,0.1706625861710468,0.1781789287874564,0.1493010454322506,0.2168317579899296,0.3183308594525408,0.295175592110795,0.2199127362231191,0.412382207339918,0.2025008766528334,0.1859703056825106,0.120538174826773,0.4030272772950611,0.0793909985129246,0.1508242014590101,0.1600630581291715,0.2436550187237127,0.1779199123005639,0.1883494237249281,0.2067036849856495,0.2338908439535511,0.1994884832552944,0.1352711828312653,0.0,0.1607840789713791,0.1534422683954908,0.1603516043197408,0.5004678892491734,0.0616010390918191
SE,0.2053296331882351,0.1995330608486356,0.1199853964437949,0.2049597242416211,0.0932555631509819,0.151952034246063,0.2393944321519062,0.1217658245220648,0.1582945296325768,0.1019923437710368,0.1224090584607037,0.0673788047247548,0.1117073646973144,0.1390254167983802,0.1011951330764078,0.2994779485547565,0.1489649979441372,0.1079193638490556,0.2698767209173527,0.1682594746504249,0.1696378239237503,0.1166504074297758,0.1376882490192226,0.2407056522324133,0.197210512090145,0.164791260860716,0.3704092272734597,0.1785239316695349,0.1455345217345434,0.1063183267372769,0.3663049681910757,0.1757020392620182,0.1899793498993791,0.1841754609872945,0.1859092323552514,0.0862426712771526,0.0702519540644226,0.1523932898228464,0.1668276763728816,0.1474636199001349,0.1694989160962309,0.1607840789713791,0.0,0.1191266732187735,0.1005220089297501,0.4714625944575091,0.156236937178385
SI,0.2051771314626356,0.140048129438756,0.1032812550256943,0.1102818969406281,0.1001272774228565,0.1037753031282641,0.2077906032482839,0.1396664375203291,0.1094534565970928,0.0836313285819534,0.1158184431379417,0.131903690002594,0.1199911615714712,0.139133967248723,0.1288278836189701,0.3229720494373631,0.154417186380344,0.1351240699942462,0.2635059039471882,0.121134610200583,0.0827751480670642,0.0827131657962993,0.1283124574258016,0.2359318863505279,0.2122855368810896,0.1317730321986265,0.3585034580990368,0.1485179769964061,0.1381465370579857,0.0956572563196895,0.3602041179724007,0.1252147917633609,0.0980045598308791,0.1045185629378893,0.1514574263562905,0.1118106143242803,0.1418996699998176,0.1298491242856013,0.1355002945777137,0.1170436268159664,0.0963127153862865,0.1534422683954908,0.1191266732187735,0.0,0.0846498159849036,0.4195799705521439,0.1220497128577291
SK,0.2064579157256361,0.162716856760641,0.1115964161822594,0.1572160536926801,0.0968152997366729,0.1017004957680675,0.2254468672892563,0.1457505562526477,0.1332885979386603,0.033651976717242,0.1148909995794559,0.1177557694164885,0.113134027591238,0.129441591475002,0.1252084481558946,0.3478636607181049,0.1481190505139562,0.1390298688268016,0.2810162963606226,0.1263668942859213,0.1318337390250038,0.0750245300489413,0.1490978462754346,0.2591675744281424,0.2375471433799751,0.1321373401088794,0.3698259614280316,0.1443460815248125,0.1565532745310618,0.0981552439944898,0.3672882773306309,0.1424689449017175,0.1579242070137316,0.1295337025974456,0.1720077365341463,0.1025528643303798,0.1271197934779436,0.109946022477618,0.1302740802240838,0.0939368782644114,0.1273333890192589,0.1603516043197408,0.1005220089297501,0.0846498159849036,0.0,0.4420186019803847,0.1177558129757336
