ISO_CODE,AO,BF,BI,BJ,BW,CD,CF,CG,CI,CM,CV,DJ,DZ,EG,ER,ET,GA,GH,GM,GN,GQ,GW,KE,KM,LR,LS,LY,MA,MG,ML,MR,MU,MW,MZ,NA,NE,NG,RE,RW,SC,SL,SN,SO,SS,ST,SZ,TD,TG,TN,TZ,UG,YT,ZA,ZM,ZW
AO,0.0,0.2196663268131622,0.1464581027101796,0.1274990331362948,0.2399353401225653,0.1200551399691909,0.1848675227171724,0.1105098630584724,0.1432349610755903,0.1749365367081581,0.0982917149539356,0.128729515252908,0.1558256771350852,0.2550225082339564,0.4955197235495537,0.3339729865723992,0.1365697800784928,0.2138489758068453,0.1611538398633281,0.1483749370131162,0.1825148222509817,0.109728865276092,0.2581460579110803,0.1716978601215103,0.1404850556734393,0.2877548709461919,0.3102212910707159,0.1795868449463411,0.1994924700491904,0.1508307187175165,0.1470352982061638,0.2588457023029819,0.312168593393469,0.1377318255828008,0.2560767855959615,0.1353864463163717,0.2188573812093486,0.2979228134668751,0.2063464552659871,0.3080542455464183,0.2572296292241611,0.17971862565786,0.2054363021807692,0.2727713678853684,0.1786807721232477,0.2561647758868741,0.1170031333120562,0.1188775860798488,0.1820513327009398,0.2586737855890346,0.2635633745540104,0.2294389952491611,0.2330675891810556,0.2467683903480962,0.3315616628879781
BF,0.2196663268131622,0.0,0.1379148418052881,0.0816919246769156,0.2654430289303766,0.1400769431728202,0.1559479732646975,0.1235564057308329,0.0872346072502305,0.1125953435351639,0.2189465399022354,0.165235302299141,0.1595080671412665,0.2170584971652506,0.4771054312996128,0.3644576082658251,0.1183347196543733,0.2383637521620072,0.1885872686834939,0.1201466438190959,0.2492540830709159,0.153898727719604,0.2331062762042017,0.1439296640312619,0.1439149156460522,0.2694490286240755,0.1877085025525005,0.1905955593929926,0.1920408927877297,0.1101006663617233,0.1370229830729159,0.2518228229340441,0.3308046832003853,0.1727086612734529,0.2568596076890647,0.0915489843792696,0.2176325351541292,0.2496895137487926,0.2336271344088831,0.2736978101144998,0.2794721237079821,0.162670613337432,0.2198546145406998,0.2943207028776351,0.2372272321970852,0.2595890205072548,0.1689774542823142,0.1083604054227074,0.1848807837504935,0.2689834278184144,0.2786358167787712,0.2278702489487311,0.1936302468025903,0.2400396248899046,0.3426182379703798
BI,0.1464581027101796,0.1379148418052881,0.0,0.0583857457306032,0.1258911274431573,0.0671663324285086,0.0944551784713239,0.0633255652687452,0.0804408540348542,0.0796352081741407,0.1561692086114532,0.0708454579812765,0.1020973619122145,0.1859843955054664,0.4283874537816821,0.2136136831626962,0.0709959468872732,0.1211565857544212,0.0684390859195196,0.0865469674544026,0.1834365919245161,0.1139970988034496,0.1171560885383935,0.1127612573101412,0.0370111173607774,0.1627523258886987,0.2179254284353602,0.1372113686235643,0.1202267964791299,0.0929898894152538,0.0736080624780408,0.1453863950536937,0.1731856533682378,0.1087823945615571,0.1214786821393267,0.0596818986124171,0.1015930236378299,0.2285056605866081,0.0864558628920186,0.1985057653002795,0.1504407282897866,0.1209509269178622,0.0845154009043973,0.137944278437602,0.1963519491207094,0.1205165916233094,0.1073185022740388,0.0488060225132024,0.1510762126073697,0.1330015919287666,0.1311613616304996,0.1967223834139665,0.1123865683246068,0.106002525122596,0.1901017309296317
BJ,0.1274990331362948,0.0816919246769156,0.0583857457306032,0.0,0.1872272588627352,0.0599310083014661,0.0855536644627577,0.0399192628782418,0.0367728191153424,0.058772580354464,0.1468081351685951,0.076670445299803,0.1018264036732893,0.186228190626051,0.4286855519734961,0.2805362367635347,0.0492769125387564,0.1495516438354573,0.1003011585961179,0.0551795060356421,0.1652842923492485,0.0831037288183598,0.159002372639998,0.0726231061088155,0.0590988961953915,0.1992912225723351,0.2112767368826174,0.129015404945517,0.1186015532376885,0.0643966416095959,0.0620829332687926,0.1893087512719662,0.2512956067542348,0.1091970178755351,0.183340015940247,0.0385129995237932,0.1340948287700378,0.1948680744826355,0.1424864179835335,0.2289433792619778,0.1951272227891249,0.0983258138664838,0.1358796370871311,0.2109243210448839,0.1674006500032758,0.1710400352634793,0.079196498605649,0.0300667929579083,0.1267636527993058,0.1883116907783731,0.1985746306677673,0.1552902762624715,0.1307304401769818,0.1654461014130599,0.2540179264341111
BW,0.2399353401225653,0.2654430289303766,0.1258911274431573,0.1872272588627352,0.0,0.177329068083605,0.2135621112105821,0.1872097618686754,0.2025257846464462,0.1774573810914821,0.2361635348508954,0.1795095249721211,0.1737002235339588,0.2354990858046475,0.4502274281482403,0.1492244398400835,0.1873561614578167,0.0892340304460308,0.1051968726496221,0.2272828624975525,0.303402116400164,0.2637647463051598,0.1008316477841893,0.2859126100879597,0.1294582651969404,0.101330075308436,0.2729835816573208,0.2144663181830517,0.1542345380386125,0.1916166621848987,0.1736219764711897,0.1356599981405498,0.1359609974757627,0.1864460872862519,0.0935225265110366,0.1732959955507411,0.0930864038730359,0.2969797435124526,0.0945121095469538,0.2177412782993575,0.0946830028056785,0.2281221520356242,0.1021822384212295,0.0776968908948052,0.3247753090383379,0.072149463004028,0.2403598373594908,0.1606282801846124,0.2128387842011005,0.0995758839084008,0.0845375260868566,0.3138372148043433,0.1236090747337883,0.0899470297433291,0.118684375273751
CD,0.1200551399691909,0.1400769431728202,0.0671663324285086,0.0599310083014661,0.177329068083605,0.0,0.10021228342484,0.0285981403461018,0.0716985935390955,0.0734037611000117,0.1714112049873675,0.0777898315549991,0.1152103608218364,0.2125881062965318,0.456764295297982,0.2623452106956379,0.0468079270978323,0.1390701389348705,0.0930213458827485,0.0699099538007568,0.1510665095903089,0.1154166126204874,0.1744365297220339,0.1022259384024666,0.0748171296384131,0.1993912926813539,0.2520808764639708,0.1427668397431173,0.1305485582573328,0.0652998200201665,0.0739135441924395,0.2167901300406485,0.2260418684174616,0.1274648414497492,0.1968682014397862,0.0613371359827025,0.1325531493956468,0.2572605537685821,0.127329869219948,0.2675380355107344,0.1779427665218138,0.0978553217529076,0.1339021305756564,0.1843012368796355,0.2189859954510133,0.1639075829846337,0.0609153940088689,0.0451780087012738,0.1485478481636392,0.1653771088246557,0.1834739658957056,0.1900887147887524,0.174376777589392,0.1562879725591829,0.2311186448903975
CF,0.1848675227171724,0.1559479732646975,0.0944551784713239,0.0855536644627577,0.2135621112105821,0.10021228342484,0.0,0.0892335557602337,0.1024751736970079,0.0930619973210616,0.1849648011888278,0.1223465436028627,0.1472513211979305,0.2142870466723002,0.4451251028483566,0.3613319708357305,0.0864640283483616,0.1915910390752695,0.1637825801139345,0.10777190957515,0.1993270568276821,0.131610217825347,0.2123476305145593,0.1116489887569978,0.1120090454249118,0.2057939972145066,0.2383223856726353,0.1562965711082851,0.1358653470509025,0.1242920301922352,0.1118118585994303,0.2493246237087846,0.3206041607187102,0.1467923917781295,0.237738994463446,0.0929029653710944,0.1746162140614515,0.2246661201124593,0.2032959583232121,0.2419696277225607,0.2229703644420245,0.1454309922500339,0.1839613626117072,0.2391028549225266,0.2095572684617881,0.2061442756183458,0.1391627776727663,0.0943007509160407,0.1649130975961128,0.2277278449923405,0.2524288339450249,0.1807588451870903,0.1655523621908915,0.2092240748648868,0.298271445732611
CG,0.1105098630584724,0.1235564057308329,0.0633255652687452,0.0399192628782418,0.1872097618686754,0.0285981403461018,0.0892335557602337,0.0,0.0546689296257172,0.0630955187728286,0.1600531799550707,0.0700944954016548,0.1116805320512452,0.2098405400160956,0.4593569174272804,0.2853239057452932,0.0380026763664682,0.148028289225775,0.0970317937326872,0.0520930196084377,0.1425120108378734,0.0950980539945139,0.1792590119764066,0.0778927726305318,0.0667835723395747,0.2027875970586015,0.2447794387775836,0.1334938751031974,0.1176498869325329,0.0567790370774929,0.0619420038230885,0.210015897093269,0.2513661951990655,0.1189134678721789,0.199806574881731,0.0516847845189993,0.1402246073216537,0.2173897809292715,0.1399162174974814,0.2570457555706389,0.1842401071108625,0.0810396883181354,0.145473204531938,0.2003505500424107,0.1957530437572461,0.1751377912072381,0.0554414621908148,0.0333204316817158,0.1345934710144791,0.1839693296177449,0.1994171284218717,0.1519268585095701,0.1634498840868505,0.1668874932106726,0.2552099305437176
CI,0.1432349610755903,0.0872346072502305,0.0804408540348542,0.0367728191153424,0.2025257846464462,0.0716985935390955,0.1024751736970079,0.0546689296257172,0.0,0.0638714588994475,0.1574510130089139,0.0933847329951655,0.1125278175032959,0.1950807697359224,0.4320167910106924,0.2840683769931891,0.0523123741635407,0.1572248966564123,0.1130009672644769,0.0578880991457311,0.1785271185152858,0.0947642870035878,0.170919245749942,0.0882679976343362,0.0815040343686043,0.2153851147525927,0.2284666286009584,0.1424883961587718,0.1384919388805314,0.056573139145281,0.0811218454685331,0.2076292819501883,0.2607850796707658,0.1240284206584969,0.2058902545395649,0.0592830017907259,0.1434671455918718,0.2161910233764418,0.1546990364704915,0.2507259330788595,0.2069641923653351,0.087860360876946,0.1477629026177462,0.2217630490247513,0.1882106177297071,0.1866398036636596,0.1049322330605373,0.0421614111799817,0.1316000802096836,0.1944245764329994,0.2064498864961153,0.1640149708916183,0.1555420681254922,0.179247548236125,0.2677641414199752
CM,0.1749365367081581,0.1125953435351639,0.0796352081741407,0.058772580354464,0.1774573810914821,0.0734037611000117,0.0930619973210616,0.0630955187728286,0.0638714588994475,0.0,0.1724510629375355,0.1269093240350953,0.1286247998706943,0.2051108958274938,0.4215500594334564,0.3049982685649074,0.0532098881662567,0.1312843211009955,0.1237464138687589,0.0845931832601489,0.1946013883130575,0.1278340719992567,0.1540645508123134,0.1093308220696256,0.0837529945109137,0.1568159870552974,0.2263849401896737,0.1479915880929672,0.1052712680982247,0.0993126450230298,0.0953240891194584,0.2276034306484018,0.2744467572217755,0.098479787298886,0.2081010147578501,0.0772054030462755,0.1168738707155426,0.2320512040651712,0.154114162473901,0.2497667639340542,0.1635384180780537,0.1195803019552564,0.1521822906706491,0.1912905083020828,0.1940541423980329,0.1633877328420245,0.1377272099473135,0.0709477132993507,0.1566805943701181,0.1681663871678229,0.1973626387771396,0.2030594628217226,0.1456196195438777,0.1642379373078981,0.2489275223973586
CV,0.0982917149539356,0.2189465399022354,0.1561692086114532,0.1468081351685951,0.2361635348508954,0.1714112049873675,0.1849648011888278,0.1600531799550707,0.1574510130089139,0.1724510629375355,0.0,0.1717584367685325,0.1640813857443248,0.2348002876704265,0.4748302546293739,0.3461089155687853,0.159924616114731,0.2326156729256843,0.1910605873317482,0.1817401922594965,0.2590486920609334,0.1288245408869233,0.2377099056303183,0.1901573811805171,0.1571451714527069,0.2756964635557589,0.2823003053597817,0.1853410851407035,0.2022447260212035,0.1855929840133559,0.1675995582313587,0.2250483498017339,0.3231613797339252,0.1520536411050758,0.2315333330695599,0.1558589575140363,0.2221957076583867,0.2530256009416961,0.2241282467186129,0.2608174820634423,0.262894376137902,0.2072543708206324,0.2144225461435456,0.272616272017441,0.1465685935805862,0.2637367076371537,0.1970135803068731,0.1511397753891217,0.1795411851446327,0.2635633417152924,0.2609229969355587,0.2239140958992762,0.2059493254716335,0.2460583942481423,0.3356678028915358
DJ,0.128729515252908,0.165235302299141,0.0708454579812765,0.076670445299803,0.1795095249721211,0.0777898315549991,0.1223465436028627,0.0700944954016548,0.0933847329951655,0.1269093240350953,0.1717584367685325,0.0,0.1167859668862347,0.2116007244230955,0.4346852067966561,0.2162586827511843,0.0929198493444963,0.1469244328899315,0.0819339956067409,0.0952702946970759,0.1769895037405385,0.1121719329849747,0.1780126799507542,0.1031231580506395,0.0719584206288213,0.2390639998726318,0.2516562793906347,0.1513371441586618,0.1648432525039244,0.0932746478544299,0.0766377427107649,0.1850856650519996,0.2136172820016588,0.1650179224299788,0.1756934955261679,0.0661025435354631,0.149253108458641,0.2514838761430042,0.1184775226282006,0.2341926450019849,0.1854101760246906,0.1247827862670947,0.1039861738070417,0.1816784675414597,0.2218508736776752,0.1742936032266875,0.0720481855210544,0.0529458994947505,0.1595843804600966,0.1773032727484931,0.1722091100765058,0.1634516660278751,0.1751412628652171,0.1680662174652466,0.2365421225360531
DZ,0.1558256771350852,0.1595080671412665,0.1020973619122145,0.1018264036732893,0.1737002235339588,0.1152103608218364,0.1472513211979305,0.1116805320512452,0.1125278175032959,0.1286247998706943,0.1640813857443248,0.1167859668862347,0.0,0.1381808762193047,0.4549678096421909,0.2864002106824674,0.1135224906603287,0.1744903230888169,0.1399987059652535,0.1325968648711457,0.2321249750583596,0.1554025683351161,0.1759791828321408,0.1697789387248252,0.1160670398911429,0.2266789204863037,0.1600565830567382,0.0735589746260203,0.1351006324229772,0.1189105522678635,0.0926897211761998,0.1469609922297412,0.2570307478591267,0.1274226480110831,0.1704268005366729,0.09554780827231,0.1613274708845831,0.176439890135957,0.1711092089807111,0.2114547935645421,0.2065180854695263,0.15474229075606,0.1462174021165039,0.2075736555529499,0.2355332194776918,0.2063473223935994,0.1424626939116142,0.0972182795076509,0.0736695038924042,0.199059041685961,0.1944109005994996,0.1973344144573651,0.136424445521571,0.1823112837669256,0.2591421931533046
EG,0.2550225082339564,0.2170584971652506,0.1859843955054664,0.186228190626051,0.2354990858046475,0.2125881062965318,0.2142870466723002,0.2098405400160956,0.1950807697359224,0.2051108958274938,0.2348002876704265,0.2116007244230955,0.1381808762193047,0.0,0.4931098037990797,0.3378795157377033,0.2103428191373559,0.2342160424967064,0.2149209844024735,0.2211953630280994,0.3384173793497832,0.2381681007532752,0.2090587242099592,0.2479113383433604,0.182043608107541,0.2646752154127564,0.1608485225687044,0.1640534878003573,0.2394130070147436,0.2227450717368281,0.1659840318225192,0.2084127378493667,0.3045601216529878,0.2174866938046684,0.2140830622365737,0.1807725183381494,0.2127289489305643,0.254278840024933,0.2434797574617327,0.2407195801847194,0.2716005889211773,0.2484980053157004,0.2028383277561007,0.2700026678432089,0.2864887434164557,0.254878834397404,0.2520745844813536,0.1908639478016429,0.1633196195325347,0.2676531164673554,0.2496729797275608,0.2862421117784133,0.1773581449255064,0.2279057756765985,0.3048510257578536
ER,0.4955197235495537,0.4771054312996128,0.4283874537816821,0.4286855519734961,0.4502274281482403,0.456764295297982,0.4451251028483566,0.4593569174272804,0.4320167910106924,0.4215500594334564,0.4748302546293739,0.4346852067966561,0.4549678096421909,0.4931098037990797,0.0,0.458227420527184,0.4521823416743996,0.4086787848514299,0.4081714677696844,0.460562891029973,0.4931171736437998,0.4563367833145733,0.4266225286204748,0.4548156043507801,0.4233225359218249,0.4857863280814821,0.5323792688797468,0.4734933567053226,0.4405394142189064,0.4683488016569255,0.4455653425071783,0.463266011321827,0.4880210919214431,0.4500997634613303,0.4335956975184329,0.4364305732425564,0.4104824932326953,0.5501155471461623,0.4006447094853618,0.4716360743928596,0.4160849152995263,0.4677297440259689,0.4116988215127652,0.4224768550013531,0.4919663262048362,0.4427367683158775,0.4747227838729579,0.4224419493054263,0.492845756222219,0.4077944503643511,0.4192469362337692,0.512480849969468,0.4488536890605807,0.4500091482933772,0.4759927263283249
ET,0.3339729865723992,0.3644576082658251,0.2136136831626962,0.2805362367635347,0.1492244398400835,0.2623452106956379,0.3613319708357305,0.2853239057452932,0.2840683769931891,0.3049982685649074,0.3461089155687853,0.2162586827511843,0.2864002106824674,0.3378795157377033,0.458227420527184,0.0,0.3030493680152297,0.1489618949163595,0.1075343270799522,0.3067585750943725,0.3844355597237908,0.3395952578002398,0.1341235394437598,0.3742870749310676,0.1868732657838403,0.2826909263307495,0.4140660114242901,0.3358438572605724,0.3195730944069759,0.2603809604058735,0.2664115932354733,0.1800936132746489,0.0754277020709417,0.3450320583722165,0.1430166140845012,0.2511530884699479,0.1497095724667136,0.4633766654108977,0.0786813907930565,0.3156744762285375,0.1515934575535547,0.2922158363318294,0.1011901554672999,0.1082259925698905,0.4243391113650814,0.1581748654817576,0.2877081124543325,0.2180954054379291,0.3391626297413548,0.1165025207335805,0.0699831379744265,0.4292292239587669,0.2751386796800323,0.1365851030553602,0.150776565103095
GA,0.1365697800784928,0.1183347196543733,0.0709959468872732,0.0492769125387564,0.1873561614578167,0.0468079270978323,0.0864640283483616,0.0380026763664682,0.0523123741635407,0.0532098881662567,0.159924616114731,0.0929198493444963,0.1135224906603287,0.2103428191373559,0.4521823416743996,0.3030493680152297,0.0,0.1505031931690016,0.1111230932034956,0.0731013742092777,0.1562429336904858,0.1088860739787391,0.1813112615421996,0.0934203888260434,0.0753422233641927,0.1891076136675745,0.2341278287164319,0.1405907541411862,0.1198445341423283,0.0733152004260211,0.0818928862203762,0.223410754430993,0.2663732587381212,0.1106886547272029,0.2061015770283437,0.0652725697024807,0.1407517176081623,0.2317992923163006,0.1465848594986929,0.252209381572189,0.1907658950042774,0.0926162646585957,0.1501675768476033,0.2005856780898857,0.1955537885796994,0.1767627879942593,0.0891844101816204,0.0500527864624733,0.1352154432015018,0.188138886263612,0.2046628166867425,0.1698850974265814,0.1592788996502018,0.17425224771122,0.2616103848169626
GH,0.2138489758068453,0.2383637521620072,0.1211565857544212,0.1495516438354573,0.0892340304460308,0.1390701389348705,0.1915910390752695,0.148028289225775,0.1572248966564123,0.1312843211009955,0.2326156729256843,0.1469244328899315,0.1744903230888169,0.2342160424967064,0.4086787848514299,0.1489618949163595,0.1505031931690016,0.0,0.0782848084139249,0.1769645312366231,0.2555759767250392,0.2195848799651821,0.0961086249798289,0.2360368576683432,0.0978466629780786,0.1134978515053313,0.2726511950570571,0.2056156391702426,0.1201662921544284,0.1482640875929507,0.1405991966531156,0.1777983020457164,0.1502053137993581,0.1638061872765488,0.1416350205258976,0.1439753935719785,0.0557174800239435,0.3249448983832874,0.072669143336532,0.2446462182078526,0.0476098775934568,0.1862363028128038,0.0844607582655978,0.0591445339108236,0.2868093295382579,0.0875670422833769,0.202158531552702,0.1153401052152109,0.2072062855910841,0.0705295957355631,0.0790349311019709,0.2946271138285412,0.1822467214737546,0.0917174913857034,0.1255364779629814
GM,0.1611538398633281,0.1885872686834939,0.0684390859195196,0.1003011585961179,0.1051968726496221,0.0930213458827485,0.1637825801139345,0.0970317937326872,0.1130009672644769,0.1237464138687589,0.1910605873317482,0.0819339956067409,0.1399987059652535,0.2149209844024735,0.4081714677696844,0.1075343270799522,0.1111230932034956,0.0782848084139249,0.0,0.1085337353211136,0.2062618708694645,0.1418643892906419,0.0973993261211547,0.1661270315734921,0.050566322384867,0.1736271986477169,0.2741474808510822,0.1741497118992322,0.1693454759639459,0.0992081824324198,0.1004606908975983,0.1366292387845609,0.0962062914691459,0.1636749479971644,0.1043872756883248,0.0852784915727373,0.0734196868711041,0.319973572815855,0.0344897205603719,0.2170211504703891,0.0992415330199913,0.1199236500440141,0.0544993238994749,0.0845659843776993,0.2399265973891889,0.0925636101019883,0.1180180491832618,0.0654453283966456,0.1904816154500543,0.0918456372738081,0.0713688017963438,0.2522240848372998,0.1570507364683691,0.0849958561240296,0.137318957249507
GN,0.1483749370131162,0.1201466438190959,0.0865469674544026,0.0551795060356421,0.2272828624975525,0.0699099538007568,0.10777190957515,0.0520930196084377,0.0578880991457311,0.0845931832601489,0.1817401922594965,0.0952702946970759,0.1325968648711457,0.2211953630280994,0.460562891029973,0.3067585750943725,0.0731013742092777,0.1769645312366231,0.1085337353211136,0.0,0.1813072186783317,0.0922960175561817,0.1993406241953474,0.0902850017179706,0.0799896745556291,0.2364889754744574,0.2563916704905158,0.1371016052713231,0.1593771740234425,0.0507216516902354,0.0755907919666545,0.2376181085214607,0.278143425321492,0.1379457738393535,0.2292322090375538,0.0628855511271112,0.165876140123566,0.2491610203650502,0.1699949607561779,0.2709464055079935,0.2113825838863335,0.0647653169515384,0.1589395065371528,0.2340004125872996,0.2015465773809109,0.2051712313178618,0.091047905989136,0.0506477688496154,0.1692717132757167,0.2136938952975567,0.225581468469351,0.1804046088381834,0.1862531502527155,0.197247266851231,0.2868324977953577
GQ,0.1825148222509817,0.2492540830709159,0.1834365919245161,0.1652842923492485,0.303402116400164,0.1510665095903089,0.1993270568276821,0.1425120108378734,0.1785271185152858,0.1946013883130575,0.2590486920609334,0.1769895037405385,0.2321249750583596,0.3384173793497832,0.4931171736437998,0.3844355597237908,0.1562429336904858,0.2555759767250392,0.2062618708694645,0.1813072186783317,0.0,0.178243551670391,0.3165344565660204,0.1741518240886885,0.1869949356802496,0.3136853141713882,0.3800648835069099,0.2606343211023452,0.2289571447241825,0.1911409048815704,0.2000021771465231,0.3592058236840896,0.3700133474872822,0.2339319997924883,0.3325313431188876,0.1757538071825002,0.2636560486260064,0.3749853442658784,0.2445291867500507,0.381215228907795,0.2884114211206181,0.2188363835640588,0.2562171719610185,0.3154095452006419,0.2789301598128976,0.275179041627214,0.1409554391796023,0.1531055144760145,0.2484790684392158,0.2800028449723351,0.3231839379064364,0.2540029287955857,0.294716425963744,0.3003574751011277,0.38148755127499
GW,0.109728865276092,0.153898727719604,0.1139970988034496,0.0831037288183598,0.2637647463051598,0.1154166126204874,0.131610217825347,0.0950980539945139,0.0947642870035878,0.1278340719992567,0.1288245408869233,0.1121719329849747,0.1554025683351161,0.2381681007532752,0.4563367833145733,0.3395952578002398,0.1088860739787391,0.2195848799651821,0.1418643892906419,0.0922960175561817,0.178243551670391,0.0,0.2377642995671037,0.0925792375387433,0.1122237434478969,0.2784466011746562,0.2832162787301209,0.1708823564932851,0.1997113430346391,0.1180212565662263,0.1184949748466404,0.2573349022377343,0.3119257382426166,0.1445261935389512,0.2534972518688729,0.0949050563418987,0.203914163010197,0.2861533413975343,0.1978968657112938,0.2739791068061429,0.2659676335830245,0.1332425550160763,0.1935845463043117,0.2788285162927643,0.1362632674008543,0.2441717356051291,0.111300450134024,0.0866432460632348,0.1810447018750904,0.2560471436320557,0.2661250725969238,0.1934792472634477,0.2070823542604378,0.2430415191169028,0.3363918239283026
KE,0.2581460579110803,0.2331062762042017,0.1171560885383935,0.159002372639998,0.1008316477841893,0.1744365297220339,0.2123476305145593,0.1792590119764066,0.170919245749942,0.1540645508123134,0.2377099056303183,0.1780126799507542,0.1759791828321408,0.2090587242099592,0.4266225286204748,0.1341235394437598,0.1813112615421996,0.0961086249798289,0.0973993261211547,0.1993406241953474,0.3165344565660204,0.2377642995671037,0.0,0.251781824261324,0.1093938124764837,0.1530647653160581,0.2478182447219408,0.2101039124209801,0.1819691833660537,0.1832477307742606,0.1595967752064186,0.1152130382401864,0.1081104981640295,0.1981911018458639,0.0887585781088549,0.156925968006083,0.0776223822282634,0.2859976011478051,0.0836127371151613,0.2091426674769374,0.1217139924175556,0.2134779542762646,0.0909840373685755,0.0990942798644755,0.2888885633139673,0.1042051036153487,0.2389554322986975,0.1485707362980194,0.2188444718874875,0.0950970579030636,0.0701208908208796,0.3045543898447334,0.1298202433922273,0.0808238091973345,0.130517386403389
KM,0.1716978601215103,0.1439296640312619,0.1127612573101412,0.0726231061088155,0.2859126100879597,0.1022259384024666,0.1116489887569978,0.0778927726305318,0.0882679976343362,0.1093308220696256,0.1901573811805171,0.1031231580506395,0.1697789387248252,0.2479113383433604,0.4548156043507801,0.3742870749310676,0.0934203888260434,0.2360368576683432,0.1661270315734921,0.0902850017179706,0.1741518240886885,0.0925792375387433,0.251781824261324,0.0,0.1208037221081294,0.2812972848422187,0.2864565329159723,0.1899655435449592,0.1953530246563222,0.1188004773778064,0.1079313606196099,0.2918746452502384,0.3402937912798696,0.181186201573071,0.286908388891005,0.0917770360123847,0.2160888527108214,0.2541850071379748,0.2223543659103684,0.2905435825874325,0.2820356064944707,0.1380730659361428,0.2146535755343916,0.3060018773465576,0.1907504366949137,0.2515389798821577,0.1000767960125943,0.0828276044756146,0.2030356555918328,0.2745081840014511,0.2969129109177796,0.1523979005165514,0.2138850778545962,0.2642053731979854,0.3579854505865381
LR,0.1404850556734393,0.1439149156460522,0.0370111173607774,0.0590988961953915,0.1294582651969404,0.0748171296384131,0.1120090454249118,0.0667835723395747,0.0815040343686043,0.0837529945109137,0.1571451714527069,0.0719584206288213,0.1160670398911429,0.182043608107541,0.4233225359218249,0.1868732657838403,0.0753422233641927,0.0978466629780786,0.050566322384867,0.0799896745556291,0.1869949356802496,0.1122237434478969,0.1093938124764837,0.1208037221081294,0.0,0.1654567126346424,0.2304319090079445,0.1411147864343116,0.1404301680243764,0.0904064760974598,0.0746960214678325,0.1565838521870515,0.1621040436117138,0.1255204230074371,0.1243915049933824,0.062538672945518,0.0864210096872075,0.2590551155908622,0.078147283768639,0.2040253185769861,0.1314187998230571,0.1171100938067508,0.0738920133985522,0.1289361382042234,0.1913127632341568,0.1212713716600193,0.1061303085153192,0.0438742885270493,0.1616409818372446,0.1283642566650809,0.1198244772331127,0.2085012411651935,0.1264179003332673,0.0935884508510374,0.1801093164677486
LS,0.2877548709461919,0.2694490286240755,0.1627523258886987,0.1992912225723351,0.101330075308436,0.1993912926813539,0.2057939972145066,0.2027875970586015,0.2153851147525927,0.1568159870552974,0.2756964635557589,0.2390639998726318,0.2266789204863037,0.2646752154127564,0.4857863280814821,0.2826909263307495,0.1891076136675745,0.1134978515053313,0.1736271986477169,0.2364889754744574,0.3136853141713882,0.2784466011746562,0.1530647653160581,0.2812972848422187,0.1654567126346424,0.0,0.2765697397282056,0.2507942209587526,0.1320188105844201,0.2162710859747862,0.1942793853067075,0.2326869624520432,0.2392331722613025,0.172291108214047,0.1886906917140255,0.195573142617577,0.1119783656554347,0.3140892544168625,0.1611454251996407,0.2643124769536262,0.113712992362243,0.2520345477489636,0.1721187849573761,0.12517274244213,0.3157929704815987,0.0802448820510788,0.2834647631837459,0.1920599697482475,0.2461693817884298,0.1402404498573541,0.170039384282465,0.3270594684543894,0.1580444815946949,0.1480830671237513,0.1717741786814183
LY,0.3102212910707159,0.1877085025525005,0.2179254284353602,0.2112767368826174,0.2729835816573208,0.2520808764639708,0.2383223856726353,0.2447794387775836,0.2284666286009584,0.2263849401896737,0.2823003053597817,0.2516562793906347,0.1600565830567382,0.1608485225687044,0.5323792688797468,0.4140660114242901,0.2341278287164319,0.2726511950570571,0.2741474808510822,0.2563916704905158,0.3800648835069099,0.2832162787301209,0.2478182447219408,0.2864565329159723,0.2304319090079445,0.2765697397282056,0.0,0.1991462961675012,0.2369944356005688,0.2491208537809726,0.191727111539216,0.2299016229785058,0.3667482448658508,0.224348777000825,0.2507610611076507,0.2129892801742279,0.262619937430482,0.2511779262361886,0.3014664088072446,0.2393910180575901,0.2994073536670535,0.2923655655398589,0.2512292360596093,0.302247005646141,0.3231633082936771,0.3005845466830108,0.3005275040215904,0.2384155497110422,0.191606727768649,0.3073950796571989,0.2946832908331644,0.3226191202401236,0.2058930565916068,0.2728659877630102,0.3380799124864442
MA,0.1795868449463411,0.1905955593929926,0.1372113686235643,0.129015404945517,0.2144663181830517,0.1427668397431173,0.1562965711082851,0.1334938751031974,0.1424883961587718,0.1479915880929672,0.1853410851407035,0.1513371441586618,0.0735589746260203,0.1640534878003573,0.4734933567053226,0.3358438572605724,0.1405907541411862,0.2056156391702426,0.1741497118992322,0.1371016052713231,0.2606343211023452,0.1708823564932851,0.2101039124209801,0.1899655435449592,0.1411147864343116,0.2507942209587526,0.1991462961675012,0.0,0.1594008531955308,0.1504051062702076,0.1226130632748601,0.1863051085615057,0.3137013791743801,0.1547103401785525,0.2118804264766588,0.1218897391931234,0.1784323893225123,0.1965661235394602,0.2211100980742357,0.2387440065665357,0.2374318768495766,0.1708714235758031,0.1825521689355695,0.2512890269438739,0.2499189505357459,0.2406498229544906,0.1695713657980859,0.1288830972818847,0.1119674510225693,0.2435975822065905,0.2434240245520765,0.2257368356172747,0.1529914562459116,0.2169258976289159,0.3070735754537026
MG,0.1994924700491904,0.1920408927877297,0.1202267964791299,0.1186015532376885,0.1542345380386125,0.1305485582573328,0.1358653470509025,0.1176498869325329,0.1384919388805314,0.1052712680982247,0.2022447260212035,0.1648432525039244,0.1351006324229772,0.2394130070147436,0.4405394142189064,0.3195730944069759,0.1198445341423283,0.1201662921544284,0.1693454759639459,0.1593771740234425,0.2289571447241825,0.1997113430346391,0.1819691833660537,0.1953530246563222,0.1404301680243764,0.1320188105844201,0.2369944356005688,0.1594008531955308,0.0,0.1323011450125746,0.1237239419761575,0.1999850831737846,0.3011378076720219,0.1205930664716792,0.207563052812322,0.1313918004540246,0.1340086708894861,0.1884114133349148,0.1783379014154749,0.243983903416873,0.1118348534083609,0.1810230970494362,0.1678897446124434,0.1581375020124782,0.2573855199148711,0.1605225898635442,0.1877315164877147,0.1235695155708074,0.1426783512762728,0.1561232611290232,0.20249379287182,0.1990726541992147,0.1689344892588111,0.1841183986263187,0.2417140354211653
ML,0.1508307187175165,0.1101006663617233,0.0929898894152538,0.0643966416095959,0.1916166621848987,0.0652998200201665,0.1242920301922352,0.0567790370774929,0.056573139145281,0.0993126450230298,0.1855929840133559,0.0932746478544299,0.1189105522678635,0.2227450717368281,0.4683488016569255,0.2603809604058735,0.0733152004260211,0.1482640875929507,0.0992081824324198,0.0507216516902354,0.1911409048815704,0.1180212565662263,0.1832477307742606,0.1188004773778064,0.0904064760974598,0.2162710859747862,0.2491208537809726,0.1504051062702076,0.1323011450125746,0.0,0.0767190336687833,0.2026570478169671,0.230763828124182,0.1371666367451649,0.2088073144956042,0.0541945746688684,0.1439239713551787,0.2439022669598016,0.1406876186196549,0.2690103820857201,0.1857298409115853,0.0594056784458059,0.1396519874066358,0.1992509935208775,0.2335670952846836,0.1816385054938597,0.0921270279628825,0.0453819459970028,0.1473680499409771,0.1750434582023989,0.1943216641880232,0.1861553631985409,0.1918281117856157,0.1765814856008858,0.2489324519925786
MR,0.1470352982061638,0.1370229830729159,0.0736080624780408,0.0620829332687926,0.1736219764711897,0.0739135441924395,0.1118118585994303,0.0619420038230885,0.0811218454685331,0.0953240891194584,0.1675995582313587,0.0766377427107649,0.0926897211761998,0.1659840318225192,0.4455653425071783,0.2664115932354733,0.0818928862203762,0.1405991966531156,0.1004606908975983,0.0755907919666545,0.2000021771465231,0.1184949748466404,0.1595967752064186,0.1079313606196099,0.0746960214678325,0.1942793853067075,0.191727111539216,0.1226130632748601,0.1237239419761575,0.0767190336687833,0.0,0.175647325030088,0.2308083223557796,0.1257583689707483,0.1787444069042895,0.0633434063301934,0.1268937617893837,0.2210319011901166,0.1389718718859829,0.2296909515132881,0.170554223037268,0.0981256901829399,0.124672544433515,0.180744398785192,0.2143987450802935,0.1701482646034011,0.1014708916832392,0.0574708190360597,0.1345095599161866,0.179257572073211,0.1775691981349814,0.1840509818835929,0.1581050875518864,0.1578359561690037,0.2255997787172015
MU,0.2588457023029819,0.2518228229340441,0.1453863950536937,0.1893087512719662,0.1356599981405498,0.2167901300406485,0.2493246237087846,0.210015897093269,0.2076292819501883,0.2276034306484018,0.2250483498017339,0.1850856650519996,0.1469609922297412,0.2084127378493667,0.463266011321827,0.1800936132746489,0.223410754430993,0.1777983020457164,0.1366292387845609,0.2376181085214607,0.3592058236840896,0.2573349022377343,0.1152130382401864,0.2918746452502384,0.1565838521870515,0.2326869624520432,0.2299016229785058,0.1863051085615057,0.1999850831737846,0.2026570478169671,0.175647325030088,0.0,0.14501219775094,0.211498165518112,0.0816028932025629,0.1803004688940754,0.1546690546542288,0.1964589255024108,0.1410563412546255,0.1514287723380047,0.1960126635702146,0.2417811645001906,0.1318100214662767,0.1587549600082604,0.310017259371526,0.1734017586868143,0.2552483169978555,0.1821766100064827,0.1790001016285882,0.175158294762447,0.1221840492490631,0.2766653179815439,0.1281061136451431,0.1273349147553939,0.1805806895679658
MW,0.312168593393469,0.3308046832003853,0.1731856533682378,0.2512956067542348,0.1359609974757627,0.2260418684174616,0.3206041607187102,0.2513661951990655,0.2607850796707658,0.2744467572217755,0.3231613797339252,0.2136172820016588,0.2570307478591267,0.3045601216529878,0.4880210919214431,0.0754277020709417,0.2663732587381212,0.1502053137993581,0.0962062914691459,0.278143425321492,0.3700133474872822,0.3119257382426166,0.1081104981640295,0.3402937912798696,0.1621040436117138,0.2392331722613025,0.3667482448658508,0.3137013791743801,0.3011378076720219,0.230763828124182,0.2308083223557796,0.14501219775094,0.0,0.3120779638987674,0.1113780356451602,0.2153450027319506,0.1177005196207701,0.4394461411855026,0.0699716402201482,0.2781158173337811,0.1772153746673319,0.2716322732952505,0.1123894717264287,0.1055423811788378,0.3861913450426015,0.1301816694882832,0.266669377249302,0.2018631430588242,0.3112074139635756,0.1248207883957142,0.0786223849940574,0.4038458084143358,0.2271440475533775,0.0933811866591862,0.1065439826849417
MZ,0.1377318255828008,0.1727086612734529,0.1087823945615571,0.1091970178755351,0.1864460872862519,0.1274648414497492,0.1467923917781295,0.1189134678721789,0.1240284206584969,0.098479787298886,0.1520536411050758,0.1650179224299788,0.1274226480110831,0.2174866938046684,0.4500997634613303,0.3450320583722165,0.1106886547272029,0.1638061872765488,0.1636749479971644,0.1379457738393535,0.2339319997924883,0.1445261935389512,0.1981911018458639,0.181186201573071,0.1255204230074371,0.172291108214047,0.224348777000825,0.1547103401785525,0.1205930664716792,0.1371666367451649,0.1257583689707483,0.211498165518112,0.3120779638987674,0.0,0.213582477626949,0.1220098747506323,0.1547166877141863,0.2287045484618914,0.1849995509172837,0.2511291125727817,0.1836863221692308,0.1755280102050567,0.1829390822126837,0.2124130391277559,0.1974666171165674,0.1961036820685509,0.1803177569218297,0.1184811941091523,0.1647886171372283,0.1964867469367306,0.2218908418261556,0.2399831498904502,0.1648492077626726,0.1978880685813788,0.2708315637230074
NA,0.2560767855959615,0.2568596076890647,0.1214786821393267,0.183340015940247,0.0935225265110366,0.1968682014397862,0.237738994463446,0.199806574881731,0.2058902545395649,0.2081010147578501,0.2315333330695599,0.1756934955261679,0.1704268005366729,0.2140830622365737,0.4335956975184329,0.1430166140845012,0.2061015770283437,0.1416350205258976,0.1043872756883248,0.2292322090375538,0.3325313431188876,0.2534972518688729,0.0887585781088549,0.286908388891005,0.1243915049933824,0.1886906917140255,0.2507610611076507,0.2118804264766588,0.207563052812322,0.2088073144956042,0.1787444069042895,0.0816028932025629,0.1113780356451602,0.213582477626949,0.0,0.1745355201630489,0.1253316552025363,0.2650397541731517,0.0938820653437888,0.1725296251079179,0.151327164441509,0.2426530230320042,0.1042802117658698,0.1093592095707332,0.3144004288523498,0.1243860432371875,0.2435491624765609,0.164116521251135,0.2178629997586516,0.1272101707266429,0.0861590190505846,0.3044263454502214,0.1031022810363103,0.0900160181230913,0.1384263217124881
NE,0.1353864463163717,0.0915489843792696,0.0596818986124171,0.0385129995237932,0.1732959955507411,0.0613371359827025,0.0929029653710944,0.0516847845189993,0.0592830017907259,0.0772054030462755,0.1558589575140363,0.0661025435354631,0.09554780827231,0.1807725183381494,0.4364305732425564,0.2511530884699479,0.0652725697024807,0.1439753935719785,0.0852784915727373,0.0628855511271112,0.1757538071825002,0.0949050563418987,0.156925968006083,0.0917770360123847,0.062538672945518,0.195573142617577,0.2129892801742279,0.1218897391931234,0.1313918004540246,0.0541945746688684,0.0633434063301934,0.1803004688940754,0.2153450027319506,0.1220098747506323,0.1745355201630489,0.0,0.1151869404687917,0.2254541245616712,0.1229553093715308,0.2286178573743011,0.1803360658191651,0.0973224538039554,0.1174897474679921,0.1849052225619984,0.1905879402421124,0.1627588236660224,0.0770643077748061,0.0329111967435463,0.1349227570064189,0.1706799027086276,0.1803626032872196,0.1722745676764013,0.1436845326840556,0.1521554776235577,0.2383927056076754
NG,0.2188573812093486,0.2176325351541292,0.1015930236378299,0.1340948287700378,0.0930864038730359,0.1325531493956468,0.1746162140614515,0.1402246073216537,0.1434671455918718,0.1168738707155426,0.2221957076583867,0.149253108458641,0.1613274708845831,0.2127289489305643,0.4104824932326953,0.1497095724667136,0.1407517176081623,0.0557174800239435,0.0734196868711041,0.165876140123566,0.2636560486260064,0.203914163010197,0.0776223822282634,0.2160888527108214,0.0864210096872075,0.1119783656554347,0.262619937430482,0.1784323893225123,0.1340086708894861,0.1439239713551787,0.1268937617893837,0.1546690546542288,0.1177005196207701,0.1547166877141863,0.1253316552025363,0.1151869404687917,0.0,0.3103612455093891,0.0680611235719024,0.2319619502117651,0.0766115098664138,0.1665734210048512,0.0809134170998401,0.0734590232763565,0.2680759279349629,0.0849174472190738,0.1923040880048385,0.1107090017443903,0.2032981352421585,0.0842983165411108,0.0849513342242965,0.2899601605913918,0.1540843708382031,0.0775967875663252,0.1259264159257163
RE,0.2979228134668751,0.2496895137487926,0.2285056605866081,0.1948680744826355,0.2969797435124526,0.2572605537685821,0.2246661201124593,0.2173897809292715,0.2161910233764418,0.2320512040651712,0.2530256009416961,0.2514838761430042,0.176439890135957,0.254278840024933,0.5501155471461623,0.4633766654108977,0.2317992923163006,0.3249448983832874,0.319973572815855,0.2491610203650502,0.3749853442658784,0.2861533413975343,0.2859976011478051,0.2541850071379748,0.2590551155908622,0.3140892544168625,0.2511779262361886,0.1965661235394602,0.1884114133349148,0.2439022669598016,0.2210319011901166,0.1964589255024108,0.4394461411855026,0.2287045484618914,0.2650397541731517,0.2254541245616712,0.3103612455093891,0.0,0.3473776173288827,0.2390441028194709,0.339507687353876,0.2762663860576401,0.3118811315231014,0.3651951862874962,0.3190866473206303,0.3372123585999637,0.2934740900118209,0.2279835076706173,0.1749924025654391,0.3569176404887401,0.3532232961216621,0.1884319572649231,0.190543803157985,0.3204181553449792,0.4077035414974064
