ISO_CODE,AO,BF,BI,BJ,BW,CD,CF,CG,CI,CM,CV,DJ,DZ,EG,ER,ET,GA,GH,GM,GN,GQ,GW,KE,KM,LR,LS,LY,MA,MG,ML,MR,MU,MW,MZ,NA,NE,NG,RE,RW,SC,SL,SN,SO,SS,ST,SZ,TD,TG,TN,TZ,UG,YT,ZA,ZM,ZW
AO,0.0,0.3070515088413459,0.2152883973854873,0.1930748053455473,0.1346523928394664,0.2259756366257289,0.2969297985045306,0.220765319000614,0.1953606773091928,0.2590394084748089,0.2031912131620226,0.2986389926936552,0.1757549252973211,0.248848168998398,0.6011160566407272,0.254989350752355,0.1920855876123673,0.219806302007503,0.2699205464630899,0.2523916150793897,0.4634816005550266,0.3364132266309785,0.1790385057214882,0.3439069226093106,0.2742217595682327,0.2042378069492015,0.2278870082727075,0.1975428619460424,0.2178867798132289,0.255767451767364,0.2808565044601135,0.1689556304743589,0.1948725187580444,0.1448961873215145,0.200433904247959,0.3047107069752011,0.2531463319074354,0.1911107118805022,0.2841538851377904,0.2351501532473898,0.2561618514340942,0.294607671197225,0.4018822959080359,0.2775111042565145,0.3185357406374981,0.2685334532429062,0.3209328766507896,0.2374572220742828,0.2187350436210468,0.2632908740711168,0.1908367104703441,0.3091002604629588,0.133557265335068,0.1532474850375391,0.1625666188079009
BF,0.3070515088413459,0.0,0.2667228880694384,0.1726480553988049,0.2218147125033394,0.2081652891645384,0.3275424113640187,0.2007927222055852,0.1422679338807092,0.1889596574315735,0.2948299283604628,0.3672339549982409,0.2615156174731166,0.2515807310752995,0.7078165271219665,0.2832703158376681,0.2218808193339515,0.2675695346922151,0.2709458099148323,0.2658151752528026,0.4869821432653587,0.4047813417758119,0.2576720249650195,0.4355987793178624,0.23624641261708,0.2977443964383487,0.2740214639498869,0.2038556336403594,0.1986045622208883,0.2112474196499584,0.3079679429730908,0.2784546831581477,0.2922800956455477,0.285746881905734,0.3041911914677263,0.2445944772028829,0.2882030162983497,0.2818615195249674,0.3437770811449755,0.3448460270822868,0.270444147812794,0.1806934300205943,0.4256673195670095,0.2874066194770273,0.4199008499009994,0.3652762916932954,0.3432682072881828,0.2317591828895475,0.2269336608851518,0.30034625680854,0.260648504662484,0.3975575983693925,0.2897791327928822,0.302721647711065,0.285886812486404
BI,0.2152883973854873,0.2667228880694384,0.0,0.1842935063509077,0.1586816341673235,0.1422554850887117,0.1570257404464233,0.1243597066411977,0.2052602908601095,0.2005657152885485,0.2435965744923293,0.2206175099123341,0.1557080836176532,0.2358197856253093,0.6405585026305917,0.1338307543737593,0.1878675311932252,0.1938224511994735,0.1469458624400509,0.1986840710985127,0.399111814801362,0.338676679229042,0.1686301734537334,0.3113443319066514,0.1930125550257836,0.1767800500917756,0.2313253732772853,0.1638950658903385,0.191993686269837,0.1517105377721294,0.2201112424012248,0.2209582349774164,0.1650169805453556,0.205356942512671,0.2425073422111363,0.2147665708185724,0.2125684617279382,0.2299458741004618,0.1887814263137764,0.2580672061384863,0.1432672259597761,0.2186998758183278,0.3162501610093506,0.1220572100829687,0.3194257237386717,0.2276506989723477,0.2245179944089946,0.15966752023627,0.2085874072016684,0.2209119471947829,0.1559848612411392,0.3465725625064011,0.1751696940697981,0.1847899107235102,0.1453083478499228
BJ,0.1930748053455473,0.1726480553988049,0.1842935063509077,0.0,0.1666855862222251,0.1532365686116736,0.2419308450490331,0.1238214883149422,0.110381604860908,0.1164736091120015,0.1845013597295348,0.2933774402472623,0.1324029569136458,0.1686189920908984,0.6091143620076613,0.2485476150763949,0.1017496152662917,0.1502606406671746,0.1904431619044921,0.1923732322525412,0.4484970984577017,0.3107562963217796,0.1689025465666104,0.3258046709046542,0.2102875172074122,0.2007815667937702,0.1488371096962286,0.146735925882758,0.1489760696870347,0.1636361488377271,0.2221314199327859,0.1743596861808773,0.2010454684747186,0.1850269963524289,0.2218268471569888,0.1967144373016374,0.1793924540310908,0.1566603975930429,0.2839241515256477,0.2379982782030048,0.1989134825532743,0.1829680100549096,0.3413271976060062,0.2127683344574726,0.324752618801278,0.2728429054576106,0.2786951682172197,0.1056042368357267,0.1579702802280126,0.2273824221480991,0.1845338024437344,0.2764066324430871,0.1737411351859602,0.1934045272268691,0.1816153027875279
BW,0.1346523928394664,0.2218147125033394,0.1586816341673235,0.1666855862222251,0.0,0.1740083793105917,0.2498930506677186,0.1857012377057217,0.1767453901259982,0.1888800996347398,0.2290969124014665,0.2485765521321716,0.1669930033417772,0.2011458778713892,0.6164185073639861,0.2100575290121429,0.184349132040574,0.1824894822507583,0.1963758741722866,0.2331565790298306,0.444883247794128,0.3524647743687845,0.1534794171031334,0.3250040249345605,0.2030498144732251,0.1062342799483748,0.1974579249311415,0.1564635934420245,0.1576041780469187,0.1950807733250359,0.2335069517824844,0.1544438642827605,0.1332244434769308,0.183361443390471,0.1542802813336043,0.2575442958306262,0.2281966125169616,0.2007051828693167,0.2361707741430588,0.2243508119498432,0.1841905165967912,0.2267219539889824,0.3383904798543563,0.1878552655245828,0.3407707586280927,0.1892882978849981,0.2769247490403889,0.1929829938612273,0.1795286403917555,0.2250065361086572,0.1588328385354266,0.296012321468279,0.1041603677268918,0.1202878670499647,0.1045878606842363
CD,0.2259756366257289,0.2081652891645384,0.1422554850887117,0.1532365686116736,0.1740083793105917,0.0,0.2125787682821562,0.0813867633695563,0.1318599106286495,0.1618816503036861,0.2611596511380329,0.2774075360428557,0.196517719216769,0.2633266444136801,0.6861735379037629,0.1576569301405472,0.1606311055363269,0.2102200712521759,0.1946977944963541,0.2049579160042618,0.4117331566651034,0.377042418699641,0.1811385541477836,0.374889214198169,0.2156694916779921,0.2421799406141229,0.2608707319250167,0.1865388021228138,0.1997845175737658,0.1521880432672711,0.2509503404580659,0.2391632283845409,0.2267352515121955,0.198702206829054,0.2422577102072003,0.2424421722781208,0.2124376691562324,0.2536278490056699,0.1929645375272661,0.2566711318237955,0.1771518296269001,0.1940127051185405,0.3649828680258175,0.198917519204126,0.4062277936861409,0.2936256661508386,0.2507445211679329,0.1577385258578998,0.2162936702384675,0.2480141335372099,0.1693196843459241,0.3763199896079439,0.2135675508070201,0.1901905772666144,0.202010626853593
CF,0.2969297985045306,0.3275424113640187,0.1570257404464233,0.2419308450490331,0.2498930506677186,0.2125787682821562,0.0,0.1938984349759809,0.2661739928774935,0.2449613443172136,0.3238938394823432,0.2972266891751468,0.2336967453879779,0.296435028067736,0.6698369801250054,0.2368409083670786,0.2476504274149294,0.2504805081570594,0.2229789756358793,0.2646030069469823,0.4402959489280952,0.3666397613068796,0.2461149424009934,0.3507116192420993,0.2730651003274794,0.2777788462583751,0.2939130061419084,0.2488716197322897,0.2669132903297202,0.2144740704953868,0.2960185759847427,0.2774241666510869,0.2435448654161914,0.2911232417290121,0.3127939834968836,0.2839126752280662,0.259946973140104,0.2994157939105406,0.279629137078363,0.3347558623915612,0.2418994090850592,0.2802521903638912,0.3869525886071283,0.2116189043171047,0.3685622691735101,0.3104387448452635,0.2650577480126088,0.2162213978562706,0.2764414696708739,0.2919149765776512,0.2456360582965639,0.3872529300078881,0.2657597508096716,0.2484516700866765,0.2305957313130876
CG,0.220765319000614,0.2007927222055852,0.1243597066411977,0.1238214883149422,0.1857012377057217,0.0813867633695563,0.1938984349759809,0.0,0.1285308881732385,0.1529417314227525,0.2407910167826441,0.2298109245399042,0.1481486743280103,0.2256331156754281,0.6337600260765603,0.1389598986155626,0.1343837451722236,0.1898748878048469,0.1640277032926703,0.1965243928643834,0.3895584942837869,0.3588776483626368,0.1773121181286019,0.3489695670118483,0.2184187687194608,0.2081535740113843,0.2078884820600515,0.1481945362738392,0.1866015781180825,0.1217315696954224,0.202755567035081,0.2198844317143146,0.211984143311147,0.2109851034939422,0.2512338415003203,0.208821231135336,0.1876415271995816,0.2214814437968369,0.1946427813745751,0.2718624996369749,0.1585660024379828,0.1713943607556538,0.3434156502291444,0.1692465861852632,0.3705846636257977,0.2625668273361959,0.2394604844370468,0.1286949944678312,0.1917276209760394,0.2191131982243869,0.1512386031365949,0.3371695052858132,0.2023135193123281,0.1947606267923614,0.1922771963728676
CI,0.1953606773091928,0.1422679338807092,0.2052602908601095,0.110381604860908,0.1767453901259982,0.1318599106286495,0.2661739928774935,0.1285308881732385,0.0,0.1462476704998261,0.2317859802864961,0.2896208144205796,0.1773577771405994,0.2061701049827647,0.6315151270376393,0.2331220631401916,0.1411372633713166,0.2105700269946708,0.2180159617034691,0.2025514917913957,0.4362606885888194,0.3653946250820066,0.1810063837923192,0.3760380331524627,0.2140478272988404,0.2408922522234675,0.2108793024011666,0.1413481470833588,0.1588528863122127,0.1722788297157069,0.2280991201201646,0.2071769741413851,0.2434138642647085,0.205556014436514,0.2250397416487735,0.2142726142324054,0.2226626149967553,0.2042556102594712,0.255595008720748,0.268534627005266,0.2248878909301865,0.1425523625617326,0.3761926714391169,0.2532976444436705,0.3885817851694544,0.2934267629970337,0.2820903012470246,0.1575250046370158,0.1697204675891357,0.2562087773670114,0.1868330347029498,0.3257133184487537,0.1875187160949216,0.1991239401947205,0.2232797931197543
CM,0.2590394084748089,0.1889596574315735,0.2005657152885485,0.1164736091120015,0.1888800996347398,0.1618816503036861,0.2449613443172136,0.1529417314227525,0.1462476704998261,0.0,0.2468826362410835,0.3163686584708545,0.1912447925574412,0.2150246080471801,0.6612704566077252,0.2558352239178059,0.166365295576147,0.1474001272644312,0.2020711806099103,0.226049704426692,0.4586492824231412,0.34695758493735,0.1769386725991657,0.3641761641632297,0.2135547304319042,0.2447551045776826,0.2156711328395949,0.1874128154117457,0.1720986603502504,0.1692954887696092,0.2611676022024521,0.2216197673075239,0.2483889190201904,0.2327554932604276,0.2816268864323925,0.2305903355229523,0.1666084081393479,0.2314297647686298,0.2825524080760447,0.3040609372425916,0.2115492734070875,0.1718421525612028,0.3692228621227489,0.2136636090035453,0.3491629092539621,0.2974440897578996,0.3179976833312172,0.1582350495735256,0.1978779052642808,0.2254885237074658,0.216139240150057,0.3549650662148208,0.2300132911934143,0.2408527030837585,0.2231257217519815
CV,0.2031912131620226,0.2948299283604628,0.2435965744923293,0.1845013597295348,0.2290969124014665,0.2611596511380329,0.3238938394823432,0.2407910167826441,0.2317859802864961,0.2468826362410835,0.0,0.311714304691375,0.1910132487761866,0.2060642105175245,0.622934842799669,0.3177603420000572,0.203515449577169,0.2457564206810232,0.2747254663461085,0.2997996681674442,0.4723960914025725,0.3073032442251004,0.2291188389668821,0.3708808815214566,0.2934124440827935,0.2558788932007023,0.2015922602713598,0.1877232980139473,0.215386969631408,0.2907795139105821,0.2811607245348175,0.2175002158186603,0.253919349421743,0.2016696586025698,0.2253263559118024,0.2836048793868366,0.2828047607066797,0.1957749436458797,0.3535509078640075,0.2418009939498956,0.2905700154611712,0.2947563908546426,0.3973741999500964,0.3016630862305702,0.3144874383684271,0.3190889934882106,0.3451491955439644,0.2299630508799716,0.2114332750057965,0.2778854517160979,0.2348577076944473,0.3140941781801402,0.1890870899599464,0.2373690424998334,0.2376317234379226
DJ,0.2986389926936552,0.3672339549982409,0.2206175099123341,0.2933774402472623,0.2485765521321716,0.2774075360428557,0.2972266891751468,0.2298109245399042,0.2896208144205796,0.3163686584708545,0.311714304691375,0.0,0.2000317888245961,0.2487828810534552,0.6729960902652679,0.2360638300691858,0.2494656511621502,0.2935271335687395,0.2335445218509815,0.3067392527276326,0.4445861318109603,0.4362332260803159,0.2699026666412901,0.3798128664895298,0.306560513868342,0.2581943413666183,0.2597194925354844,0.1965025607566356,0.243594089252672,0.258388154751483,0.2925375868137753,0.2472475629675787,0.2792327745956691,0.2794321601572817,0.3482977947897853,0.3144479564859819,0.3196376938064872,0.2566719521706085,0.1751236056752715,0.3009068385239541,0.284831324997163,0.2656221615130458,0.3226911035781489,0.2634297842918862,0.4167779362035412,0.2948863262564114,0.3122177816712427,0.2930652689222139,0.2295024113523128,0.2524574599216264,0.2089131088450347,0.3002230933733618,0.2409877921091886,0.2711048555466391,0.2448506757527948
DZ,0.1757549252973211,0.2615156174731166,0.1557080836176532,0.1324029569136458,0.1669930033417772,0.196517719216769,0.2336967453879779,0.1481486743280103,0.1773577771405994,0.1912447925574412,0.1910132487761866,0.2000317888245961,0.0,0.1099797157818743,0.5734402790121793,0.2247690113782031,0.1284084172525657,0.1718068138306856,0.1715945337467351,0.2223856585775181,0.4046954253700152,0.3104752787872743,0.1737002746535838,0.2913704732697635,0.2377271800100698,0.1781877853181221,0.0932512460088975,0.0682067461533005,0.131588578251836,0.1745729804479104,0.2058352125761801,0.1436574571940623,0.1891248682827142,0.1583582923087876,0.2542891724938798,0.239462780450409,0.2032646479744605,0.1271249274483878,0.2260594867368608,0.2392153908933569,0.1969199768225252,0.1856987547657886,0.3295942137652387,0.2038067813213102,0.2997186122766082,0.2445055159326578,0.2780422741945449,0.1795141175283435,0.0791592900599662,0.2001431250596944,0.1599270284083356,0.2466201611682064,0.1410461093768364,0.1873182099956757,0.1554174232568599
EG,0.248848168998398,0.2515807310752995,0.2358197856253093,0.1686189920908984,0.2011458778713892,0.2633266444136801,0.296435028067736,0.2256331156754281,0.2061701049827647,0.2150246080471801,0.2060642105175245,0.2487828810534552,0.1099797157818743,0.0,0.5702251357553684,0.2938479141746155,0.1876228552207273,0.2157836748343904,0.2201565903224587,0.2811360809169025,0.4389920244947972,0.336991220660164,0.2167787580766471,0.3502710769464916,0.2475817984222501,0.2341255179558816,0.0862733588142936,0.1135083187228792,0.1467870805698039,0.249888067578481,0.2582097242144763,0.155161655395783,0.2485592133433363,0.2077773298294315,0.2851936687688813,0.2780618124792037,0.2354651549098856,0.1656567271771238,0.2850802470706259,0.2588716860872148,0.2564968341025802,0.2215806480713233,0.3549835998138461,0.2540665206055822,0.3246218952509336,0.2983233175768386,0.3398371914474806,0.2243114649602023,0.1081799754764054,0.2257297804624258,0.194216398421215,0.2895909677356696,0.1655846108458167,0.2436542979886047,0.2116408428304235
ER,0.6011160566407272,0.7078165271219665,0.6405585026305917,0.6091143620076613,0.6164185073639861,0.6861735379037629,0.6698369801250054,0.6337600260765603,0.6315151270376393,0.6612704566077252,0.622934842799669,0.6729960902652679,0.5734402790121793,0.5702251357553684,0.0,0.6611381573667654,0.6345529491915154,0.6017257778283135,0.6278098967645998,0.6518841617093123,0.6737567961797364,0.6674698383788097,0.624452742849919,0.6270408547718884,0.6935999245483524,0.6351056732613491,0.5672015039317643,0.5994835329272148,0.5870348933909888,0.6668181893161257,0.6434422257997796,0.5575937153460426,0.6143569801021812,0.6248336240031278,0.6478940471040111,0.6829761190192455,0.6126724890577067,0.6014630789633303,0.689785047468124,0.6568921173369082,0.6614100735754035,0.6267617734561712,0.635626921530607,0.651149329117581,0.6662202918097698,0.6749784185495293,0.6636528989433861,0.6196955772519741,0.597470743327455,0.634102080406336,0.607225210923538,0.6318761183133699,0.5789609927096648,0.5888960668197534,0.5897753180028882
ET,0.254989350752355,0.2832703158376681,0.1338307543737593,0.2485476150763949,0.2100575290121429,0.1576569301405472,0.2368409083670786,0.1389598986155626,0.2331220631401916,0.2558352239178059,0.3177603420000572,0.2360638300691858,0.2247690113782031,0.2938479141746155,0.6611381573667654,0.0,0.247053112503872,0.2240048823486934,0.2079217134302488,0.2435392683657699,0.3827159792839162,0.4286632567261594,0.1896318362688682,0.4031246317898075,0.2121781477718456,0.2115667275481083,0.297063682592796,0.2271939889020499,0.2494478676296204,0.2246162221009688,0.281827717479286,0.2662111932893948,0.2033371994326482,0.2234443145317262,0.2698662362631641,0.2752498956729521,0.2368277224880223,0.3080848569984196,0.1596650699433276,0.2880363961238532,0.1268499825207464,0.2617671052327065,0.3205159525458492,0.1485967611831751,0.430999927228532,0.2562576439290972,0.2872078592938941,0.2293600683032057,0.2746867022381778,0.2391052646532275,0.1579172787327942,0.4383684110106249,0.2239161935813373,0.2274181595366866,0.1722709917167642
GA,0.1920855876123673,0.2218808193339515,0.1878675311932252,0.1017496152662917,0.184349132040574,0.1606311055363269,0.2476504274149294,0.1343837451722236,0.1411372633713166,0.166365295576147,0.203515449577169,0.2494656511621502,0.1284084172525657,0.1876228552207273,0.6345529491915154,0.247053112503872,0.0,0.1814032274284552,0.2082986226391814,0.1865810432392657,0.4199861589851699,0.3128796240204021,0.1748080310512608,0.3138416574681049,0.218328687339907,0.2171183613602316,0.181151466395783,0.148654063983319,0.1636495392042327,0.1752591666963654,0.2424178294694154,0.1631229672155467,0.2196947488736788,0.1690604741682203,0.2396824897557362,0.2406359297393721,0.2173610430869921,0.1348206079321523,0.251947757682174,0.2152540347407048,0.2287463607514842,0.1894185037598824,0.3668806023839877,0.2553051858247218,0.3201060258812046,0.2725122563076221,0.2805585186708494,0.1457066969182788,0.143572299982478,0.2265350729335801,0.1960377486854632,0.252725404012678,0.168933525950522,0.2020760437314204,0.2056477382264624
GH,0.219806302007503,0.2675695346922151,0.1938224511994735,0.1502606406671746,0.1824894822507583,0.2102200712521759,0.2504805081570594,0.1898748878048469,0.2105700269946708,0.1474001272644312,0.2457564206810232,0.2935271335687395,0.1718068138306856,0.2157836748343904,0.6017257778283135,0.2240048823486934,0.1814032274284552,0.0,0.1981808537692945,0.233124461804862,0.4574645035905951,0.3294416422786752,0.1445645553371795,0.3413354987267375,0.2222710732829478,0.2046124341570627,0.1995291371332509,0.2077458744950905,0.2038635619464974,0.2085242355836426,0.2488641499759553,0.1947118057344568,0.1782829980758818,0.1837433914993413,0.2681882019587438,0.2536031692301492,0.1107349425249861,0.2256034001297924,0.2783110314983305,0.2941974750160483,0.1866263305366152,0.2282313904457347,0.3606113301052699,0.1833035307970522,0.3293130435887794,0.2677165736733099,0.3272252860666054,0.1690099944630725,0.2118039482094208,0.194294204889782,0.1754731734393356,0.3580460413544954,0.1943656085761828,0.1948062994787704,0.1580620686396243
GM,0.2699205464630899,0.2709458099148323,0.1469458624400509,0.1904431619044921,0.1963758741722866,0.1946977944963541,0.2229789756358793,0.1640277032926703,0.2180159617034691,0.2020711806099103,0.2747254663461085,0.2335445218509815,0.1715945337467351,0.2201565903224587,0.6278098967645998,0.2079217134302488,0.2082986226391814,0.1981808537692945,0.0,0.2206007957751588,0.4323134677577971,0.3511184937345419,0.1896532541728595,0.3321144106773496,0.2170930033959639,0.2189930060558247,0.2196205622045226,0.1693703109359174,0.2116008193420201,0.1458035206435272,0.2185620315424764,0.2606865833533001,0.2096351133879581,0.2421224853186885,0.3065989405625109,0.2044805799126708,0.1997532610268372,0.2730922653706962,0.2501994432067222,0.3152382488731907,0.1764010487886597,0.1775129902700526,0.334322284495954,0.1493626088223532,0.3314217582329205,0.2530598812344156,0.2737811324101703,0.1955739474697294,0.20663141338191,0.2146468065392374,0.1779112897527077,0.3625925763197303,0.2420288463386004,0.221363805646336,0.1931462455184509
GN,0.2523916150793897,0.2658151752528026,0.1986840710985127,0.1923732322525412,0.2331565790298306,0.2049579160042618,0.2646030069469823,0.1965243928643834,0.2025514917913957,0.226049704426692,0.2997996681674442,0.3067392527276326,0.2223856585775181,0.2811360809169025,0.6518841617093123,0.2435392683657699,0.1865810432392657,0.233124461804862,0.2206007957751588,0.0,0.4666723949842538,0.3903220118636401,0.2419782780660275,0.374533712101776,0.2310465900232674,0.2646176989477589,0.2771515142613517,0.2435430054870581,0.2326129585068654,0.2017352698243451,0.292056743469105,0.2703536766009116,0.2357015952187069,0.2753869267279827,0.3011736687234432,0.2426218959574759,0.2825063331690888,0.2695348768763332,0.2964179075227786,0.3245356136074467,0.1923531126650155,0.2298717620728672,0.3955502702404369,0.2370151781823171,0.3815649756817539,0.3107766314136725,0.2732758624211422,0.1910763337349166,0.235062693538573,0.3053135432103468,0.2614234529494356,0.35620661611785,0.2808809325414459,0.2494787985390608,0.2313232223808529
GQ,0.4634816005550266,0.4869821432653587,0.399111814801362,0.4484970984577017,0.444883247794128,0.4117331566651034,0.4402959489280952,0.3895584942837869,0.4362606885888194,0.4586492824231412,0.4723960914025725,0.4445861318109603,0.4046954253700152,0.4389920244947972,0.6737567961797364,0.3827159792839162,0.4199861589851699,0.4574645035905951,0.4323134677577971,0.4666723949842538,0.0,0.5353096931431862,0.4313947348387617,0.5520841965698802,0.4453700783571099,0.4749360309587968,0.4640067898756352,0.3951490287982591,0.4439697394285437,0.439841635708293,0.4965136225248364,0.4447940457053705,0.4506141427149318,0.4397816179236227,0.4960618631020502,0.4969468170241945,0.4673621079850089,0.4419598242272284,0.4192885709849345,0.4626049423352801,0.4518022631542345,0.4373732553318084,0.5464261727537022,0.4493248434773783,0.5288864125724216,0.4971696617775235,0.4440491888737703,0.4441856796598505,0.4316860034008299,0.4482996709021202,0.4074264958533747,0.5126334540095425,0.4235382081464085,0.421418063678339,0.4452155905329827
GW,0.3364132266309785,0.4047813417758119,0.338676679229042,0.3107562963217796,0.3524647743687845,0.377042418699641,0.3666397613068796,0.3588776483626368,0.3653946250820066,0.34695758493735,0.3073032442251004,0.4362332260803159,0.3104752787872743,0.336991220660164,0.6674698383788097,0.4286632567261594,0.3128796240204021,0.3294416422786752,0.3511184937345419,0.3903220118636401,0.5353096931431862,0.0,0.347352521439305,0.3911430553924984,0.3968771344436332,0.3594439340461006,0.3115263112088897,0.3159399112673509,0.3454105660862531,0.3605423783400403,0.3712727985061457,0.366347045896323,0.3487869987903016,0.3060315282574247,0.4127570258956563,0.3478112798918128,0.3397492760363221,0.3388102306945408,0.4790862394609326,0.4086234426752283,0.3831877583043575,0.3633374044519186,0.4775505519274756,0.3706446868351605,0.2665124106688972,0.4223792605009181,0.4121154633817272,0.3498145721471017,0.3297163338431526,0.3741054881002201,0.3873768350018849,0.4231188193783248,0.3515204604081889,0.3759019233542687,0.3550992185357126
KE,0.1790385057214882,0.2576720249650195,0.1686301734537334,0.1689025465666104,0.1534794171031334,0.1811385541477836,0.2461149424009934,0.1773121181286019,0.1810063837923192,0.1769386725991657,0.2291188389668821,0.2699026666412901,0.1737002746535838,0.2167787580766471,0.624452742849919,0.1896318362688682,0.1748080310512608,0.1445645553371795,0.1896532541728595,0.2419782780660275,0.4313947348387617,0.347352521439305,0.0,0.3349932597931009,0.235210025385994,0.1894169237094657,0.2150793360935748,0.1775205380381062,0.2033913771830364,0.2124918925271958,0.251024198165061,0.1727314848681909,0.1837170513660632,0.165086351923697,0.1971005081539112,0.2368598865123925,0.1554475884485824,0.1991365771548144,0.2196607166847972,0.208567433275802,0.2038107915579746,0.2466890912893449,0.3486698574166061,0.1972193058192553,0.3489387617808039,0.2329361378683532,0.3051958273968729,0.1922449320611426,0.2012308209103244,0.1987203101776312,0.1170743066274291,0.3309613676614887,0.1352793132423329,0.1561653316956319,0.1592121831159654
KM,0.3439069226093106,0.4355987793178624,0.3113443319066514,0.3258046709046542,0.3250040249345605,0.374889214198169,0.3507116192420993,0.3489695670118483,0.3760380331524627,0.3641761641632297,0.3708808815214566,0.3798128664895298,0.2913704732697635,0.3502710769464916,0.6270408547718884,0.4031246317898075,0.3138416574681049,0.3413354987267375,0.3321144106773496,0.374533712101776,0.5520841965698802,0.3911430553924984,0.3349932597931009,0.0,0.3873769194608996,0.3422039784886976,0.3279435714336092,0.3402156850905213,0.3342046108135053,0.3506719480950091,0.3647955469728792,0.3192661478050138,0.3346027774069952,0.3507947265555717,0.4122930434147394,0.4114582128926255,0.3774952863349126,0.3280929476769909,0.432397377738424,0.3720550709107416,0.3681396462262203,0.3794410183295089,0.4423152615006065,0.3497406824206094,0.3817680958139648,0.3855893596986238,0.3927233143715699,0.3282808159642489,0.3393072280999353,0.3875136873497834,0.3659716643649946,0.3259905103293116,0.3422648445859246,0.3533922796079159,0.3274691924213455
LR,0.2742217595682327,0.23624641261708,0.1930125550257836,0.2102875172074122,0.2030498144732251,0.2156694916779921,0.2730651003274794,0.2184187687194608,0.2140478272988404,0.2135547304319042,0.2934124440827935,0.306560513868342,0.2377271800100698,0.2475817984222501,0.6935999245483524,0.2121781477718456,0.218328687339907,0.2222710732829478,0.2170930033959639,0.2310465900232674,0.4453700783571099,0.3968771344436332,0.235210025385994,0.3873769194608996,0.0,0.2526215838797467,0.269192862290222,0.2345836493793701,0.2002554007408779,0.2303687526362091,0.3177669277337233,0.2493974371563176,0.2357054336230412,0.2711968367437815,0.3044319914438029,0.2725264368154922,0.2740341377392232,0.2721151604605251,0.2580941714661799,0.302248911534959,0.2113183881305927,0.2507495799747308,0.3785001307974264,0.2320933293289685,0.3904391093490917,0.2907452281813768,0.3209572111259579,0.2180542988863214,0.2576255120724208,0.2633339181604081,0.2255546092860036,0.3688613525686984,0.2513408363037818,0.2608721665996504,0.2353200538207041
LS,0.2042378069492015,0.2977443964383487,0.1767800500917756,0.2007815667937702,0.1062342799483748,0.2421799406141229,0.2777788462583751,0.2081535740113843,0.2408922522234675,0.2447551045776826,0.2558788932007023,0.2581943413666183,0.1781877853181221,0.2341255179558816,0.6351056732613491,0.2115667275481083,0.2171183613602316,0.2046124341570627,0.2189930060558247,0.2646176989477589,0.4749360309587968,0.3594439340461006,0.1894169237094657,0.3422039784886976,0.2526215838797467,0.0,0.2173365478217661,0.2022646910969392,0.2072265771643684,0.2539697731950425,0.2562435393343816,0.1940810442568827,0.1450144738543792,0.2166228193334538,0.1435046908213612,0.3000465308250979,0.2338480927891386,0.2268694582470123,0.2506785567601559,0.2335567215872297,0.1776725392041449,0.3043522074354918,0.343216900805105,0.1873487475309392,0.3607830454715265,0.1509895786120652,0.319771837399714,0.2206012096468008,0.2375282647482298,0.2375365736427138,0.1987817714089477,0.3335225560200208,0.1121589152452626,0.1629405628331462,0.1240530615892889
LY,0.2278870082727075,0.2740214639498869,0.2313253732772853,0.1488371096962286,0.1974579249311415,0.2608707319250167,0.2939130061419084,0.2078884820600515,0.2108793024011666,0.2156711328395949,0.2015922602713598,0.2597194925354844,0.0932512460088975,0.0862733588142936,0.5672015039317643,0.297063682592796,0.181151466395783,0.1995291371332509,0.2196205622045226,0.2771515142613517,0.4640067898756352,0.3115263112088897,0.2150793360935748,0.3279435714336092,0.269192862290222,0.2173365478217661,0.0,0.1210100377287888,0.1639871561796189,0.2420734327996022,0.2177939730702918,0.1894058059767323,0.237898952628236,0.2075782718272242,0.271396732021136,0.2724030911634045,0.2261333197829411,0.1815577112978013,0.32363940264306,0.2593724051532389,0.2624558727069712,0.2437541533527321,0.3549047685835345,0.2498032996678263,0.3166277124978219,0.281467211127689,0.3199496829291119,0.2048759520793198,0.1168205165965639,0.2311468522735662,0.2069057123544695,0.2725084294522617,0.1846111144142465,0.2262693987959554,0.1950779217483091
MA,0.1975428619460424,0.2038556336403594,0.1638950658903385,0.146735925882758,0.1564635934420245,0.1865388021228138,0.2488716197322897,0.1481945362738392,0.1413481470833588,0.1874128154117457,0.1877232980139473,0.1965025607566356,0.0682067461533005,0.1135083187228792,0.5994835329272148,0.2271939889020499,0.148654063983319,0.2077458744950905,0.1693703109359174,0.2435430054870581,0.3951490287982591,0.3159399112673509,0.1775205380381062,0.3402156850905213,0.2345836493793701,0.2022646910969392,0.1210100377287888,0.0,0.1311364147447586,0.1637265340911037,0.2036796621030111,0.1705520849308028,0.2039582115480143,0.1711366467118423,0.2595909703493902,0.2131006645553579,0.2172130532257308,0.1573478508701947,0.234611696126769,0.2474170988464927,0.2166925439410512,0.1466182998153778,0.3260148459752154,0.2176860290387312,0.3017025768252344,0.2648089749067827,0.2777294463886602,0.194734336163052,0.0781146280849188,0.2129474844765722,0.1491775297202571,0.2776441857159429,0.1563309252517462,0.194706414821614,0.1870351497716776
MG,0.2178867798132289,0.1986045622208883,0.191993686269837,0.1489760696870347,0.1576041780469187,0.1997845175737658,0.2669132903297202,0.1866015781180825,0.1588528863122127,0.1720986603502504,0.215386969631408,0.243594089252672,0.131588578251836,0.1467870805698039,0.5870348933909888,0.2494478676296204,0.1636495392042327,0.2038635619464974,0.2116008193420201,0.2326129585068654,0.4439697394285437,0.3454105660862531,0.2033913771830364,0.3342046108135053,0.2002554007408779,0.2072265771643684,0.1639871561796189,0.1311364147447586,0.0,0.2151386716703901,0.26749904950006,0.1473724575476274,0.2246429508114245,0.2211995850169728,0.2679692690900755,0.2622759380372848,0.2457407257823242,0.1503254574961245,0.2536824425344677,0.2258182578911477,0.1968647496082199,0.1703053042749442,0.3472101755320219,0.2266590386567494,0.3452514449565913,0.2873248459841963,0.3066513417427051,0.1860233363789513,0.1352871478066541,0.2319723591757392,0.2006130605479285,0.2561195133460564,0.1803052802890457,0.2216124279847844,0.196919781157529
ML,0.255767451767364,0.2112474196499584,0.1517105377721294,0.1636361488377271,0.1950807733250359,0.1521880432672711,0.2144740704953868,0.1217315696954224,0.1722788297157069,0.1692954887696092,0.2907795139105821,0.258388154751483,0.1745729804479104,0.249888067578481,0.6668181893161257,0.2246162221009688,0.1752591666963654,0.2085242355836426,0.1458035206435272,0.2017352698243451,0.439841635708293,0.3605423783400403,0.2124918925271958,0.3506719480950091,0.2303687526362091,0.2539697731950425,0.2420734327996022,0.1637265340911037,0.2151386716703901,0.0,0.2015256064026371,0.2598509284637242,0.2379190849507664,0.248559771916573,0.3185975875171478,0.1698369952329436,0.216123381536726,0.2584551164213323,0.253593846737242,0.3607163339043764,0.2135969664308935,0.1485371650542152,0.3590201909419586,0.1933833429855795,0.350477315696825,0.3077914668203684,0.2271290381776474,0.1545976195420669,0.2045636902650022,0.2486355438435281,0.1963099658219895,0.3532624674052993,0.259451665019775,0.220064817817927,0.2262727568473567
MR,0.2808565044601135,0.3079679429730908,0.2201112424012248,0.2221314199327859,0.2335069517824844,0.2509503404580659,0.2960185759847427,0.202755567035081,0.2280991201201646,0.2611676022024521,0.2811607245348175,0.2925375868137753,0.2058352125761801,0.2582097242144763,0.6434422257997796,0.281827717479286,0.2424178294694154,0.2488641499759553,0.2185620315424764,0.292056743469105,0.4965136225248364,0.3712727985061457,0.251024198165061,0.3647955469728792,0.3177669277337233,0.2562435393343816,0.2177939730702918,0.2036796621030111,0.26749904950006,0.2015256064026371,0.0,0.2940841861609242,0.2513477615188902,0.2753454926051516,0.2900541203726183,0.2555374677504159,0.2584975515574202,0.2959377822500187,0.3311362918803244,0.3657692824042913,0.262433848207562,0.2509981740704893,0.3885216465514233,0.2320125015952108,0.385380754492147,0.3005895201829168,0.3002345832832002,0.2294397213521879,0.2463534602262116,0.2756654013100618,0.2577004305925013,0.3753534976648746,0.2790997900350196,0.2524113152427412,0.2323110282971401
MU,0.1689556304743589,0.2784546831581477,0.2209582349774164,0.1743596861808773,0.1544438642827605,0.2391632283845409,0.2774241666510869,0.2198844317143146,0.2071769741413851,0.2216197673075239,0.2175002158186603,0.2472475629675787,0.1436574571940623,0.155161655395783,0.5575937153460426,0.2662111932893948,0.1631229672155467,0.1947118057344568,0.2606865833533001,0.2703536766009116,0.4447940457053705,0.366347045896323,0.1727314848681909,0.3192661478050138,0.2493974371563176,0.1940810442568827,0.1894058059767323,0.1705520849308028,0.1473724575476274,0.2598509284637242,0.2940841861609242,0.0,0.2245726962137204,0.1865648058261886,0.2143516321132268,0.3094840722966743,0.2422201926345503,0.1177477317068904,0.2411927441019358,0.1987931670972752,0.2614972516765109,0.2569361353814897,0.350102710010305,0.2677786627008647,0.3473958567913131,0.2598469642584544,0.3257195354995991,0.2060473109301358,0.1625013297116218,0.2231625978916968,0.1686909153172719,0.2582005583459827,0.1160436133105742,0.1729533603285427,0.173947919624724
MW,0.1948725187580444,0.2922800956455477,0.1650169805453556,0.2010454684747186,0.1332244434769308,0.2267352515121955,0.2435448654161914,0.211984143311147,0.2434138642647085,0.2483889190201904,0.253919349421743,0.2792327745956691,0.1891248682827142,0.2485592133433363,0.6143569801021812,0.2033371994326482,0.2196947488736788,0.1782829980758818,0.2096351133879581,0.2357015952187069,0.4506141427149318,0.3487869987903016,0.1837170513660632,0.3346027774069952,0.2357054336230412,0.1450144738543792,0.237898952628236,0.2039582115480143,0.2246429508114245,0.2379190849507664,0.2513477615188902,0.2245726962137204,0.0,0.2072944369573451,0.2167399225711249,0.2747029185317189,0.2032659993304614,0.2534325377425389,0.2684431780640777,0.2629342166002218,0.1720843119901673,0.2844465770508281,0.3599564895981857,0.1848781680292786,0.3445633440794466,0.2239034362611018,0.2922214262914228,0.2278849920976996,0.2424773498309935,0.2464143904642096,0.1882332918145473,0.3434488598752657,0.1733708538430506,0.1434143500840524,0.1106148413730561
MZ,0.1448961873215145,0.285746881905734,0.205356942512671,0.1850269963524289,0.183361443390471,0.198702206829054,0.2911232417290121,0.2109851034939422,0.205556014436514,0.2327554932604276,0.2016696586025698,0.2794321601572817,0.1583582923087876,0.2077773298294315,0.6248336240031278,0.2234443145317262,0.1690604741682203,0.1837433914993413,0.2421224853186885,0.2753869267279827,0.4397816179236227,0.3060315282574247,0.165086351923697,0.3507947265555717,0.2711968367437815,0.2166228193334538,0.2075782718272242,0.1711366467118423,0.2211995850169728,0.248559771916573,0.2753454926051516,0.1865648058261886,0.2072944369573451,0.0,0.2249559822125526,0.297522872718992,0.2048786803750666,0.2018692171867401,0.2490630581538808,0.2463270247154866,0.2380835394427451,0.2646855802907858,0.3812453251858614,0.2609668595482601,0.2976474914889762,0.2743039527055642,0.3340367778581304,0.2324966086630722,0.1835944812390663,0.2332851551714597,0.178620424815477,0.3374774577301501,0.1466131436209214,0.1846094777952582,0.17371470928415
NA,0.200433904247959,0.3041911914677263,0.2425073422111363,0.2218268471569888,0.1542802813336043,0.2422577102072003,0.3127939834968836,0.2512338415003203,0.2250397416487735,0.2816268864323925,0.2253263559118024,0.3482977947897853,0.2542891724938798,0.2851936687688813,0.6478940471040111,0.2698662362631641,0.2396824897557362,0.2681882019587438,0.3065989405625109,0.3011736687234432,0.4960618631020502,0.4127570258956563,0.1971005081539112,0.4122930434147394,0.3044319914438029,0.1435046908213612,0.271396732021136,0.2595909703493902,0.2679692690900755,0.3185975875171478,0.2900541203726183,0.2143516321132268,0.2167399225711249,0.2249559822125526,0.0,0.3315048652098429,0.3043367146773853,0.2459177591441689,0.3175065301082758,0.2252494625363066,0.290583367404956,0.3706261129754528,0.4076965760174892,0.2809794423345753,0.4142532186635257,0.2171505108783313,0.3459496661862201,0.253383867401552,0.2870545639850309,0.3016896146799489,0.2247700461303148,0.3692197271969946,0.1114332272264687,0.1810564960330675,0.1666871206446216
NE,0.3047107069752011,0.2445944772028829,0.2147665708185724,0.1967144373016374,0.2575442958306262,0.2424421722781208,0.2839126752280662,0.208821231135336,0.2142726142324054,0.2305903355229523,0.2836048793868366,0.3144479564859819,0.239462780450409,0.2780618124792037,0.6829761190192455,0.2752498956729521,0.2406359297393721,0.2536031692301492,0.2044805799126708,0.2426218959574759,0.4969468170241945,0.3478112798918128,0.2368598865123925,0.4114582128926255,0.2725264368154922,0.3000465308250979,0.2724030911634045,0.2131006645553579,0.2622759380372848,0.1698369952329436,0.2555374677504159,0.3094840722966743,0.2747029185317189,0.297522872718992,0.3315048652098429,0.0,0.2618515123430883,0.3041551976333279,0.3373542265265463,0.3723709474651848,0.2601052814106829,0.2183902204373756,0.4146459516630165,0.2301772111609303,0.3733767623348687,0.3393511504989234,0.3255420418272398,0.2330083251669285,0.2453817637771655,0.2942422946050463,0.2598877615944583,0.4024081519659761,0.3111287341718843,0.2583781500029104,0.2906571164275594
NG,0.2531463319074354,0.2882030162983497,0.2125684617279382,0.1793924540310908,0.2281966125169616,0.2124376691562324,0.259946973140104,0.1876415271995816,0.2226626149967553,0.1666084081393479,0.2828047607066797,0.3196376938064872,0.2032646479744605,0.2354651549098856,0.6126724890577067,0.2368277224880223,0.2173610430869921,0.1107349425249861,0.1997532610268372,0.2825063331690888,0.4673621079850089,0.3397492760363221,0.1554475884485824,0.3774952863349126,0.2740341377392232,0.2338480927891386,0.2261333197829411,0.2172130532257308,0.2457407257823242,0.216123381536726,0.2584975515574202,0.2422201926345503,0.2032659993304614,0.2048786803750666,0.3043367146773853,0.2618515123430883,0.0,0.2758414546121898,0.3003937144528743,0.3277578343347237,0.198783025093172,0.2271999139595811,0.3937297428532654,0.1994804173496506,0.350392219923048,0.3057182862834655,0.3532101249061459,0.2008246016089228,0.260655372204311,0.2185395859086186,0.1800849415990006,0.4050137115234571,0.2297544152374503,0.2135257087323661,0.1996867390739356
RE,0.1911107118805022,0.2818615195249674,0.2299458741004618,0.1566603975930429,0.2007051828693167,0.2536278490056699,0.2994157939105406,0.2214814437968369,0.2042556102594712,0.2314297647686298,0.1957749436458797,0.2566719521706085,0.1271249274483878,0.1656567271771238,0.6014630789633303,0.3080848569984196,0.1348206079321523,0.2256034001297924,0.2730922653706962,0.2695348768763332,0.4419598242272284,0.3388102306945408,0.1991365771548144,0.3280929476769909,0.2721151604605251,0.2268694582470123,0.1815577112978013,0.1573478508701947,0.1503254574961245,0.2584551164213323,0.2959377822500187,0.1177477317068904,0.2534325377425389,0.2018692171867401,0.2459177591441689,0.3041551976333279,0.2758414546121898,0.0,0.2755914720864818,0.1887531868412197,0.2913736344643687,0.2503572501830912,0.3678168522938517,0.2966357919036684,0.3250859422044423,0.3057502471187422,0.3257208655245974,0.2135834015398802,0.153058914215647,0.259129671342946,0.2165518180358733,0.205648962787738,0.1478776073635902,0.2237421346048737,0.2192513934593107
