ISO_CODE,AD,AL,AT,BA,BE,BG,BY,CH,CY,CZ,DE,DK,EE,ES,FI,FO,FR,GB,GI,GR,HR,HU,IE,IM,IS,IT,LI,LT,LU,LV,MC,MD,ME,MK,MT,NL,NO,PL,PT,RO,RS,RU,SE,SI,SK,SM,UA
AD,0.0,0.1536863874337898,0.1162386775095897,0.157580683218047,0.098659934347117,0.1335966621167434,0.1488433992261405,0.0927224397067043,0.1228929851952742,0.1142521211567265,0.1120295976058656,0.1069340525038333,0.1111134661315464,0.0868459946027896,0.1215561029595502,0.1864267216917604,0.1088526035168454,0.1074735020655269,0.1981147898205998,0.1245425357691393,0.1671752284064385,0.1264716550221488,0.1385294865015325,0.1581627468911804,0.1150092061927678,0.1378320532594166,0.279586198229357,0.1911962933936409,0.0952593393233812,0.1099757105724957,0.2958845677996211,0.1143420212279564,0.1293653046614101,0.136504471758816,0.1409893458626573,0.1035514128017949,0.1154364250997357,0.1117065762010851,0.1360531545874119,0.1455602355653034,0.1412185733737789,0.1573961648063481,0.1169778575780072,0.1293970512668232,0.1157038618194324,0.3963220819335022,0.1145893004985166
AL,0.1536863874337898,0.0,0.1120032103065836,0.0825500083233357,0.1004565697926905,0.1004979609732733,0.153549896826734,0.0947308520547559,0.088156905251132,0.0976440574772042,0.1099721910018607,0.0967946917201816,0.1085527387522156,0.0968984307221024,0.1059192632195602,0.2162038697085563,0.1176532467897853,0.1047218632813057,0.2297252850670436,0.0823640335504769,0.1095871828653096,0.1188228564259902,0.1148664966796159,0.160984786486379,0.1145308924689605,0.1203899494014848,0.3295072416783494,0.1720999260012516,0.0937777258029997,0.0896903489191822,0.3394763075049221,0.0983622121011564,0.0628999158145527,0.0551022498937753,0.1084141876253138,0.1023795261758531,0.095004908418404,0.1110866629844302,0.1337639364416896,0.1224221163219163,0.066019576506207,0.1608846733599733,0.0954037786909941,0.1069294214118586,0.101651351173117,0.45157688302244,0.1009450084414289
AT,0.1162386775095897,0.1120032103065836,0.0,0.1051530402543293,0.0415726339091733,0.0639294258945796,0.0996961019753033,0.0297441847547982,0.0746274826257274,0.0546911930614699,0.0247510381654064,0.0462272084649716,0.0541698399865155,0.0533095352561409,0.0600143062083859,0.1798201666956232,0.0598004976227899,0.0505544162089593,0.2079110227990055,0.0802269117135837,0.1149633313010647,0.0645545639749415,0.0913183281652265,0.1407953960184101,0.0760776221195876,0.0903878343463636,0.2564445810169675,0.1529218443126511,0.0431211502438709,0.0526397920869431,0.299199818723717,0.0625079760406466,0.0768618948293918,0.0873236234013272,0.1029306051580112,0.0482402039968676,0.0588684321800967,0.0581146775816477,0.1092941992909189,0.0883022850679904,0.0836817587004977,0.1109257179402509,0.053381459896748,0.0751386109317472,0.052073178313189,0.4227588925188853,0.0560393823459132
BA,0.157580683218047,0.0825500083233357,0.1051530402543293,0.0,0.1074995710743367,0.0844945129105978,0.1725900486997702,0.1018257485782,0.0842358093784305,0.0978511391930621,0.1115989633236316,0.0966803283702971,0.1081272285376326,0.1063481122617716,0.1154385609013554,0.2374847014308758,0.133961097232419,0.0957946585414007,0.2218555898512548,0.0849886879752052,0.0618492764453594,0.0961756133588305,0.1125759460325591,0.1497830765788216,0.1457257230799131,0.1281713485145508,0.3274428928810626,0.1586804534020141,0.0937996764361172,0.0921428360057499,0.3331939332969087,0.1033143679657472,0.036381764650749,0.04778464088858,0.107974430278358,0.1021214580447089,0.1064013481986076,0.105940512047817,0.1234410216026795,0.1114826317772635,0.030511383751683,0.1777291379908963,0.1060737840882705,0.0929796106210596,0.0931021172770008,0.4501374802998131,0.098551207849747
BE,0.098659934347117,0.1004565697926905,0.0415726339091733,0.1074995710743367,0.0,0.0594166222575857,0.0690918917506824,0.0182866765412847,0.0718992075749517,0.0360909021571721,0.0286958019943572,0.0267318391564761,0.0308795308140834,0.0336933483529684,0.0407032891811701,0.1549058826978721,0.0236482552733175,0.0375327564290967,0.2006108374321696,0.0716622827912473,0.1147620999474358,0.0538883713809049,0.0780954384380339,0.1303397573631205,0.0503279827041167,0.0780799580068694,0.275283307138553,0.1458738047508744,0.0314692339270111,0.0338882680233381,0.2918867870069996,0.0465189827077515,0.0717774239354539,0.0821091489131667,0.0946425230645454,0.0221813702589824,0.033995871515192,0.0381843129957378,0.0979355230510519,0.0766267173719877,0.0792219542568262,0.079911770555809,0.0329517666519816,0.0632112231047545,0.0374299646265551,0.4248951893714421,0.0390830871353663
BG,0.1335966621167434,0.1004979609732733,0.0639294258945796,0.0844945129105978,0.0594166222575857,0.0,0.1250244391730317,0.0589447268593125,0.0657159768499161,0.0541107837570344,0.0722252128464916,0.0616562856539257,0.0703994795113031,0.0680392469578676,0.0723222908590568,0.1935505458660875,0.0831138802420698,0.0642818282341106,0.1943107613530542,0.068519425097112,0.1006945852295101,0.0487612814803175,0.0971480026209505,0.1421512778449236,0.1039977332355495,0.0970801270094156,0.2890763553005014,0.1387706229498387,0.0664583578510832,0.0625296625505663,0.2988482300842835,0.0685262453572937,0.0678825471498298,0.0635590724515136,0.0904103122562279,0.0676287121737262,0.0839976728085816,0.0698828337955043,0.1058816374817011,0.0623547527946207,0.058599425387275,0.1342460385007028,0.0784884880314968,0.077856044826474,0.0434956851143895,0.4212626836352017,0.055262680114082
BY,0.1488433992261405,0.153549896826734,0.0996961019753033,0.1725900486997702,0.0690918917506824,0.1250244391730317,0.0,0.0619253432455131,0.1585413502583601,0.0758537555132931,0.0577375273966659,0.0910518812824326,0.0475552692803167,0.0764356557805236,0.0678359510059559,0.1799206078965025,0.0557485346817206,0.1077612699404497,0.3048415507675256,0.143042087817129,0.1912227750057027,0.1311397077915788,0.1765041737079163,0.2329163775028646,0.0740941545155529,0.1490962848122592,0.3345598892945197,0.2227474274743959,0.1039962354866079,0.0570300921497669,0.3454914669634962,0.0547253369506585,0.1278833388648047,0.1617370019231505,0.2140637873971481,0.0641502801428651,0.0628021660549914,0.0734896860118135,0.1866467023272758,0.1234701417405983,0.1292340723208135,0.0135031998308992,0.0734832244741018,0.1254616975803925,0.0967633214436758,0.5037755136885509,0.0564623839045342
CH,0.0927224397067043,0.0947308520547559,0.0297441847547982,0.1018257485782,0.0182866765412847,0.0589447268593125,0.0619253432455131,0.0,0.0689097681873236,0.0353051557418202,0.0182089014905253,0.0291096458165084,0.0280319475966333,0.0281556037509711,0.0358936436200291,0.1541708150833463,0.0278074920762966,0.0380328230247996,0.2013537005409096,0.0668561401840341,0.1091844040479362,0.0565735035470901,0.0816802039824935,0.1377045110895908,0.0430399501229762,0.0745420729669082,0.2656096716682515,0.1536818250698544,0.0286698082543332,0.0297425623761362,0.2900785425018041,0.0408002005446369,0.0648597717638987,0.080355701555676,0.0998850217341578,0.0255302854783766,0.0353132552250117,0.0401514609507477,0.0950955922233155,0.0781126683800066,0.0748938332545691,0.073155085179303,0.0341677619269416,0.0632899412668281,0.0383246783707971,0.426561269150767,0.0377923518364889
CY,0.1228929851952742,0.088156905251132,0.0746274826257274,0.0842358093784305,0.0718992075749517,0.0657159768499161,0.1585413502583601,0.0689097681873236,0.0,0.0666608625659057,0.0861313631976848,0.0607701426518478,0.0869936876074467,0.0735617253467723,0.0826639291345993,0.2049812323905562,0.0991026554032894,0.0586003023857554,0.1768659514076104,0.0439671017820021,0.094516462875742,0.0647973032751935,0.0740937128308986,0.1132072075609758,0.1093500070183566,0.0891026010487477,0.2762299516609068,0.1350114943920261,0.0663164352112786,0.0721255461205822,0.2935874237447531,0.083062193001449,0.0674302815547329,0.0611083887859872,0.0645658729597543,0.0772354839999777,0.0919043308723048,0.0805759484038615,0.0965712996188342,0.0945138637474776,0.0761415809810478,0.1650251601287342,0.0806451403091337,0.0868450765110572,0.0638510513075609,0.4042441642149762,0.0770014769847482
CZ,0.1142521211567265,0.0976440574772042,0.0546911930614699,0.0978511391930621,0.0360909021571721,0.0541107837570344,0.0758537555132931,0.0353051557418202,0.0666608625659057,0.0,0.0450447096373579,0.0376295063588475,0.0388351922801241,0.0460208081423381,0.0446726642261535,0.173665858020189,0.0515511970648172,0.0462260875881129,0.2106361265802688,0.063395499520082,0.0929606785177687,0.0437087871590322,0.0850454115871711,0.1336486214665229,0.0683058513443157,0.0876570101113535,0.2815950145125749,0.1426354281790858,0.0502425492090751,0.0387159841711627,0.3060957481754855,0.0523764882504216,0.0678497750523754,0.0789382601815027,0.0958943297151276,0.0384325569017844,0.0418988910891028,0.0452025351700304,0.1025604094389051,0.0764042704555348,0.0705464635203215,0.0846566484305083,0.0446887209430918,0.0511481381331102,0.0223670207366906,0.4335159284971295,0.0375233457067478
DE,0.1120295976058656,0.1099721910018607,0.0247510381654064,0.1115989633236316,0.0286958019943572,0.0722252128464916,0.0577375273966659,0.0182089014905253,0.0861313631976848,0.0450447096373579,0.0,0.0410923370600211,0.0338689791806793,0.0413320171980516,0.0430947773566381,0.1597369316024607,0.0357242086660141,0.0484750260416375,0.2236503788098517,0.0842854032918102,0.1240605969103386,0.0705176067236669,0.101683226575727,0.1537740243791741,0.0579536700040805,0.0909635886406003,0.2658897900079822,0.1663517937819263,0.0402649775710121,0.0402156506258146,0.2998550694211472,0.0509487999940215,0.0762228423908848,0.0967751719300473,0.1227252241343443,0.0322786020465619,0.0415281600801623,0.0497214194717766,0.1194984178284439,0.0864423985400174,0.0827060604054183,0.0683902920082243,0.0398183163490324,0.0807888312205086,0.0523535933858244,0.4445444254339504,0.0490117212582391
DK,0.1069340525038333,0.0967946917201816,0.0462272084649716,0.0966803283702971,0.0267318391564761,0.0616562856539257,0.0910518812824326,0.0291096458165084,0.0607701426518478,0.0376295063588475,0.0410923370600211,0.0,0.0367783901467296,0.0448200516346347,0.0357053748898125,0.1641389117840697,0.0508498880588703,0.0267927570315976,0.193292127384105,0.0624990344481608,0.1011807215607206,0.0417676519433621,0.0635972704715351,0.1096953600977829,0.056206750723053,0.0871182027931696,0.2739641949258594,0.1288405204609101,0.0342096986980486,0.0367013761261203,0.3045471580797291,0.0546485187322745,0.0674695173816498,0.0736361728641054,0.0864648884585458,0.0282000908163094,0.029748238426621,0.0478535169700211,0.104758450193376,0.0812667682526854,0.0746706737954114,0.098691845243038,0.0315356862864815,0.0631490166465705,0.0357606924019454,0.4293056012765803,0.0422317141208062
EE,0.1111134661315464,0.1085527387522156,0.0541698399865155,0.1081272285376326,0.0308795308140834,0.0703994795113031,0.0475552692803167,0.0280319475966333,0.0869936876074467,0.0388351922801241,0.0338689791806793,0.0367783901467296,0.0,0.0449377153151044,0.0339091042530921,0.155434881798525,0.0413892306147557,0.0522065361731649,0.2199712863092883,0.0825432066407806,0.1180970993573872,0.0645736018338354,0.100191628434244,0.144584602943288,0.0512986737067735,0.0973317509089444,0.2837414283658869,0.1500105262433322,0.04806237872397,0.0230767739524168,0.3049069536700586,0.0385713830046468,0.0740975127212035,0.0956566180825834,0.1228833665613823,0.030907022073485,0.0332304831329762,0.0432777179042784,0.1181967797683279,0.0820514582393001,0.0823578611000022,0.0556511569975812,0.0394842902861064,0.0742460944666864,0.0465863020365683,0.4458058290140723,0.0377618121156099
ES,0.0868459946027896,0.0968984307221024,0.0533095352561409,0.1063481122617716,0.0336933483529684,0.0680392469578676,0.0764356557805236,0.0281556037509711,0.0735617253467723,0.0460208081423381,0.0413320171980516,0.0448200516346347,0.0449377153151044,0.0,0.0461826682960004,0.1676650929199477,0.0385817070490838,0.0472649143355895,0.2042364216868103,0.0694233536896594,0.1119559817822521,0.0652467468047476,0.0900005820567944,0.1524664357383248,0.0614584262545792,0.0776127000345178,0.2876788474849265,0.1561053129870641,0.0475806951484052,0.0460630502692556,0.305296789175037,0.0492186572362168,0.0748050623996061,0.0872986405278467,0.1073272399634499,0.0401092485363789,0.0495947855858087,0.0480811370988812,0.0920471704733308,0.082250873964078,0.0808271528803166,0.0853980719267779,0.0497290741086763,0.0762409729921802,0.0449001940511072,0.4262370810499072,0.044443471585066
FI,0.1215561029595502,0.1059192632195602,0.0600143062083859,0.1154385609013554,0.0407032891811701,0.0723222908590568,0.0678359510059559,0.0358936436200291,0.0826639291345993,0.0446726642261535,0.0430947773566381,0.0357053748898125,0.0339091042530921,0.0461826682960004,0.0,0.1709524361208608,0.0533043486963065,0.045988131465167,0.2278647819166851,0.0816331417364982,0.1099990905301557,0.0591697088414182,0.0880755451365202,0.1425919052597304,0.0533748817204395,0.1069044102221088,0.2952554491897682,0.1476160419988019,0.0585014567758094,0.0386304037693128,0.3012910867129754,0.0545242639767187,0.0766131034085056,0.0992103176901144,0.1239560759143688,0.0394355322392628,0.0363136215016101,0.0646401277361217,0.129489436085943,0.0971141045275276,0.0841270404180399,0.0759569205472744,0.0418635168071106,0.0848631654354731,0.0486132324966963,0.4571564365692767,0.0427510345661931
FO,0.1864267216917604,0.2162038697085563,0.1798201666956232,0.2374847014308758,0.1549058826978721,0.1935505458660875,0.1799206078965025,0.1541708150833463,0.2049812323905562,0.173665858020189,0.1597369316024607,0.1641389117840697,0.155434881798525,0.1676650929199477,0.1709524361208608,0.0,0.1599565990537077,0.17077869934796,0.2360749002065311,0.2048438410593578,0.2407858264111042,0.1961021959038061,0.2064470780979069,0.2158404674372093,0.1384214098895458,0.2144288623522783,0.3001296960865141,0.2634868912679289,0.1628351345081101,0.1706301950836268,0.3367504931862892,0.17510422964911,0.1966957171335241,0.2147985842647541,0.2143756393725181,0.168399064639377,0.1512353026072246,0.1772990354889579,0.2241010431081488,0.2059226059948177,0.2081594263058183,0.1896173116078521,0.164686366075858,0.1879237408404748,0.1727384119528854,0.4198382348583584,0.1768019976472615
FR,0.1088526035168454,0.1176532467897853,0.0598004976227899,0.133961097232419,0.0236482552733175,0.0831138802420698,0.0557485346817206,0.0278074920762966,0.0991026554032894,0.0515511970648172,0.0357242086660141,0.0508498880588703,0.0413892306147557,0.0385817070490838,0.0533043486963065,0.1599565990537077,0.0,0.0615264752872494,0.2308768388297855,0.093072390665764,0.1402480230281311,0.081658482996461,0.1138059679563299,0.1715279822985264,0.0563848659767899,0.0974047818085332,0.2935587460109577,0.1812419215195428,0.0508569061653385,0.0499447667268917,0.2855187801009807,0.0541805933125979,0.0943323152603959,0.1138949418631972,0.1353744924676934,0.0434112791950326,0.0482808820457439,0.0524224140311481,0.1223322033131748,0.095554407765942,0.1011242067118812,0.065411806405192,0.049510647321589,0.0858701766982786,0.0571223386264415,0.4447252427798921,0.0517024855244927
GB,0.1074735020655269,0.1047218632813057,0.0505544162089593,0.0957946585414007,0.0375327564290967,0.0642818282341106,0.1077612699404497,0.0380328230247996,0.0586003023857554,0.0462260875881129,0.0484750260416375,0.0267927570315976,0.0522065361731649,0.0472649143355895,0.045988131465167,0.17077869934796,0.0615264752872494,0.0,0.1733481791026457,0.0580606744580346,0.0988786533155651,0.0494723964719794,0.0399521281254438,0.0944825957840338,0.0660360947171817,0.0845195445303896,0.2716248360358994,0.138610466236014,0.0471829290621069,0.0477074423985135,0.2917177708798251,0.0659078822036193,0.0689228940662444,0.0738714646841818,0.075950316910925,0.0360170879238548,0.0473032331544626,0.0575783844738524,0.1036382037668351,0.0847317545406858,0.0792776555345039,0.1143186986008982,0.0454750011864043,0.0700428370846008,0.0439252984327632,0.4108559137707196,0.0543165190177012
GI,0.1981147898205998,0.2297252850670436,0.2079110227990055,0.2218555898512548,0.2006108374321696,0.1943107613530542,0.3048415507675256,0.2013537005409096,0.1768659514076104,0.2106361265802688,0.2236503788098517,0.193292127384105,0.2199712863092883,0.2042364216868103,0.2278647819166851,0.2360749002065311,0.2308768388297855,0.1733481791026457,0.0,0.1884689640118229,0.2242686265877203,0.1984106488098493,0.1846091238867243,0.161717059222986,0.2246264308170531,0.2154668306657043,0.3010238906613948,0.2462601011748546,0.1831451166148315,0.2114993325949936,0.3190742326639872,0.224466415816636,0.2053256950242925,0.1939533337991232,0.1622626318737464,0.2122286568421535,0.2238927717507337,0.2209004329568062,0.2168535766849679,0.2257243029083743,0.2149336615120055,0.312998604180109,0.2204433198059711,0.2081727081792007,0.2013680310283784,0.3975223278842509,0.2252282696388193
GR,0.1245425357691393,0.0823640335504769,0.0802269117135837,0.0849886879752052,0.0716622827912473,0.068519425097112,0.143042087817129,0.0668561401840341,0.0439671017820021,0.063395499520082,0.0842854032918102,0.0624990344481608,0.0825432066407806,0.0694233536896594,0.0816331417364982,0.2048438410593578,0.093072390665764,0.0580606744580346,0.1884689640118229,0.0,0.0914339777815019,0.0604968667623765,0.0854496206753278,0.1292533676348257,0.1044454071684558,0.0834996011448813,0.3008376992232088,0.1509928075201982,0.0674433988495751,0.071208528787763,0.3083644758338303,0.0789075075177081,0.0726889219129761,0.066156840834693,0.0808071446961063,0.0729036006516832,0.0814353306063304,0.0748643124734494,0.096714763686648,0.0805367063054521,0.0705234309887663,0.1489317557534526,0.0794856281588392,0.0824514005286685,0.0593284305178964,0.4173597067211031,0.0735849245351129
HR,0.1671752284064385,0.1095871828653096,0.1149633313010647,0.0618492764453594,0.1147620999474358,0.1006945852295101,0.1912227750057027,0.1091844040479362,0.094516462875742,0.0929606785177687,0.1240605969103386,0.1011807215607206,0.1180970993573872,0.1119559817822521,0.1099990905301557,0.2407858264111042,0.1402480230281311,0.0988786533155651,0.2242686265877203,0.0914339777815019,0.0,0.0972602816437465,0.1094084712365596,0.1585027271124558,0.1380014788902764,0.1343534447601819,0.3240177466972147,0.1708335403912899,0.1028640957560884,0.1088776574405249,0.3312254336008454,0.1191668035629031,0.0719103873008807,0.0819275248629685,0.1139350583207489,0.1144605048805468,0.1152500137856871,0.119015060058776,0.13405206859931,0.1304130905905786,0.0707575720191402,0.1992446012158306,0.1170351671533701,0.0779505076678074,0.0938350523292044,0.4477706466914182,0.1112946753580593
HU,0.1264716550221488,0.1188228564259902,0.0645545639749415,0.0961756133588305,0.0538883713809049,0.0487612814803175,0.1311397077915788,0.0565735035470901,0.0647973032751935,0.0437087871590322,0.0705176067236669,0.0417676519433621,0.0645736018338354,0.0652467468047476,0.0591697088414182,0.1961021959038061,0.081658482996461,0.0494723964719794,0.1984106488098493,0.0604968667623765,0.0972602816437465,0.0,0.0797138437335279,0.1223193395433885,0.096794228831103,0.0930792805628942,0.2854205390594372,0.1301110443068186,0.0639856553251508,0.0639273504610975,0.3038946149964395,0.0762680553587514,0.0804890812898686,0.0804373341886219,0.0856302027041752,0.0591404065134338,0.0683708278128086,0.0670715050495734,0.1024491506014595,0.0810753840590948,0.0779813988576204,0.1378298476491506,0.0663320442541444,0.0757401389896859,0.0361257963575095,0.4217624338867352,0.0513586908659322
IE,0.1385294865015325,0.1148664966796159,0.0913183281652265,0.1125759460325591,0.0780954384380339,0.0971480026209505,0.1765041737079163,0.0816802039824935,0.0740937128308986,0.0850454115871711,0.101683226575727,0.0635972704715351,0.100191628434244,0.0900005820567944,0.0880755451365202,0.2064470780979069,0.1138059679563299,0.0399521281254438,0.1846091238867243,0.0854496206753278,0.1094084712365596,0.0797138437335279,0.0,0.0939393769529658,0.0976163087398837,0.1040031931617174,0.2887823713573124,0.1486071774603498,0.0783276531560711,0.0836857747588807,0.3182111274062561,0.1053892458382178,0.0842396396904909,0.0808068510386819,0.0691211382790776,0.0767405557536797,0.0894735180560704,0.0940708698358016,0.1170804042871802,0.1171191967595097,0.0984194039210214,0.1836555639553267,0.0863597898381591,0.0925210414131223,0.0780675239299375,0.4139135580196318,0.0934653899845118
IM,0.1581627468911804,0.160984786486379,0.1407953960184101,0.1497830765788216,0.1303397573631205,0.1421512778449236,0.2329163775028646,0.1377045110895908,0.1132072075609758,0.1336486214665229,0.1537740243791741,0.1096953600977829,0.144584602943288,0.1524664357383248,0.1425919052597304,0.2158404674372093,0.1715279822985264,0.0944825957840338,0.161717059222986,0.1292533676348257,0.1585027271124558,0.1223193395433885,0.0939393769529658,0.0,0.1564169199154854,0.1578149289393793,0.2841697442010039,0.1738044712066375,0.1165435986230312,0.129737023275981,0.3073128637649353,0.1600993264885569,0.126464454336558,0.1219106184612727,0.102790689409675,0.1288575081156984,0.1329909583651833,0.1484237386470928,0.1588015258458242,0.1640742881818652,0.1394002287308556,0.2392500329732274,0.1369382594884958,0.1472262558934645,0.1338074527749372,0.4032178384500761,0.148458487934637
IS,0.1150092061927678,0.1145308924689605,0.0760776221195876,0.1457257230799131,0.0503279827041167,0.1039977332355495,0.0740941545155529,0.0430399501229762,0.1093500070183566,0.0683058513443157,0.0579536700040805,0.056206750723053,0.0512986737067735,0.0614584262545792,0.0533748817204395,0.1384214098895458,0.0563848659767899,0.0660360947171817,0.2246264308170531,0.1044454071684558,0.1380014788902764,0.096794228831103,0.0976163087398837,0.1564169199154854,0.0,0.1179974971111801,0.2844601389256063,0.1780247272917892,0.0609709610397201,0.0589778568855466,0.3107654485966754,0.0677814769209873,0.0944200109943028,0.1177016505266426,0.1285546528214253,0.0579729697448523,0.0488882846314696,0.0722162329843121,0.1408166680407808,0.1164016680325378,0.1080240402021098,0.0847907499280408,0.0595180530061766,0.0862520886954172,0.0726606865789057,0.4415827358749101,0.0678691725558805
IT,0.1378320532594166,0.1203899494014848,0.0903878343463636,0.1281713485145508,0.0780799580068694,0.0970801270094156,0.1490962848122592,0.0745420729669082,0.0891026010487477,0.0876570101113535,0.0909635886406003,0.0871182027931696,0.0973317509089444,0.0776127000345178,0.1069044102221088,0.2144288623522783,0.0974047818085332,0.0845195445303896,0.2154668306657043,0.0834996011448813,0.1343534447601819,0.0930792805628942,0.1040031931617174,0.1578149289393793,0.1179974971111801,0.0,0.2910705030590274,0.1721035746565833,0.0812873175664036,0.0870333893026712,0.3060080998287694,0.0955637995605963,0.1006782247832132,0.0935698971970516,0.1069063027150116,0.0817887351238452,0.1000388724898253,0.078632561032492,0.1076524043975537,0.0974869456943359,0.1086721243165843,0.161669846755495,0.0953425251057362,0.1018998963096551,0.0859514142662332,0.3586918222199053,0.088039433947373
LI,0.279586198229357,0.3295072416783494,0.2564445810169675,0.3274428928810626,0.275283307138553,0.2890763553005014,0.3345598892945197,0.2656096716682515,0.2762299516609068,0.2815950145125749,0.2658897900079822,0.2739641949258594,0.2837414283658869,0.2876788474849265,0.2952554491897682,0.3001296960865141,0.2935587460109577,0.2716248360358994,0.3010238906613948,0.3008376992232088,0.3240177466972147,0.2854205390594372,0.2887823713573124,0.2841697442010039,0.2844601389256063,0.2910705030590274,0.0,0.3264711069694824,0.2614170389633637,0.28797322789698,0.3667196180996743,0.2927869108320109,0.2990286127560643,0.2941066196080975,0.2846242789118755,0.2826113067279352,0.2822116839077664,0.2879178148383703,0.3100251060721466,0.3021983562245979,0.3149121283031422,0.34179270729966,0.2894684248507347,0.284618393106907,0.2746927082891092,0.403749889303129,0.2930754487365575
LT,0.1911962933936409,0.1720999260012516,0.1529218443126511,0.1586804534020141,0.1458738047508744,0.1387706229498387,0.2227474274743959,0.1536818250698544,0.1350114943920261,0.1426354281790858,0.1663517937819263,0.1288405204609101,0.1500105262433322,0.1561053129870641,0.1476160419988019,0.2634868912679289,0.1812419215195428,0.138610466236014,0.2462601011748546,0.1509928075201982,0.1708335403912899,0.1301110443068186,0.1486071774603498,0.1738044712066375,0.1780247272917892,0.1721035746565833,0.3264711069694824,0.0,0.1418347972407305,0.1309993201691924,0.35765375124666,0.1545354360842317,0.1417832541464825,0.1362400032401376,0.1512811856301221,0.1454429576342789,0.151821951376385,0.1521222017410306,0.1783532304780416,0.1659587523749223,0.1483576418516821,0.2279110482209163,0.1581074963112045,0.1557613221996697,0.1313170809697673,0.4517339043669151,0.1403243787456055
LU,0.0952593393233812,0.0937777258029997,0.0431211502438709,0.0937996764361172,0.0314692339270111,0.0664583578510832,0.1039962354866079,0.0286698082543332,0.0663164352112786,0.0502425492090751,0.0402649775710121,0.0342096986980486,0.04806237872397,0.0475806951484052,0.0585014567758094,0.1628351345081101,0.0508569061653385,0.0471829290621069,0.1831451166148315,0.0674433988495751,0.1028640957560884,0.0639856553251508,0.0783276531560711,0.1165435986230312,0.0609709610397201,0.0812873175664036,0.2614170389633637,0.1418347972407305,0.0,0.0456967638692625,0.2839603914974419,0.0580553583360027,0.060001470553947,0.0724556908779718,0.0817888957380903,0.0440771937845742,0.053355161250117,0.0532381191887791,0.0816458913761873,0.0862270595468228,0.0744559968462293,0.1139653404622245,0.0502561467104886,0.066783142812797,0.0472872546636415,0.4064211558962807,0.0556336410137844
LV,0.1099757105724957,0.0896903489191822,0.0526397920869431,0.0921428360057499,0.0338882680233381,0.0625296625505663,0.0570300921497669,0.0297425623761362,0.0721255461205822,0.0387159841711627,0.0402156506258146,0.0367013761261203,0.0230767739524168,0.0460630502692556,0.0386304037693128,0.1706301950836268,0.0499447667268917,0.0477074423985135,0.2114993325949936,0.071208528787763,0.1088776574405249,0.0639273504610975,0.0836857747588807,0.129737023275981,0.0589778568855466,0.0870333893026712,0.28797322789698,0.1309993201691924,0.0456967638692625,0.0,0.304450994760731,0.0306394385443241,0.0561290512745523,0.0729506594718658,0.1061899259460568,0.0316449916591797,0.039908487927272,0.0421210471383485,0.1112640150776024,0.0770989635846172,0.0656411604818389,0.0638211399222867,0.039852437828415,0.0684167816983152,0.047099634244224,0.4460736991768359,0.0278139141029575
MC,0.2958845677996211,0.3394763075049221,0.299199818723717,0.3331939332969087,0.2918867870069996,0.2988482300842835,0.3454914669634962,0.2900785425018041,0.2935874237447531,0.3060957481754855,0.2998550694211472,0.3045471580797291,0.3049069536700586,0.305296789175037,0.3012910867129754,0.3367504931862892,0.2855187801009807,0.2917177708798251,0.3190742326639872,0.3083644758338303,0.3312254336008454,0.3038946149964395,0.3182111274062561,0.3073128637649353,0.3107654485966754,0.3060080998287694,0.3667196180996743,0.35765375124666,0.2839603914974419,0.304450994760731,0.0,0.3077964158215786,0.3119035790756975,0.3185943341843635,0.3121874491595037,0.304808886214736,0.3176438392508407,0.32476274159034,0.3210508126191829,0.3231369490476562,0.3241149094997758,0.3529516334102426,0.3123361181630667,0.323866645188383,0.3025325282780252,0.4256092619852617,0.311453197935622
MD,0.1143420212279564,0.0983622121011564,0.0625079760406466,0.1033143679657472,0.0465189827077515,0.0685262453572937,0.0547253369506585,0.0408002005446369,0.083062193001449,0.0523764882504216,0.0509487999940215,0.0546485187322745,0.0385713830046468,0.0492186572362168,0.0545242639767187,0.17510422964911,0.0541805933125979,0.0659078822036193,0.224466415816636,0.0789075075177081,0.1191668035629031,0.0762680553587514,0.1053892458382178,0.1600993264885569,0.0677814769209873,0.0955637995605963,0.2927869108320109,0.1545354360842317,0.0580553583360027,0.0306394385443241,0.3077964158215786,0.0,0.0702547110837145,0.0830748965160149,0.1248027815435142,0.0470338526674463,0.0555727869405411,0.0492134132940503,0.1168274225613222,0.0624485127613885,0.0773645975746099,0.0669845189267416,0.0569279713715218,0.0762517992348411,0.0563484453269057,0.4400851578087554,0.0328025100319682
ME,0.1293653046614101,0.0628999158145527,0.0768618948293918,0.036381764650749,0.0717774239354539,0.0678825471498298,0.1278833388648047,0.0648597717638987,0.0674302815547329,0.0678497750523754,0.0762228423908848,0.0674695173816498,0.0740975127212035,0.0748050623996061,0.0766131034085056,0.1966957171335241,0.0943323152603959,0.0689228940662444,0.2053256950242925,0.0726889219129761,0.0719103873008807,0.0804890812898686,0.0842396396904909,0.126464454336558,0.0944200109943028,0.1006782247832132,0.2990286127560643,0.1417832541464825,0.060001470553947,0.0561290512745523,0.3119035790756975,0.0702547110837145,0.0,0.04076126246789,0.0910049631833496,0.0706064336555882,0.0752519706119501,0.0790456820987809,0.1074091274645877,0.0922783814282111,0.0246878219371413,0.1378907848508728,0.0742150176627246,0.075175440293331,0.0682415766707259,0.4311608239059274,0.0666051591336387
MK,0.136504471758816,0.0551022498937753,0.0873236234013272,0.04778464088858,0.0821091489131667,0.0635590724515136,0.1617370019231505,0.080355701555676,0.0611083887859872,0.0789382601815027,0.0967751719300473,0.0736361728641054,0.0956566180825834,0.0872986405278467,0.0992103176901144,0.2147985842647541,0.1138949418631972,0.0738714646841818,0.1939533337991232,0.066156840834693,0.0819275248629685,0.0804373341886219,0.0808068510386819,0.1219106184612727,0.1177016505266426,0.0935698971970516,0.2941066196080975,0.1362400032401376,0.0724556908779718,0.0729506594718658,0.3185943341843635,0.0830748965160149,0.04076126246789,0.0,0.0711014668151223,0.0809127915049355,0.0874342776790758,0.0819550266686314,0.1029899065676661,0.0855200174780643,0.0415048506664469,0.1709182513759538,0.0865740024876996,0.0754707127306228,0.0765541344698349,0.4169237101486549,0.0812125098674008
MT,0.1409893458626573,0.1084141876253138,0.1029306051580112,0.107974430278358,0.0946425230645454,0.0904103122562279,0.2140637873971481,0.0998850217341578,0.0645658729597543,0.0958943297151276,0.1227252241343443,0.0864648884585458,0.1228833665613823,0.1073272399634499,0.1239560759143688,0.2143756393725181,0.1353744924676934,0.075950316910925,0.1622626318737464,0.0808071446961063,0.1139350583207489,0.0856302027041752,0.0691211382790776,0.102790689409675,0.1285546528214253,0.1069063027150116,0.2846242789118755,0.1512811856301221,0.0817888957380903,0.1061899259460568,0.3121874491595037,0.1248027815435142,0.0910049631833496,0.0711014668151223,0.0,0.1057565209154898,0.1166552051246909,0.1053205296167675,0.100307200059218,0.1223478368976308,0.1007832863100559,0.2191057890808988,0.1120136937401958,0.1039730725621056,0.0890682978768461,0.3983544142206264,0.1157518938208159
NL,0.1035514128017949,0.1023795261758531,0.0482402039968676,0.1021214580447089,0.0221813702589824,0.0676287121737262,0.0641502801428651,0.0255302854783766,0.0772354839999777,0.0384325569017844,0.0322786020465619,0.0282000908163094,0.030907022073485,0.0401092485363789,0.0394355322392628,0.168399064639377,0.0434112791950326,0.0360170879238548,0.2122286568421535,0.0729036006516832,0.1144605048805468,0.0591404065134338,0.0767405557536797,0.1288575081156984,0.0579729697448523,0.0817887351238452,0.2826113067279352,0.1454429576342789,0.0440771937845742,0.0316449916591797,0.304808886214736,0.0470338526674463,0.0706064336555882,0.0809127915049355,0.1057565209154898,0.0,0.032570293676582,0.0409071959743961,0.1091313120682562,0.0744323687756246,0.0783442608240458,0.0748840234021186,0.0344249808584645,0.0708996258624319,0.0441735550783083,0.4398072916993915,0.0397890192856349
NO,0.1154364250997357,0.095004908418404,0.0588684321800967,0.1064013481986076,0.033995871515192,0.0839976728085816,0.0628021660549914,0.0353132552250117,0.0919043308723048,0.0418988910891028,0.0415281600801623,0.029748238426621,0.0332304831329762,0.0495947855858087,0.0363136215016101,0.1512353026072246,0.0482808820457439,0.0473032331544626,0.2238927717507337,0.0814353306063304,0.1152500137856871,0.0683708278128086,0.0894735180560704,0.1329909583651833,0.0488882846314696,0.1000388724898253,0.2822116839077664,0.151821951376385,0.053355161250117,0.039908487927272,0.3176438392508407,0.0555727869405411,0.0752519706119501,0.0874342776790758,0.1166552051246909,0.032570293676582,0.0,0.0518752227756083,0.1223081240055216,0.0875811432916204,0.0788831109246515,0.0717161208779919,0.0301425449831642,0.071532033800631,0.0511724836597959,0.4426451706873574,0.0453982842439151
PL,0.1117065762010851,0.1110866629844302,0.0581146775816477,0.105940512047817,0.0381843129957378,0.0698828337955043,0.0734896860118135,0.0401514609507477,0.0805759484038615,0.0452025351700304,0.0497214194717766,0.0478535169700211,0.0432777179042784,0.0480811370988812,0.0646401277361217,0.1772990354889579,0.0524224140311481,0.0575783844738524,0.2209004329568062,0.0748643124734494,0.119015060058776,0.0670715050495734,0.0940708698358016,0.1484237386470928,0.0722162329843121,0.078632561032492,0.2879178148383703,0.1521222017410306,0.0532381191887791,0.0421210471383485,0.32476274159034,0.0492134132940503,0.0790456820987809,0.0819550266686314,0.1053205296167675,0.0409071959743961,0.0518752227756083,0.0,0.0916924137519962,0.0749364306604448,0.0803234418713552,0.0829684228440188,0.0530819910053401,0.0613552623319023,0.0478465845551858,0.4297414237505326,0.0425221446043304
PT,0.1360531545874119,0.1337639364416896,0.1092941992909189,0.1234410216026795,0.0979355230510519,0.1058816374817011,0.1866467023272758,0.0950955922233155,0.0965712996188342,0.1025604094389051,0.1194984178284439,0.104758450193376,0.1181967797683279,0.0920471704733308,0.129489436085943,0.2241010431081488,0.1223322033131748,0.1036382037668351,0.2168535766849679,0.096714763686648,0.13405206859931,0.1024491506014595,0.1170804042871802,0.1588015258458242,0.1408166680407808,0.1076524043975537,0.3100251060721466,0.1783532304780416,0.0816458913761873,0.1112640150776024,0.3210508126191829,0.1168274225613222,0.1074091274645877,0.1029899065676661,0.100307200059218,0.1091313120682562,0.1223081240055216,0.0916924137519962,0.0,0.1246591050469243,0.1105737347343011,0.1937645503832885,0.1192061115041458,0.108497666325497,0.0991421809461936,0.4091551923593295,0.1119882626009797
RO,0.1455602355653034,0.1224221163219163,0.0883022850679904,0.1114826317772635,0.0766267173719877,0.0623547527946207,0.1234701417405983,0.0781126683800066,0.0945138637474776,0.0764042704555348,0.0864423985400174,0.0812667682526854,0.0820514582393001,0.082250873964078,0.0971141045275276,0.2059226059948177,0.095554407765942,0.0847317545406858,0.2257243029083743,0.0805367063054521,0.1304130905905786,0.0810753840590948,0.1171191967595097,0.1640742881818652,0.1164016680325378,0.0974869456943359,0.3021983562245979,0.1659587523749223,0.0862270595468228,0.0770989635846172,0.3231369490476562,0.0624485127613885,0.0922783814282111,0.0855200174780643,0.1223478368976308,0.0744323687756246,0.0875811432916204,0.0749364306604448,0.1246591050469243,0.0,0.0833641761625353,0.1347593169357532,0.0883920769833674,0.0987524913998533,0.0690493721743601,0.4206012267869914,0.0739053935832075
RS,0.1412185733737789,0.066019576506207,0.0836817587004977,0.030511383751683,0.0792219542568262,0.058599425387275,0.1292340723208135,0.0748938332545691,0.0761415809810478,0.0705464635203215,0.0827060604054183,0.0746706737954114,0.0823578611000022,0.0808271528803166,0.0841270404180399,0.2081594263058183,0.1011242067118812,0.0792776555345039,0.2149336615120055,0.0705234309887663,0.0707575720191402,0.0779813988576204,0.0984194039210214,0.1394002287308556,0.1080240402021098,0.1086721243165843,0.3149121283031422,0.1483576418516821,0.0744559968462293,0.0656411604818389,0.3241149094997758,0.0773645975746099,0.0246878219371413,0.0415048506664469,0.1007832863100559,0.0783442608240458,0.0788831109246515,0.0803234418713552,0.1105737347343011,0.0833641761625353,0.0,0.1375194325191161,0.0803087396323206,0.0787588716124113,0.0671593241802193,0.44445619818503,0.0669899018448414
RU,0.1573961648063481,0.1608846733599733,0.1109257179402509,0.1777291379908963,0.079911770555809,0.1342460385007028,0.0135031998308992,0.073155085179303,0.1650251601287342,0.0846566484305083,0.0683902920082243,0.098691845243038,0.0556511569975812,0.0853980719267779,0.0759569205472744,0.1896173116078521,0.065411806405192,0.1143186986008982,0.312998604180109,0.1489317557534526,0.1992446012158306,0.1378298476491506,0.1836555639553267,0.2392500329732274,0.0847907499280408,0.161669846755495,0.34179270729966,0.2279110482209163,0.1139653404622245,0.0638211399222867,0.3529516334102426,0.0669845189267416,0.1378907848508728,0.1709182513759538,0.2191057890808988,0.0748840234021186,0.0717161208779919,0.0829684228440188,0.1937645503832885,0.1347593169357532,0.1375194325191161,0.0,0.0811977776819633,0.1342859539742945,0.1047133616672925,0.5106658775284634,0.064593474949946
SE,0.1169778575780072,0.0954037786909941,0.053381459896748,0.1060737840882705,0.0329517666519816,0.0784884880314968,0.0734832244741018,0.0341677619269416,0.0806451403091337,0.0446887209430918,0.0398183163490324,0.0315356862864815,0.0394842902861064,0.0497290741086763,0.0418635168071106,0.164686366075858,0.049510647321589,0.0454750011864043,0.2204433198059711,0.0794856281588392,0.1170351671533701,0.0663320442541444,0.0863597898381591,0.1369382594884958,0.0595180530061766,0.0953425251057362,0.2894684248507347,0.1581074963112045,0.0502561467104886,0.039852437828415,0.3123361181630667,0.0569279713715218,0.0742150176627246,0.0865740024876996,0.1120136937401958,0.0344249808584645,0.0301425449831642,0.0530819910053401,0.1192061115041458,0.0883920769833674,0.0803087396323206,0.0811977776819633,0.0,0.0741943187257061,0.0517877163664702,0.4448333581898418,0.0493942842750825
SI,0.1293970512668232,0.1069294214118586,0.0751386109317472,0.0929796106210596,0.0632112231047545,0.077856044826474,0.1254616975803925,0.0632899412668281,0.0868450765110572,0.0511481381331102,0.0807888312205086,0.0631490166465705,0.0742460944666864,0.0762409729921802,0.0848631654354731,0.1879237408404748,0.0858701766982786,0.0700428370846008,0.2081727081792007,0.0824514005286685,0.0779505076678074,0.0757401389896859,0.0925210414131223,0.1472262558934645,0.0862520886954172,0.1018998963096551,0.284618393106907,0.1557613221996697,0.066783142812797,0.0684167816983152,0.323866645188383,0.0762517992348411,0.075175440293331,0.0754707127306228,0.1039730725621056,0.0708996258624319,0.071532033800631,0.0613552623319023,0.108497666325497,0.0987524913998533,0.0787588716124113,0.1342859539742945,0.0741943187257061,0.0,0.0563975694282185,0.4176263295376334,0.0689545561068983
SK,0.1157038618194324,0.101651351173117,0.052073178313189,0.0931021172770008,0.0374299646265551,0.0434956851143895,0.0967633214436758,0.0383246783707971,0.0638510513075609,0.0223670207366906,0.0523535933858244,0.0357606924019454,0.0465863020365683,0.0449001940511072,0.0486132324966963,0.1727384119528854,0.0571223386264415,0.0439252984327632,0.2013680310283784,0.0593284305178964,0.0938350523292044,0.0361257963575095,0.0780675239299375,0.1338074527749372,0.0726606865789057,0.0859514142662332,0.2746927082891092,0.1313170809697673,0.0472872546636415,0.047099634244224,0.3025325282780252,0.0563484453269057,0.0682415766707259,0.0765541344698349,0.0890682978768461,0.0441735550783083,0.0511724836597959,0.0478465845551858,0.0991421809461936,0.0690493721743601,0.0671593241802193,0.1047133616672925,0.0517877163664702,0.0563975694282185,0.0,0.420346737509031,0.0381557677490489
