ISO_CODE,AO,BF,BI,BJ,BW,CD,CF,CG,CI,CM,CV,DJ,DZ,EG,ER,ET,GA,GH,GM,GN,GQ,GW,KE,KM,LR,LS,LY,MA,MG,ML,MR,MU,MW,MZ,NA,NE,NG,RE,RW,SC,SL,SN,SO,SS,ST,SZ,TD,TG,TN,TZ,UG,YT,ZA,ZM,ZW
AO,0.0,0.5825176337165221,0.4164547922282993,0.5017780176621257,0.5341233723832695,0.4948145770310899,0.5640691074045505,0.5195586488976902,0.5562395767885312,0.5842466621757969,0.1857297021614783,0.5149128448666407,0.6046064571984886,0.7941400890544659,0.8580661140264383,0.5621599189083062,0.5587308565665099,0.6264836796320155,0.5349877735093247,0.5249216120681521,0.6471787710318659,0.3609346435540619,0.7099247862345507,0.5599048092840488,0.5108885747118673,0.6361472868733822,0.7124448337580742,0.615007768710861,0.5713539173779252,0.5453717292883868,0.5899218037540601,0.5655898162905557,0.5747868251507131,0.1848028743442953,0.566068011976071,0.5010873688190455,0.6791363847790866,0.5925312900397743,0.5787871108059284,0.6125644854908061,0.6044779360968361,0.5715239131189331,0.6447410571753631,0.6169721561278926,0.384578995649105,0.6350679615648935,0.5479276775797742,0.4841839711805973,0.6399716593281007,0.689522427936156,0.5438464441538732,0.5784534187147669,0.5330216395035985,0.5795300209696588,0.6737641755596865
BF,0.5825176337165221,0.0,0.3966353794249246,0.3361464561497767,0.5893875254389639,0.3673127640442044,0.4672183382944763,0.357158105116658,0.2595312451531683,0.3876840604836612,0.5690175172323694,0.4868643589465554,0.5673506811557725,0.7605840959561745,0.8612375622211726,0.5795381045580253,0.3914700946866911,0.594135950509742,0.4844020265609323,0.3112341499079263,0.664318388277897,0.5064427335293484,0.6906437628556958,0.5233042586637919,0.4379934149084802,0.678513580014242,0.6826156186767374,0.5960777685721617,0.5339988461962119,0.2668646561334011,0.4922280389201365,0.5989162738083909,0.6013930305343915,0.5382792512622232,0.6281847638842821,0.2665902653672958,0.6036255316722774,0.5981221698987473,0.6109571204902005,0.7002442076575716,0.5618662754835482,0.4291315503607382,0.6173368400377133,0.5598376287442803,0.7010831260125436,0.6913147882258728,0.4422148142610804,0.3101603986950184,0.5982326136130445,0.6817060476639475,0.5744250008170638,0.6119988191782217,0.6461210241384754,0.5584656774970251,0.6380561015452366
BI,0.4164547922282993,0.3966353794249246,0.0,0.2960923694948641,0.419499113217427,0.2951993548377111,0.3945507856728424,0.3425027485342787,0.3750401606907572,0.3971921222693502,0.433325685452019,0.3809857566598318,0.5225721942381827,0.7235578455214793,0.803379545280887,0.4438866959871959,0.3927369741632937,0.4828986240421511,0.4013224151104174,0.348546925578906,0.6057670766898733,0.3721193087173641,0.5582324463613897,0.4380274059043236,0.3533587198668445,0.5128233322071443,0.6356061095623236,0.5352952802613304,0.4440086058826057,0.3708385314687171,0.4550741683044587,0.4887900916051909,0.408402108508378,0.3812904056239747,0.4855352384581984,0.3002194817143571,0.5141172812703717,0.5586125503241204,0.3378012727710227,0.5344006428999046,0.4370021029487521,0.457393498464642,0.5109012159390229,0.4300264345932102,0.5976396346203223,0.5296973297918873,0.3772067074709178,0.2890778662223264,0.5742841761692878,0.4498445788890116,0.3484081701705357,0.5183320067637301,0.4493407262060648,0.4197452993746851,0.5387219269527223
BJ,0.5017780176621257,0.3361464561497767,0.2960923694948641,0.0,0.5237347430049517,0.3160942143275596,0.440833091499571,0.2716991180654252,0.2506291955735363,0.3247776906470909,0.5112227088351792,0.4545838149252785,0.5726861093250736,0.7707798618215068,0.8348419039801773,0.5584119513154123,0.3345769882973469,0.5123266322839387,0.474233095320193,0.2945019331871549,0.6249567655538365,0.4566658106214858,0.6673902430606924,0.4891339835640783,0.3943399219528863,0.6239173496667672,0.6884593337782383,0.5946689844160351,0.4653493454183377,0.3060188046802017,0.5147609055890434,0.5432952164485298,0.5159187291506526,0.4759450878425515,0.5572024213194718,0.2626818223694573,0.5190962618796635,0.5157833880576816,0.5618822853726018,0.6134491314599264,0.5009776511276285,0.4427033972065182,0.6201458454082102,0.5384763167066242,0.6634990224830315,0.6310793276583636,0.4049487142595849,0.1674838888271109,0.6036578224388687,0.6444913675988198,0.5006064023613915,0.5308605614225803,0.5514830385954305,0.4963012332992418,0.6171886338195556
BW,0.5341233723832695,0.5893875254389639,0.419499113217427,0.5237347430049517,0.0,0.5230799841821543,0.5747981064959508,0.5427766868395958,0.5788808779464638,0.5525569326806252,0.5637728720560269,0.5520184048251652,0.6027543926493535,0.772576622057195,0.7445123409056995,0.4088153702019553,0.5808450610767915,0.3553876982538597,0.4121748411829964,0.5787610827157732,0.6489077656564048,0.6012002219653424,0.4639114330421668,0.606942410055024,0.3891441781770532,0.1897005890872771,0.6862017394017723,0.6552326086528424,0.4054579142396608,0.5731079662052729,0.6232531603377578,0.4962778149291006,0.2264044501444503,0.4271947385203951,0.2963791819814311,0.4984402834602981,0.4082674663345464,0.5976174838011941,0.4095697335048643,0.5154688474393075,0.3089060472814458,0.6046603435731966,0.5711722597985056,0.2872651764681474,0.6891667386991474,0.2783330585260246,0.6131426961192661,0.4743574901140341,0.6277734030701764,0.4548627409264957,0.257481528313622,0.6423887468721432,0.25594016394878,0.1570247255181075,0.2370233167676531
CD,0.4948145770310899,0.3673127640442044,0.2951993548377111,0.3160942143275596,0.5230799841821543,0.0,0.4166715819704413,0.1484463166685565,0.3269221336956467,0.2752553269729786,0.5353168415907007,0.4900479987296555,0.566300040494229,0.7671905927693439,0.8322014416327465,0.5159511596817188,0.354965544319334,0.5362049199644835,0.4819964491998514,0.342320863473052,0.646031357270845,0.4694240076072049,0.6448954595062829,0.5115081998380635,0.4280185245553476,0.5945002932063836,0.6890796787917078,0.5803199020715959,0.4778993629218963,0.3581379300246011,0.5045555227496549,0.5627405941898298,0.5173308048887708,0.4816107917277323,0.5881127423637009,0.3400237557496925,0.5719271668105295,0.5811751376594536,0.4842736482426499,0.676281476825279,0.5060223420109302,0.4701475210976582,0.6070260648018944,0.5137637472046334,0.6668883200595654,0.613527392305849,0.4200599749416737,0.265371283320885,0.6164447102458288,0.5966318893515731,0.4663207391310633,0.5772947105079852,0.5795211595274411,0.4725278684203265,0.5895456305612594
CF,0.5640691074045505,0.4672183382944763,0.3945507856728424,0.440833091499571,0.5747981064959508,0.4166715819704413,0.0,0.4174610003346657,0.4801092840998981,0.4673836573104674,0.5435258971213994,0.4436567214402377,0.5525544419551578,0.6611107285114148,0.8076585799143419,0.5474253117367314,0.4852740266914667,0.5895505171599883,0.4940210385192554,0.4661826683956559,0.6341702099647578,0.4760901213950085,0.6839741089634989,0.5038602917608865,0.4712423386221687,0.6219959226049161,0.6320887701814181,0.552995471630777,0.539098419664738,0.4812797362826161,0.5002382059256602,0.5683467825423458,0.5627799817489605,0.5336065575996096,0.6061463234665401,0.4076939594410625,0.6437962264432658,0.6144533958741145,0.5739598200295818,0.5625130523133604,0.5526628548979972,0.5526362090310659,0.5772925274233245,0.5057467907998807,0.6398786092342312,0.6168654602237642,0.4558945927654243,0.4310642009417447,0.5770661133582033,0.6616377377759048,0.5213382521629476,0.5679852775532989,0.6023718239626298,0.5563998249423924,0.6355397955938471
CG,0.5195586488976902,0.357158105116658,0.3425027485342787,0.2716991180654252,0.5427766868395958,0.1484463166685565,0.4174610003346657,0.0,0.2914943733191912,0.2385834005210939,0.5536186589477523,0.4875829863342145,0.5867611821503831,0.7800536028396701,0.834866648982395,0.5762447502512025,0.3044389442288779,0.5608560361325137,0.4997271898414916,0.3187642429788246,0.6529421355916682,0.493794996597925,0.680942350363009,0.5116718843356162,0.4492230037568874,0.6236080391324956,0.7037283687667906,0.6034045827360703,0.4973194414734736,0.3281620363736989,0.5283052904857767,0.5562629189716568,0.5506291923612967,0.5199565070250424,0.5859569414793648,0.311759969316438,0.5805322931124286,0.5348214010799404,0.5569729584840237,0.6500455690783675,0.5412773121896577,0.4497458860195642,0.6402130964018902,0.5627748689427993,0.6841488747881874,0.6312071424776887,0.4147425540505078,0.2347040200254146,0.6184547466473457,0.6628326657548327,0.5182956726991341,0.5524624058916385,0.5756951762608256,0.5081764262223712,0.6255346740183034
CI,0.5562395767885312,0.2595312451531683,0.3750401606907572,0.2506291955735363,0.5788808779464638,0.3269221336956467,0.4801092840998981,0.2914943733191912,0.0,0.3198746636576741,0.5567217169458332,0.4729031489504748,0.5684457849785819,0.7594977864040621,0.8515746452108298,0.5972049364114992,0.3549174245273188,0.5692639814942231,0.4950728136883435,0.2391870149602544,0.6358640426579139,0.4986346760605032,0.7082131389386479,0.5036360968304644,0.4551988118267673,0.6762750022176265,0.6868096944681803,0.5897720277529679,0.5169141235247223,0.1997903176793004,0.5007455170273892,0.5661516000197433,0.5825420067204932,0.5216967935760787,0.6095739294567037,0.2529640805644875,0.622595309007117,0.5543406835463988,0.6129433903799775,0.67123548240264,0.5757897354703634,0.3832958496912773,0.6195561327237238,0.5939336237377223,0.7001256815013749,0.678831603451034,0.4118135979167047,0.2304419843797206,0.5893612872898477,0.6797119063620057,0.5703135871679301,0.5608749422703716,0.6135720857241288,0.5530905394470211,0.6484645011089349
CM,0.5842466621757969,0.3876840604836612,0.3971921222693502,0.3247776906470909,0.5525569326806252,0.2752553269729786,0.4673836573104674,0.2385834005210939,0.3198746636576741,0.0,0.6181896874777025,0.5635685261058899,0.6414952961944311,0.8037954377774148,0.8480111249657004,0.5722252869953537,0.3866226830367503,0.534422294161384,0.5120038281268868,0.3618338241885447,0.6237708564649505,0.5419492934016081,0.6797732929998354,0.5940484662192935,0.4743592902299833,0.6002878345371745,0.7330700227139524,0.6632867313597484,0.5451222199059594,0.3734355188417588,0.5884916924762156,0.6526753172930821,0.5624952545060107,0.5472971060402869,0.614403478458054,0.3495872895478816,0.5503551638366392,0.6592617781336005,0.5770295154254512,0.7106349015401181,0.500188756405943,0.5197024040758902,0.65815381695867,0.5426097519935534,0.718566287593703,0.6292581110005355,0.467305637450193,0.2705364265281501,0.6849391001562165,0.6397772131532233,0.5226887149750501,0.6505610086106591,0.6190550183719135,0.4957772011136167,0.6019174014217235
CV,0.1857297021614783,0.5690175172323694,0.433325685452019,0.5112227088351792,0.5637728720560269,0.5353168415907007,0.5435258971213994,0.5536186589477523,0.5567217169458332,0.6181896874777025,0.0,0.4759577909222189,0.5706846287071297,0.7690697244073372,0.8372864749894631,0.5724368766240061,0.5631664582295983,0.6372221483014614,0.513185953519166,0.5125138660478028,0.6352017531396372,0.3503846072808053,0.7139639225512098,0.5422625681474011,0.5131658958295253,0.6538825552609766,0.6884420319976257,0.587212457692317,0.5668792569517157,0.5522542545190866,0.5710072969757714,0.5302570404374277,0.5911823995361378,0.2385282640626733,0.5830547705434959,0.4922536641826063,0.6945137307244549,0.5741244455834941,0.6042895958498954,0.5811053449069017,0.6190900470669519,0.5545240107693257,0.6215259547354945,0.6210341430520238,0.3733500954305149,0.6500648036544461,0.5396077939676783,0.494319757709255,0.6107523455576427,0.7017620242206148,0.570799420386829,0.5491296240156077,0.5532995067819986,0.6049183923116745,0.6972134271684466
DJ,0.5149128448666407,0.4868643589465554,0.3809857566598318,0.4545838149252785,0.5520184048251652,0.4900479987296555,0.4436567214402377,0.4875829863342145,0.4729031489504748,0.5635685261058899,0.4759577909222189,0.0,0.4235056160303813,0.5970002212726747,0.7927321423548825,0.4957840124932438,0.4784366788184597,0.6251120137750216,0.436125273469481,0.4446223037384794,0.6261017466877685,0.4228747076090715,0.6855832988607726,0.360558170121634,0.4650705869302619,0.6388866990342467,0.5239707088746897,0.4534260427198853,0.5054934407953076,0.4528399432213166,0.3913665853679351,0.4609834729852633,0.5437002529724921,0.4914240308049856,0.5723956790106175,0.3184541721877044,0.6755330146842242,0.4986670030099283,0.5723841763801374,0.5171304492160611,0.5823177419457999,0.4958931529275123,0.3774853041755407,0.5414801651098619,0.6340125773537704,0.6209556808055061,0.3322144211164825,0.4291300917271526,0.4433880318539802,0.6924644187406666,0.5393910754408465,0.437996909455413,0.5635732779413021,0.5835109963706985,0.6344712049480075
DZ,0.6046064571984886,0.5673506811557725,0.5225721942381827,0.5726861093250736,0.6027543926493535,0.566300040494229,0.5525544419551578,0.5867611821503831,0.5684457849785819,0.6414952961944311,0.5706846287071297,0.4235056160303813,0.0,0.3223301539135098,0.8157699110572183,0.5779130013478015,0.5986512574000689,0.6614923948500144,0.5625050186303681,0.5487105899519167,0.688669970923951,0.5488319379403394,0.6907100227054161,0.5643816716229523,0.5489669868496143,0.6856196193647054,0.2251347403323205,0.2586171070762643,0.5822302191917423,0.5607351751831414,0.2348679704555398,0.5733243182410908,0.6540563986188868,0.5596912712453115,0.6414452258004582,0.4728565795997227,0.6508635562500905,0.6287008163307385,0.6608668553312753,0.6658146459716017,0.6504115444700092,0.5909995940693865,0.4715481233349126,0.5709255045039887,0.7185059692978928,0.7043579666787264,0.4795184972291286,0.555634367573006,0.2139922010121884,0.7040253586817804,0.5979851146490076,0.6185570948393433,0.6195340057606136,0.5998799135019104,0.7127825828262015
EG,0.7941400890544659,0.7605840959561745,0.7235578455214793,0.7707798618215068,0.772576622057195,0.7671905927693439,0.6611107285114148,0.7800536028396701,0.7594977864040621,0.8037954377774148,0.7690697244073372,0.5970002212726747,0.3223301539135098,0.0,0.8613105666014322,0.7482728047562438,0.7865959374439211,0.8017246248811873,0.730234258540527,0.7547979557086124,0.8232212297044873,0.7486277972965709,0.7965607118325336,0.7310566987570041,0.7528878398325496,0.823670690554061,0.2749243619985977,0.4135842026205151,0.784542551607125,0.7761315184222646,0.4346382516288524,0.7435684263403253,0.8000697228604768,0.7577731434234172,0.7927004606945379,0.6815886467689994,0.7910749340695586,0.8165987039295156,0.8085119547178042,0.7754793298781699,0.8016112119399772,0.7696822930439544,0.5688427355269347,0.7190773280771381,0.8443975602670979,0.8378353403708388,0.6657700767110637,0.7587699059101244,0.3622565845100336,0.8032260785579862,0.7522033506544197,0.7879061381382484,0.7782618157235851,0.7648709157914879,0.8386523563469872
ER,0.8580661140264383,0.8612375622211726,0.803379545280887,0.8348419039801773,0.7445123409056995,0.8322014416327465,0.8076585799143419,0.834866648982395,0.8515746452108298,0.8480111249657004,0.8372864749894631,0.7927321423548825,0.8157699110572183,0.8613105666014322,0.0,0.7137614512643193,0.8569404352378758,0.7777337088359099,0.759263895823262,0.8376508225904348,0.8457793447628648,0.8243860961407276,0.8227428395669044,0.8036639457897956,0.7855285988352829,0.7429909681496075,0.852551287401927,0.8417313924867491,0.7355515325927076,0.8496285229820494,0.8241786989625158,0.7817325274014377,0.7672381342421839,0.8100507559735961,0.8002816649060296,0.8025726885906579,0.8176065562729753,0.8705563109080002,0.7898274440383115,0.7796089219928523,0.7229851257708252,0.8522968143775411,0.7380557541976698,0.7034843688802748,0.8690859569249096,0.7621982923624802,0.8354324728225724,0.8186302112935847,0.8330621437212559,0.7971415326565289,0.7529702039245454,0.8402145166352509,0.8141556214227968,0.768101806474581,0.7845145407922912
ET,0.5621599189083062,0.5795381045580253,0.4438866959871959,0.5584119513154123,0.4088153702019553,0.5159511596817188,0.5474253117367314,0.5762447502512025,0.5972049364114992,0.5722252869953537,0.5724368766240061,0.4957840124932438,0.5779130013478015,0.7482728047562438,0.7137614512643193,0.0,0.6203736389438308,0.4265498366053879,0.3587205497276415,0.5255918072465329,0.6872251123995193,0.5412135447375813,0.545873391373358,0.5669086600373311,0.4363888179930639,0.3888935961024429,0.656348880757522,0.6122114881239249,0.4148689747869252,0.531938202794177,0.5549824449588923,0.5693748468559771,0.4122245403243376,0.4379902435155923,0.5291266765903273,0.4557814635778453,0.4975071453510196,0.692294159993678,0.4382514220031959,0.6301215173281192,0.3044700567498617,0.5956583017325421,0.4293326909332372,0.2909589900433026,0.6994234088684042,0.443479801528655,0.5434508141011051,0.51367851007351,0.6324201255300125,0.457461223256803,0.3360703564346667,0.671072980734983,0.5205693970943134,0.4405074924213872,0.4087308774451049
GA,0.5587308565665099,0.3914700946866911,0.3927369741632937,0.3345769882973469,0.5808450610767915,0.354965544319334,0.4852740266914667,0.3044389442288779,0.3549174245273188,0.3866226830367503,0.5631664582295983,0.4784366788184597,0.5986512574000689,0.7865959374439211,0.8569404352378758,0.6203736389438308,0.0,0.6141886719909531,0.5308550670794853,0.3630665858266245,0.6530826967970011,0.5251889418237521,0.7159041976326617,0.5389326369258969,0.4732128122695405,0.6809048939750674,0.7039184757026621,0.610079737965409,0.5347197448305867,0.318020223701335,0.521232529316167,0.5959908984384086,0.5735952802231079,0.5303895600393518,0.5863898956352687,0.3272838892058949,0.6451133967360152,0.5664770370088485,0.6256093024297712,0.6586186059458821,0.582198417255551,0.4663811014351393,0.6374390757756861,0.6110421753389511,0.6933788843539109,0.6770898659889406,0.4239419537346579,0.320132191593286,0.6154057830883932,0.707779028428811,0.5774441624749483,0.590625728450116,0.6084038035337779,0.5544789435964078,0.6480221935624378
GH,0.6264836796320155,0.594135950509742,0.4828986240421511,0.5123266322839387,0.3553876982538597,0.5362049199644835,0.5895505171599883,0.5608560361325137,0.5692639814942231,0.534422294161384,0.6372221483014614,0.6251120137750216,0.6614923948500144,0.8017246248811873,0.7777337088359099,0.4265498366053879,0.6141886719909531,0.0,0.3981901892434935,0.5439796870029017,0.69492649533755,0.6185108743683849,0.5428278545496191,0.6611255361470872,0.3479343464438713,0.355211769206726,0.7333214000248194,0.6972363527073311,0.447660792564286,0.5610628716117076,0.635253904388338,0.6456461165360812,0.3417657299383873,0.5052372803016636,0.4972500806006645,0.4839658954855546,0.3280988031302916,0.7198878863173516,0.4657480895788233,0.6507368554760111,0.225778618525147,0.6218466897399926,0.5915614382052559,0.3181162745916053,0.7482387031778802,0.4160571033758219,0.6337491800640108,0.4214759462629088,0.7094909824384512,0.4558637074403944,0.3014933541983553,0.7243960119356159,0.5216333019909565,0.3091440480933877,0.3681930778201756
GM,0.5349877735093247,0.4844020265609323,0.4013224151104174,0.474233095320193,0.4121748411829964,0.4819964491998514,0.4940210385192554,0.4997271898414916,0.4950728136883435,0.5120038281268868,0.513185953519166,0.436125273469481,0.5625050186303681,0.730234258540527,0.759263895823262,0.3587205497276415,0.5308550670794853,0.3981901892434935,0.0,0.4178312125903554,0.6267261124459911,0.4563110965544332,0.575830303787864,0.4999897454613843,0.2861875202674797,0.4314396007663519,0.6404855169747032,0.5859082449041682,0.4781681086481885,0.4169026086772427,0.4919742671569039,0.5449237690351514,0.374975303310079,0.4496272164913463,0.4828311933148775,0.3535512445944608,0.4438288817224197,0.6669883522807707,0.4570459216639607,0.5737617534805702,0.2797073544477554,0.4478195936671556,0.4456676664062028,0.3188177064893428,0.6619328397465278,0.4475258821933259,0.4899085650878283,0.4252335786257327,0.6070921368222046,0.5185824389863645,0.3462275602133882,0.6104258833272791,0.4985403868436356,0.4000682728352768,0.4182615391603573
GN,0.5249216120681521,0.3112341499079263,0.348546925578906,0.2945019331871549,0.5787610827157732,0.342320863473052,0.4661826683956559,0.3187642429788246,0.2391870149602544,0.3618338241885447,0.5125138660478028,0.4446223037384794,0.5487105899519167,0.7547979557086124,0.8376508225904348,0.5255918072465329,0.3630665858266245,0.5439796870029017,0.4178312125903554,0.0,0.6305244845957743,0.4157534090266398,0.6976263238848153,0.4689430255494373,0.3900137237016701,0.6570730169596819,0.6770583116861898,0.5670008402669469,0.507186732053077,0.1678608179779291,0.4370677365365121,0.5780529257753249,0.5724545046930444,0.4744770997863303,0.6026014094811106,0.1882059322296274,0.583405073558583,0.6084870598988279,0.5795209517265605,0.6806874751996718,0.4919882762377353,0.3359961717113738,0.57394582149238,0.5492737117754034,0.6737178345046113,0.6642938760282833,0.3597493642668072,0.2611784458741875,0.6068684922350582,0.6531365317538215,0.5232562214739785,0.5735236098435676,0.6144414199083885,0.555392522576234,0.6369498391179447
GQ,0.6471787710318659,0.664318388277897,0.6057670766898733,0.6249567655538365,0.6489077656564048,0.646031357270845,0.6341702099647578,0.6529421355916682,0.6358640426579139,0.6237708564649505,0.6352017531396372,0.6261017466877685,0.688669970923951,0.8232212297044873,0.8457793447628648,0.6872251123995193,0.6530826967970011,0.69492649533755,0.6267261124459911,0.6305244845957743,0.0,0.6118968396247098,0.7759741461290405,0.6522340157298541,0.6122903640256312,0.7252347035483839,0.7709271070900723,0.698647046058213,0.6634475757632958,0.6322372610084307,0.681915007,0.6814295225677953,0.6603734067824581,0.641849541599389,0.6726723885525203,0.6112660762089219,0.7392721014549064,0.7148591361643941,0.6992452262027498,0.6667911401590662,0.6682253233987407,0.678219781542409,0.7311896084665375,0.6772486489642571,0.7308242655402035,0.7179783618553998,0.6485278183097068,0.5960658601827766,0.7158021562296999,0.7533664092767847,0.6576003776305206,0.6883180254225947,0.6923236117367055,0.6485475648942278,0.7321517612258082
GW,0.3609346435540619,0.5064427335293484,0.3721193087173641,0.4566658106214858,0.6012002219653424,0.4694240076072049,0.4760901213950085,0.493794996597925,0.4986346760605032,0.5419492934016081,0.3503846072808053,0.4228747076090715,0.5488319379403394,0.7486277972965709,0.8243860961407276,0.5412135447375813,0.5251889418237521,0.6185108743683849,0.4563110965544332,0.4157534090266398,0.6118968396247098,0.0,0.7204949321718946,0.4320437262303478,0.4864690635246581,0.6640511904816594,0.684779155735838,0.5498361024012233,0.5865438450314655,0.4772415931281034,0.4951920740772269,0.5579409936405622,0.5818724741570167,0.3598729879008445,0.6044370410922424,0.4079152157540825,0.6835754667002655,0.6409088610943874,0.5772863932570156,0.5873839183124205,0.6016528527562055,0.4866295333081031,0.5784403865034417,0.5927278874914457,0.4986462714683091,0.6479988937056224,0.4590450684207222,0.436132921613332,0.6108639273839513,0.6824014442879451,0.5574891054990028,0.5424897606673756,0.5796119465840712,0.621924030601577,0.6886674265677919
KE,0.7099247862345507,0.6906437628556958,0.5582324463613897,0.6673902430606924,0.4639114330421668,0.6448954595062829,0.6839741089634989,0.680942350363009,0.7082131389386479,0.6797732929998354,0.7139639225512098,0.6855832988607726,0.6907100227054161,0.7965607118325336,0.8227428395669044,0.545873391373358,0.7159041976326617,0.5428278545496191,0.575830303787864,0.6976263238848153,0.7759741461290405,0.7204949321718946,0.0,0.7268523860619639,0.5432370476978958,0.5240866874613603,0.7281504494056119,0.7442485199859932,0.6192383457254248,0.6969032956542351,0.7193195042442263,0.6744198799653867,0.4931235506342835,0.6171243404345722,0.5493059775916194,0.6253521695409667,0.5359197024516436,0.7633889834587285,0.5529251789808163,0.6702718877346197,0.5212171952231793,0.7329144633824265,0.6442464058150973,0.4398975853359055,0.7980038818036217,0.5584900051304,0.716775045702877,0.6433796002875511,0.7392790572540289,0.5146579128282512,0.4099516156319086,0.7818263676635323,0.5551420359162306,0.4193164472452919,0.5048092707144395
KM,0.5599048092840488,0.5233042586637919,0.4380274059043236,0.4891339835640783,0.606942410055024,0.5115081998380635,0.5038602917608865,0.5116718843356162,0.5036360968304644,0.5940484662192935,0.5422625681474011,0.360558170121634,0.5643816716229523,0.7310566987570041,0.8036639457897956,0.5669086600373311,0.5389326369258969,0.6611255361470872,0.4999897454613843,0.4689430255494373,0.6522340157298541,0.4320437262303478,0.7268523860619639,0.0,0.5196299875498734,0.6687478238968272,0.6663360688700041,0.5613715664401568,0.5601284988810079,0.5026843186607453,0.5316344750197983,0.5581864161069783,0.6115080067732359,0.5461831450479391,0.6390658733627934,0.3908365936900119,0.7025462660938002,0.5867271802134785,0.6036398666173186,0.6024004163023908,0.6242880044524631,0.5172909825374465,0.5080971546525822,0.5837170196231887,0.6563923012801649,0.6559525539453382,0.4340842031743659,0.4763226361717756,0.5825268795860706,0.6986276131791556,0.5803099924494608,0.4657064469750647,0.627933917650389,0.630208665506249,0.6764957499403509
LR,0.5108885747118673,0.4379934149084802,0.3533587198668445,0.3943399219528863,0.3891441781770532,0.4280185245553476,0.4712423386221687,0.4492230037568874,0.4551988118267673,0.4743592902299833,0.5131658958295253,0.4650705869302619,0.5489669868496143,0.7528878398325496,0.7855285988352829,0.4363888179930639,0.4732128122695405,0.3479343464438713,0.2861875202674797,0.3900137237016701,0.6122903640256312,0.4864690635246581,0.5432370476978958,0.5196299875498734,0.0,0.5191228072037497,0.6484951629473495,0.5794774161741165,0.5146364513722083,0.4056851418175241,0.5228889864516926,0.5779092902625103,0.3144568203097799,0.4520638596173727,0.4302681688897803,0.3430891373779006,0.3430009854455249,0.6580029518729751,0.492503098710219,0.5882126073588668,0.297982782932553,0.506303243010501,0.5312045811491406,0.3683225681803261,0.6576472267980888,0.5221026710230141,0.4893520817657922,0.3586077183836706,0.5948257474115797,0.576172254029518,0.3524160770319121,0.6099200765939208,0.5026379494974292,0.3060539314344082,0.4568761038768055
LS,0.6361472868733822,0.678513580014242,0.5128233322071443,0.6239173496667672,0.1897005890872771,0.5945002932063836,0.6219959226049161,0.6236080391324956,0.6762750022176265,0.6002878345371745,0.6538825552609766,0.6388866990342467,0.6856196193647054,0.823670690554061,0.7429909681496075,0.3888935961024429,0.6809048939750674,0.355211769206726,0.4314396007663519,0.6570730169596819,0.7252347035483839,0.6640511904816594,0.5240866874613603,0.6687478238968272,0.5191228072037497,0.0,0.7445090060223667,0.7387937573767751,0.3951532984692957,0.6445989661642251,0.6846373943059025,0.6110399196673827,0.2688035427965591,0.4758347569096047,0.3798639730325227,0.5685110235095057,0.4492175187898199,0.7085131819404115,0.4181091021669706,0.6006169927300746,0.2646353781410898,0.6762387910984643,0.5755237415208931,0.239673551225697,0.752500087162482,0.1727345200144503,0.6795308313227846,0.5631426723055453,0.7240922931029803,0.4248312957563087,0.2818359478227927,0.7115112272710096,0.3088585635193206,0.2546765672987465,0.1754976571572054
LY,0.7124448337580742,0.6826156186767374,0.6356061095623236,0.6884593337782383,0.6862017394017723,0.6890796787917078,0.6320887701814181,0.7037283687667906,0.6868096944681803,0.7330700227139524,0.6884420319976257,0.5239707088746897,0.2251347403323205,0.2749243619985977,0.852551287401927,0.656348880757522,0.7039184757026621,0.7333214000248194,0.6404855169747032,0.6770583116861898,0.7709271070900723,0.684779155735838,0.7281504494056119,0.6663360688700041,0.6484951629473495,0.7445090060223667,0.0,0.367401558183672,0.6943952203434338,0.6850856490085973,0.3261937104616477,0.6789090342897685,0.730984054740315,0.6677703047174902,0.7130538762009517,0.5803905706413601,0.7143592544176269,0.7417354252425833,0.7364875279012225,0.7316290352792739,0.713754754329591,0.7074838175807822,0.4879458455356689,0.619274973130337,0.7878762032372149,0.7647905882511461,0.560792430785542,0.6845131898954708,0.2834926126841303,0.748937403236462,0.6736999537006982,0.7211867027937005,0.6992813470374843,0.6726585830892917,0.7683466716961008
MA,0.615007768710861,0.5960777685721617,0.5352952802613304,0.5946689844160351,0.6552326086528424,0.5803199020715959,0.552995471630777,0.6034045827360703,0.5897720277529679,0.6632867313597484,0.587212457692317,0.4534260427198853,0.2586171070762643,0.4135842026205151,0.8417313924867491,0.6122114881239249,0.610079737965409,0.6972363527073311,0.5859082449041682,0.5670008402669469,0.698647046058213,0.5498361024012233,0.7442485199859932,0.5613715664401568,0.5794774161741165,0.7387937573767751,0.367401558183672,0.0,0.6200446996882355,0.5860492856074615,0.3355579285568854,0.6110757948893943,0.6928651341385607,0.5866571796269279,0.6853700196466976,0.5036981059588963,0.705823336391015,0.6596260115240083,0.6880376437991405,0.6960764818335358,0.6840223977985661,0.6002003440319292,0.5172084531564787,0.6332389715773723,0.7175910570799369,0.7403841604317802,0.5066521553660219,0.5797427005256083,0.3498339652039448,0.7380127441457194,0.6412740500345948,0.6413272039769069,0.6630159252847714,0.6645399369604105,0.7522039010396153
MG,0.5713539173779252,0.5339988461962119,0.4440086058826057,0.4653493454183377,0.4054579142396608,0.4778993629218963,0.539098419664738,0.4973194414734736,0.5169141235247223,0.5451222199059594,0.5668792569517157,0.5054934407953076,0.5822302191917423,0.784542551607125,0.7355515325927076,0.4148689747869252,0.5347197448305867,0.447660792564286,0.4781681086481885,0.507186732053077,0.6634475757632958,0.5865438450314655,0.6192383457254248,0.5601284988810079,0.5146364513722083,0.3951532984692957,0.6943952203434338,0.6200446996882355,0.0,0.4748291021598492,0.5706472429058133,0.4895208841759677,0.4624021681211531,0.4585242538856828,0.5520549940080983,0.4319211997734724,0.5521450953329292,0.4946672070160222,0.4994373839309395,0.6193983362909606,0.3482109983565818,0.5334497735916169,0.5619120479541687,0.3631570911006455,0.7108598780358577,0.4666896637151733,0.5488255472639256,0.4407685723860206,0.5830961937638002,0.5084398867193335,0.4153547398099939,0.5766428656242926,0.5216709388715782,0.4627523579204522,0.453603241476036
ML,0.5453717292883868,0.2668646561334011,0.3708385314687171,0.3060188046802017,0.5731079662052729,0.3581379300246011,0.4812797362826161,0.3281620363736989,0.1997903176793004,0.3734355188417588,0.5522542545190866,0.4528399432213166,0.5607351751831414,0.7761315184222646,0.8496285229820494,0.531938202794177,0.318020223701335,0.5610628716117076,0.4169026086772427,0.1678608179779291,0.6322372610084307,0.4772415931281034,0.6969032956542351,0.5026843186607453,0.4056851418175241,0.6445989661642251,0.6850856490085973,0.5860492856074615,0.4748291021598492,0.0,0.4309456080203001,0.5865778758650562,0.560567128726273,0.4812415846625356,0.5928955005184573,0.1852767168740747,0.5859684338185867,0.6121588075420372,0.5827353604138711,0.6885206538917948,0.4910751517574396,0.3174338104891904,0.584648601398613,0.5328449418610849,0.7022977520904022,0.6536003631746533,0.3833798710814921,0.2718666846147882,0.5928295997370275,0.6576653632764599,0.5440493253954696,0.595577032490308,0.6250770719460516,0.5432341577855085,0.6086692206400344
MR,0.5899218037540601,0.4922280389201365,0.4550741683044587,0.5147609055890434,0.6232531603377578,0.5045555227496549,0.5002382059256602,0.5283052904857767,0.5007455170273892,0.5884916924762156,0.5710072969757714,0.3913665853679351,0.2348679704555398,0.4346382516288524,0.8241786989625158,0.5549824449588923,0.521232529316167,0.635253904388338,0.4919742671569039,0.4370677365365121,0.681915007,0.4951920740772269,0.7193195042442263,0.5316344750197983,0.5228889864516926,0.6846373943059025,0.3261937104616477,0.3355579285568854,0.5706472429058133,0.4309456080203001,0.0,0.6337017310761592,0.6238010919701698,0.5362628183587211,0.6578204955004021,0.3891388733093875,0.6627551288356437,0.6829150542687034,0.6308573303446476,0.6772494727104317,0.5821198328824346,0.4673255853476097,0.4900670258823446,0.5331420828208868,0.6988800657160638,0.6909526301207325,0.3903533072061577,0.488011963728467,0.3617746657406544,0.682965050213568,0.5771359617192879,0.6334488475933858,0.6569077841941527,0.6189831167676034,0.685085788691155
MU,0.5655898162905557,0.5989162738083909,0.4887900916051909,0.5432952164485298,0.4962778149291006,0.5627405941898298,0.5683467825423458,0.5562629189716568,0.5661516000197433,0.6526753172930821,0.5302570404374277,0.4609834729852633,0.5733243182410908,0.7435684263403253,0.7817325274014377,0.5693748468559771,0.5959908984384086,0.6456461165360812,0.5449237690351514,0.5780529257753249,0.6814295225677953,0.5579409936405622,0.6744198799653867,0.5581864161069783,0.5779092902625103,0.6110399196673827,0.6789090342897685,0.6110757948893943,0.4895208841759677,0.5865778758650562,0.6337017310761592,0.0,0.539441561201587,0.5498975063281636,0.5316750451114985,0.5117096454986212,0.7044767227316734,0.3540454573145059,0.6281333596165755,0.4298476591240545,0.626846689001689,0.6089141096096788,0.5931595529856316,0.6062444468742069,0.6608356598383567,0.5943449911555168,0.5745023618754077,0.5189073768785428,0.5481799930600857,0.7053478781988307,0.5488283376234377,0.5005537265677338,0.4319725523905297,0.5541239296929934,0.6603330591394394
MW,0.5747868251507131,0.6013930305343915,0.408402108508378,0.5159187291506526,0.2264044501444503,0.5173308048887708,0.5627799817489605,0.5506291923612967,0.5825420067204932,0.5624952545060107,0.5911823995361378,0.5437002529724921,0.6540563986188868,0.8000697228604768,0.7672381342421839,0.4122245403243376,0.5735952802231079,0.3417657299383873,0.374975303310079,0.5724545046930444,0.6603734067824581,0.5818724741570167,0.4931235506342835,0.6115080067732359,0.3144568203097799,0.2688035427965591,0.730984054740315,0.6928651341385607,0.4624021681211531,0.560567128726273,0.6238010919701698,0.539441561201587,0.0,0.4587953321598934,0.3352236114099675,0.4990881095595565,0.4173736862554023,0.6439822620420181,0.4057404735483317,0.5374260439368354,0.289837818451694,0.6207815079873328,0.5768687836597695,0.3053058421020159,0.7158838632271317,0.3077027878833566,0.6047669071633242,0.4640792254934425,0.6871158521318891,0.4687932156384835,0.2644935947841074,0.654430638767336,0.3525510905518028,0.1912193288806781,0.2156990951205321
MZ,0.1848028743442953,0.5382792512622232,0.3812904056239747,0.4759450878425515,0.4271947385203951,0.4816107917277323,0.5336065575996096,0.5199565070250424,0.5216967935760787,0.5472971060402869,0.2385282640626733,0.4914240308049856,0.5596912712453115,0.7577731434234172,0.8100507559735961,0.4379902435155923,0.5303895600393518,0.5052372803016636,0.4496272164913463,0.4744770997863303,0.641849541599389,0.3598729879008445,0.6171243404345722,0.5461831450479391,0.4520638596173727,0.4758347569096047,0.6677703047174902,0.5866571796269279,0.4585242538856828,0.4812415846625356,0.5362628183587211,0.5498975063281636,0.4587953321598934,0.0,0.5019082307998016,0.4351435008352193,0.5704857862877484,0.6157547314411311,0.4903682055262311,0.6057041206486836,0.4501615722277553,0.5423397903242088,0.5530651676880481,0.4510664749125117,0.4248365025401244,0.5152122190919131,0.5239820077503857,0.45002493677915,0.6112741103300943,0.535602636970512,0.4215327039942291,0.5966854875348025,0.4989777297555176,0.4717915593914614,0.4914152043222031
NA,0.566068011976071,0.6281847638842821,0.4855352384581984,0.5572024213194718,0.2963791819814311,0.5881127423637009,0.6061463234665401,0.5859569414793648,0.6095739294567037,0.614403478458054,0.5830547705434959,0.5723956790106175,0.6414452258004582,0.7927004606945379,0.8002816649060296,0.5291266765903273,0.5863898956352687,0.4972500806006645,0.4828311933148775,0.6026014094811106,0.6726723885525203,0.6044370410922424,0.5493059775916194,0.6390658733627934,0.4302681688897803,0.3798639730325227,0.7130538762009517,0.6853700196466976,0.5520549940080983,0.5928955005184573,0.6578204955004021,0.5316750451114985,0.3352236114099675,0.5019082307998016,0.0,0.5392350611357255,0.519240721963393,0.6331615940488622,0.523105358816175,0.5237721921685004,0.4788861169305275,0.6406433667761772,0.6480568911872264,0.4541986159050603,0.6883452319588885,0.3694902822284213,0.6307242942142519,0.5271077655455678,0.6750150756458007,0.59854748374529,0.390224619472538,0.665102335349459,0.2808914077669107,0.2773691636384646,0.3798923215983265
NE,0.5010873688190455,0.2665902653672958,0.3002194817143571,0.2626818223694573,0.4984402834602981,0.3400237557496925,0.4076939594410625,0.311759969316438,0.2529640805644875,0.3495872895478816,0.4922536641826063,0.3184541721877044,0.4728565795997227,0.6815886467689994,0.8025726885906579,0.4557814635778453,0.3272838892058949,0.4839658954855546,0.3535512445944608,0.1882059322296274,0.6112660762089219,0.4079152157540825,0.6253521695409667,0.3908365936900119,0.3430891373779006,0.5685110235095057,0.5803905706413601,0.5036981059588963,0.4319211997734724,0.1852767168740747,0.3891388733093875,0.5117096454986212,0.4990881095595565,0.4351435008352193,0.5392350611357255,0.0,0.4742073797582186,0.5583521560871139,0.5091666782476486,0.606465979032182,0.4153994541683757,0.3504910889666028,0.4422196767878257,0.4410869842967786,0.6496986607324902,0.5845178574933766,0.2927787059661328,0.23414445548502,0.5072906570390818,0.5870280140091348,0.4434841362172304,0.5142719428492928,0.5634827407795209,0.4769150692465924,0.553915991803432
NG,0.6791363847790866,0.6036255316722774,0.5141172812703717,0.5190962618796635,0.4082674663345464,0.5719271668105295,0.6437962264432658,0.5805322931124286,0.622595309007117,0.5503551638366392,0.6945137307244549,0.6755330146842242,0.6508635562500905,0.7910749340695586,0.8176065562729753,0.4975071453510196,0.6451133967360152,0.3280988031302916,0.4438288817224197,0.583405073558583,0.7392721014549064,0.6835754667002655,0.5359197024516436,0.7025462660938002,0.3430009854455249,0.4492175187898199,0.7143592544176269,0.705823336391015,0.5521450953329292,0.5859684338185867,0.6627551288356437,0.7044767227316734,0.4173736862554023,0.5704857862877484,0.519240721963393,0.4742073797582186,0.0,0.7805145908895404,0.5227708203404587,0.7119297184798158,0.2816686407454859,0.667552650748831,0.6318847613251987,0.3870686992973486,0.795771930581975,0.5235371322210141,0.677788170050975,0.4826255899595097,0.725229166272216,0.5109004272720031,0.3633655409017531,0.7804887964532454,0.5586503387833248,0.3192957582274696,0.4579491034058021
RE,0.5925312900397743,0.5981221698987473,0.5586125503241204,0.5157833880576816,0.5976174838011941,0.5811751376594536,0.6144533958741145,0.5348214010799404,0.5543406835463988,0.6592617781336005,0.5741244455834941,0.4986670030099283,0.6287008163307385,0.8165987039295156,0.8705563109080002,0.692294159993678,0.5664770370088485,0.7198878863173516,0.6669883522807707,0.6084870598988279,0.7148591361643941,0.6409088610943874,0.7633889834587285,0.5867271802134785,0.6580029518729751,0.7085131819404115,0.7417354252425833,0.6596260115240083,0.4946672070160222,0.6121588075420372,0.6829150542687034,0.3540454573145059,0.6439822620420181,0.6157547314411311,0.6331615940488622,0.5583521560871139,0.7805145908895404,0.0,0.7049724183041937,0.5523573065375,0.7325472198464184,0.618183049156313,0.7581735103212051,0.7017271338588313,0.7208701284339447,0.6940624724315372,0.5701734491618328,0.506102399749705,0.5862699112568148,0.7876676349457463,0.6552221682933717,0.4394299554379266,0.5616096161670576,0.6456685416331395,0.7475004319708933
