ISO_CODE,AG,AI,AR,AW,BB,BM,BO,BQ,BR,BS,BZ,CA,CL,CO,CR,CW,DM,DO,EC,GD,GF,GL,GP,GT,GY,HN,HT,JM,KN,KY,LC,MQ,MS,MX,NI,PA,PE,PM,PR,PY,SR,SV,SX,TC,TT,US,UY,VC,VE,VG,VI
AG,0.0,1.1322358138140345,0.9190008359826318,1.1727684445599778,0.7094807239168534,1.1209785067860711,0.8433024172214871,1.7389926931472586,0.8935100772451223,0.7349808986098906,0.8295278927690353,0.8163632374445547,0.9489851248415716,0.8030591040245425,1.3951143899793748,1.0421257095327092,0.8561324300328054,0.7719975987712691,0.8564045324178289,0.7489508350939443,0.8733093288033741,1.2949103091791785,0.8862003265345729,0.8939139846327643,0.7141836264841221,0.8727025300399953,1.0113296899647808,0.7129492123954599,1.6794775255683607,1.0057580375846862,0.7738323986273937,0.9248295076229096,4.070605597113876,0.8226896578369357,0.8304193210050584,0.8174508350925308,0.8043935459871553,3.968198387104104,1.6890543913341505,1.1161274962381744,1.0989520593423296,0.8968190273384837,0.9432099239374075,0.9584509678522356,1.1901917844977217,0.8239917075221518,1.0429085407849237,0.6927530052052637,0.9189237220190476,1.4137812876233262,1.079084511613241
AI,1.1322358138140345,0.0,1.2464206416752976,1.3260709796635708,1.1674819467918849,1.2612472163025406,1.22157459298974,1.6774572922039197,1.2413167824129692,1.1823982064393943,1.210049814348066,1.1680159131513843,1.2610032783639462,1.2577119023699606,1.5606540895211962,1.2713506113885795,1.192971030378991,1.2034997678650885,1.240435720204785,1.1323099269269774,1.195863122332719,1.4166789358769147,1.1793738179863145,1.2407766837270808,1.2030826783582131,1.253272552415826,1.412909418430968,1.219671249737879,1.75279982480098,1.2314731515199624,1.1903148232855962,1.2023388400105015,4.1103671531720725,1.2040660777041454,1.230029434481193,1.2243047614772553,1.231252294718577,3.903734428162001,1.7612651248831406,1.3574076659562162,1.39143195122003,1.2665571442212056,1.0896776058651287,1.1937382208025635,1.391011613717026,1.166233546938509,1.3009034380203457,1.1469487760131063,1.3589002176132363,1.4495486335272514,1.2159091635953487
AR,0.9190008359826318,1.2464206416752976,2.043144285798384e-07,1.115551832581301,0.8534644423379723,1.1451199325327126,0.5521320407930255,1.731442540982015,0.6380900031361179,0.8669619710500971,0.9173939173835404,0.7175634190258655,0.560543698263161,0.690989280275641,0.9722125337227908,1.0219559206497384,1.0566116206236014,0.665648048632419,0.5696826716562896,0.9366600359892762,0.8405548920672661,1.2710316517725075,0.8396759191347459,0.6377107685499643,0.8180914581866615,0.6930433896754977,1.1464714484180574,0.9102411783670632,1.7025651895676472,1.0954174315498073,0.9785935899749744,0.8447775415026746,4.086525497813964,0.5169526063094723,0.716068898594771,0.7847237155936786,0.6346370802394156,3.870167535416144,1.433972173620116,0.673374126283548,1.048471602860365,0.6524305152030742,1.0774382910904583,1.1271449609345745,1.10418306585221,0.7727729803718093,0.497020793132966,0.9309840532005808,0.9457106263188648,1.507686828809486,1.1777710676657691
AW,1.1727684445599778,1.3260709796635708,1.115551832581301,1.737759081973225e-07,1.1526139518157958,1.139575452402335,1.1633970892314858,1.5921361390446305,1.171383446645698,1.138868509269624,1.1019433865313508,1.1256146473960715,1.136199593818506,1.303685807608563,1.1830061053732894,0.910025352615086,1.3103186640005908,1.2024882488166206,1.1680149322401945,1.180350687292738,1.279230425010455,1.3854999527981475,1.1270705374114949,1.1872910157625396,1.205974425308655,1.239274772144734,1.60317001073252,1.2789158672965253,1.5601452531629845,1.1146335729405954,1.2083460050763015,1.1539228534878208,3.969834586977052,1.109852939284866,1.2247059778078266,1.2729528854422636,1.227007451960097,3.81839199368922,1.358864701274744,1.151358623730569,1.207562235947447,1.1546640717290206,1.1383769639684147,1.3335335086559348,1.1316078510209933,1.1008253042182712,1.1066730414584451,1.2630352851815971,1.4955277798880002,1.521023827786372,1.164996802819921
BB,0.7094807239168534,1.1674819467918849,0.8534644423379723,1.1526139518157958,0.0,1.0312312381573048,0.7729245517509221,1.7224641779316614,0.841704019557425,0.6393858262581856,0.8088218945726339,0.6768167106869785,0.8811905597960298,0.7498280436927299,1.3550387020842254,0.9528460012627148,0.8969704834730691,0.6943440026167356,0.7861006200548905,0.6757171643897949,0.7820633648317022,1.2881981430895926,0.8128146470223278,0.8056267762052559,0.6556943256300941,0.788116177915232,0.9533220418864412,0.5854581502848919,1.6706015277008124,0.9217734843518854,0.735414237824683,0.8333205454785397,4.081669213825562,0.7742651486700289,0.7778771599032379,0.685502655595894,0.7357122782063162,3.938493796594777,1.6570407585344684,1.0429289620952926,1.0351611209464653,0.8379007046788799,0.9585348403902336,0.9718386124174234,1.0922274218107095,0.7104883777136002,0.9654378201150626,0.6813683170661492,0.8731280265330515,1.4616822231940654,1.0996469981425798
BM,1.1209785067860711,1.2612472163025406,1.1451199325327126,1.139575452402335,1.0312312381573048,3.223614044902316e-07,1.1629556166878583,1.6843357339323333,1.1399647526767192,1.088663608826702,1.1502364708706594,1.0057866191925555,1.1311606321753092,1.2504528919823812,1.365775654706139,1.102991942152391,1.2848416062021166,1.152534373603074,1.1800487643617077,1.1000550918462806,1.1963024191289937,1.3666484707982325,1.0798752923375907,1.177462146740044,1.1751854296562398,1.2117343940286074,1.4816897935178972,1.2172511029320203,1.626325396391059,0.9992240059424552,1.1860524734690754,1.113234251764011,4.059491775327282,1.1374971144732977,1.193836812167918,1.1934162286666448,1.2085980060338315,3.894917297345161,1.5370329560687228,1.2352401779070348,1.2980517998507803,1.1818290542468852,1.154962428895851,1.2595276859812854,1.2130800190504445,1.0475709339668673,1.136453325429144,1.1923863560661896,1.4131438966933951,1.4757758853769722,1.0929242688160372
BO,0.8433024172214871,1.22157459298974,0.5521320407930257,1.1633970892314858,0.7729245517509221,1.1629556166878583,0.0,1.7533981100943987,0.641933769327091,0.786286496028297,0.8456231434133429,0.6770041741683996,0.6264393382603884,0.4868640049835852,1.1184700228831768,1.0263111240416014,0.940381525708154,0.5266642871728717,0.420638704951272,0.8254856449814361,0.7182591833045568,1.2546212426899712,0.8078305015043197,0.4949859593327557,0.6516900872771241,0.5086645026248545,0.9322688637803562,0.7410292365193429,1.7673992441254949,1.0764942446663273,0.8617048979646139,0.8196624068389634,4.094683314784321,0.4197897387956896,0.5445672653499138,0.6261431376993319,0.4373961543319453,3.934011577258063,1.5761327397612632,0.7836565404283988,1.0554277978211075,0.5311479120688526,1.034946663334244,1.0174529794212095,1.1705991424469289,0.7213690390955148,0.7146641732137385,0.791305258655313,0.7011254239762135,1.5159726750268037,1.158509757669503
BQ,1.7389926931472586,1.6774572922039197,1.731442540982015,1.5921361390446305,1.7224641779316614,1.6843357339323333,1.7533981100943987,1.519626234052415e-07,1.7677034469075026,1.7603952030251149,1.7141270991351374,1.7205555755059632,1.7336604293171998,1.8665244406973247,1.7798058963408618,1.6105159579082344,1.7851498668234267,1.7742647244558591,1.7704429627544571,1.7132119417834466,1.8034376818604287,1.8171531987753968,1.7349009794780104,1.7620681090254322,1.8061097463021976,1.7933389545188216,2.058331450180282,1.847157471624236,1.9505304348287196,1.6776945126445617,1.7834409319846711,1.7705007652718845,4.170867615618144,1.7428096222043152,1.7753849471634524,1.8241673402430527,1.8024230219129609,3.9144679459807055,1.8559879980530536,1.7133435513087587,1.7212516822401094,1.7685407150823569,1.6679164715654369,1.769732635271829,1.691303794673087,1.730326352748605,1.7230265411596986,1.803123914034428,1.9986672958865044,1.793870123373282,1.6567249853636803
BR,0.8935100772451223,1.2413167824129692,0.6380900031361179,1.171383446645698,0.841704019557425,1.1399647526767192,0.6419337693270909,1.7677034469075026,0.0,0.8847653814603003,0.9273285587488792,0.7181970163656602,0.7202420714314498,0.7432993605018632,1.1263221099266392,1.0357828268318383,1.0315254997393364,0.715000660291976,0.6966770565428468,0.9234673085954108,0.8150047252206372,1.2978071637136446,0.8383950676729226,0.7788224767807069,0.7846724291517808,0.7922869105518261,1.101525471358642,0.8349233064876208,1.7462049296760564,1.0681442088904791,0.9045618467258348,0.8318009097716232,4.079457117598099,0.6336487176184415,0.7288310764698235,0.811884984971108,0.7222680103073276,3.909240722057272,1.5168444639812255,0.8130585010909899,1.0788663338338913,0.748166058494928,1.064805516589317,1.122155236805987,1.1649785300271025,0.7571962374794868,0.7235374736646851,0.9042186457724388,0.920824812134619,1.5254695820913868,1.1579350339936283
BS,0.7349808986098906,1.1823982064393943,0.8669619710500971,1.138868509269624,0.6393858262581856,1.088663608826702,0.786286496028297,1.7603952030251149,0.8847653814603003,0.0,0.8018828227990271,0.7593833294227413,0.9314662081145472,0.7610500550054361,1.3677944597821323,0.9931062803450114,0.8806103440576512,0.7100674173758726,0.7959584230005956,0.7313624644072192,0.8325293066049705,1.298207804495802,0.8518843590323641,0.8130097491579525,0.6595166412168899,0.7735484277347504,0.961892013350548,0.6403881272345626,1.672808338883768,0.9821721354550867,0.7923302787422984,0.8627302837832685,4.073708887708109,0.7999614107470548,0.7851070052996502,0.7504502306566861,0.7355406191891642,3.917353162248517,1.6531217895583166,1.066048450335504,1.0698251825985292,0.8597736579338825,0.9962379434405622,0.9339798727834674,1.1355135612946288,0.7510836196162203,0.995766751482024,0.7236026998290999,0.8857460415673758,1.4402198126353758,1.0935022260720466
BZ,0.8295278927690353,1.210049814348066,0.9173939173835404,1.1019433865313508,0.8088218945726339,1.1502364708706594,0.8456231434133429,1.7141270991351374,0.9273285587488792,0.8018828227990271,0.0,0.8648325465553206,0.9437700933475895,0.8729397475486208,1.30355560011474,1.0231539190349273,0.9886518605380864,0.8021110568099847,0.8720397227256564,0.8546963530065796,0.9413066912738802,1.309734113426032,0.9379642720518068,0.8502188267523143,0.7421219966901555,0.8376970096314966,1.1046911799978671,0.826922840846844,1.6710577893212262,1.0365530265430618,0.8651265908346902,0.9578365401705,4.07609229406122,0.8418870304192995,0.8442878202633103,0.8785293223785227,0.8481192306542702,3.915231513220877,1.6154681678352787,1.041996360854868,1.099750657675845,0.861551583020576,1.0181051835110766,1.0647548602735415,1.152964792609952,0.8690418985734712,1.0102651331744088,0.8391774345461867,1.0268680764789548,1.4659264836542876,1.1495874164084623
CA,0.8163632374445547,1.1680159131513843,0.7175634190258655,1.1256146473960715,0.6768167106869785,1.0057866191925555,0.6770041741683996,1.7205555755059632,0.7181970163656602,0.7593833294227413,0.8648325465553206,9.8843121241194e-08,0.7147026337961333,0.6940760541974607,1.239928070977876,0.9860425584955732,0.9522323897586056,0.708955021884603,0.7022399133885301,0.8050781897620555,0.7340591501233669,1.1954567045467546,0.7352757965708153,0.7610227041688167,0.7265444473240711,0.7468229284589851,0.984980900534404,0.7438963644137148,1.6841429334263878,0.9426488896727016,0.8264918986651181,0.7478088134384375,4.076462618169598,0.6413582144392904,0.7489274700712389,0.6695421513106199,0.6726382782877715,3.87854421510126,1.5578519376423057,0.9697106634348814,1.0774726069135534,0.8070361939170123,0.9918254433570416,1.0033484129800607,1.1197679801443576,0.4301867710132523,0.7948034847696063,0.7872633172802833,0.8581596140456851,1.4691739013650535,1.0700193056757286
CL,0.9489851248415716,1.2610032783639462,0.560543698263161,1.136199593818506,0.8811905597960298,1.1311606321753092,0.6264393382603883,1.7336604293171998,0.7202420714314498,0.9314662081145472,0.9437700933475895,0.7147026337961333,1.460009659995543e-07,0.771262894626276,1.0084327366279429,1.041896949791692,1.1191507186722898,0.7404408869074309,0.6301584133622695,0.969892315994108,0.8946721512464436,1.272864681076857,0.8875913469081059,0.7118520143638359,0.886304378306215,0.7604382791699363,1.222175422738469,0.9509580635753936,1.6877733487764262,1.081651293865019,1.0171781818703762,0.8824991928012246,4.074778627879478,0.568204405836011,0.7563973683346459,0.7715970401405757,0.6916938645445014,3.902593945619772,1.3962602211059252,0.7699567283004837,1.075469950124588,0.6597677348694542,1.058237138399715,1.1793476379099226,1.1465448011274124,0.7485974197166897,0.554566909578361,0.950610759187826,1.0142923899714702,1.5143611849777832,1.167074143397229
CO,0.8030591040245425,1.2577119023699606,0.6909892802756412,1.303685807608563,0.7498280436927299,1.250452891982381,0.4868640049835852,1.8665244406973247,0.7432993605018631,0.7610500550054361,0.8729397475486208,0.6940760541974607,0.7712628946262758,0.0,1.3728055698908543,1.134198790069784,0.8946844806450871,0.5020871370775183,0.5091754089916204,0.7855045281405425,0.6267717653685001,1.3175453755514126,0.8079884047993778,0.5963586810555027,0.6240942832643339,0.510867486714253,0.6920419521470859,0.6041848552945724,1.905114098773423,1.145406927048949,0.7902150324977958,0.8244805085561663,4.181089377613765,0.5326503215393766,0.5704854327571511,0.4925671152450669,0.3785320617364789,4.024578350783728,1.8158805123104176,1.002165685621153,1.1815127576435482,0.6528994230589882,1.0934663252167611,0.9659090072992346,1.344080642739102,0.7606022209750462,0.9077993898519634,0.6893893504702714,0.4365060128560518,1.5940398272263991,1.2529397383121414
CR,1.3951143899793748,1.5606540895211962,0.9722125337227908,1.1830061053732894,1.3550387020842254,1.365775654706139,1.1184700228831768,1.7798058963408618,1.1263221099266392,1.3677944597821323,1.30355560011474,1.239928070977876,1.0084327366279426,1.3728055698908543,0.0,1.2380185575915308,1.5508309524498234,1.2396786570547285,1.1105503116920306,1.4327790287798914,1.4424826299936868,1.536293779354604,1.2751617168831633,1.1347994098117062,1.3766620620918513,1.2172716402300987,1.811000033501274,1.490660126461492,1.7196261187061117,1.3423505301571093,1.468787169957881,1.273884959013741,4.036481819726155,1.0496147388081494,1.2182288307369002,1.3801030611433784,1.2906031616730125,3.81743027851608,1.0927489718484698,0.914497336507284,1.251558550777575,1.0343926711829052,1.3865969888288885,1.5878736305333598,1.170960996806509,1.2510701604621417,0.8861938234176154,1.4979981686351342,1.6292103964866362,1.6710429129701505,1.4287840270664895
CW,1.0421257095327092,1.2713506113885795,1.0219559206497384,0.910025352615086,0.9528460012627148,1.102991942152391,1.0263111240416012,1.6105159579082344,1.0357828268318383,0.9931062803450114,1.0231539190349273,0.9860425584955732,1.041896949791692,1.134198790069784,1.2380185575915308,0.0,1.1888103909346204,1.0217137294809857,1.0365368410175455,1.0191076726312918,1.0748194492101848,1.34818046476626,0.9403216493794272,1.0834798727325512,1.0434527707118249,1.0966353105260398,1.376394827383897,1.0851574409689475,1.606045157482498,1.011250201917075,1.0367110460451383,0.981114895019903,4.041391651192584,1.0088543482205157,1.0875214557790207,1.080283381311588,1.0703264963507082,3.866004892258439,1.4796957356517912,1.1291720034072756,1.1048439352011097,1.05079344913298,1.0579960588692887,1.2349798290828835,1.111643185130045,0.9976075772414678,1.058005051223909,1.089911729699662,1.294583904384567,1.4982647130653048,1.1508190207032467
DM,0.8561324300328054,1.192971030378991,1.0566116206236014,1.3103186640005908,0.8969704834730691,1.2848416062021166,0.940381525708154,1.7851498668234267,1.0315254997393364,0.8806103440576512,0.9886518605380864,0.9522323897586056,1.1191507186722898,0.8946844806450871,1.5508309524498234,1.1888103909346204,1.3657139822709086e-07,0.907579629467501,0.9748580034115388,0.8382447160570943,0.9292136202510288,1.3678263836657798,1.014479695984509,1.0060023964069644,0.8320554606065513,0.982721371764986,1.013297702664931,0.8158046910777678,1.78028410140769,1.1407081063918938,0.8411194555336051,1.0440097570121791,4.1268703057869605,0.9665139399505688,0.9654219159957504,0.9207935600021776,0.8939816899836134,3.997403009833072,1.8575276019403864,1.244686526038618,1.2490291082455025,1.0504028201878108,1.0686920474265489,0.9873759497364656,1.328403436861021,0.9492842147671352,1.1964932571000513,0.7912112408713551,0.9480531555139762,1.4911820065372277,1.1849813757151952
DO,0.7719975987712691,1.2034997678650885,0.665648048632419,1.2024882488166206,0.6943440026167356,1.152534373603074,0.5266642871728717,1.7742647244558591,0.715000660291976,0.7100674173758726,0.8021110568099847,0.708955021884603,0.7404408869074309,0.5020871370775183,1.2396786570547285,1.0217137294809857,0.907579629467501,0.0,0.5529563757651417,0.7612340636333794,0.7022267892584297,1.2787605481577111,0.7945158615037358,0.5860166570098216,0.6294147774161347,0.4911947837647371,0.8452639814295656,0.6224850114471163,1.7735862312671056,1.043917321645432,0.8067669876831823,0.8084507951446596,4.12754037995072,0.5513971351043482,0.5631248811567825,0.5414995930040587,0.5329887264719749,3.979109027190438,1.6389857699946822,0.8872296979171826,1.0487441221272775,0.5965657994377461,0.9986191938065876,0.9582438740692508,1.1857831747667418,0.7292718824098792,0.8380914695336279,0.7213064657925579,0.6745004717754932,1.5121435613033043,1.1684890760232796
EC,0.8564045324178289,1.240435720204785,0.5696826716562896,1.1680149322401945,0.7861006200548905,1.1800487643617077,0.420638704951272,1.7704429627544571,0.6966770565428468,0.7959584230005956,0.8720397227256564,0.7022399133885301,0.6301584133622695,0.5091754089916204,1.1105503116920306,1.0365368410175455,0.9748580034115388,0.5529563757651417,1.1151007970493857e-07,0.8482561456589142,0.7557225056713613,1.250087063504255,0.8220972890743942,0.550500170373138,0.7175304134676184,0.5570948012507614,0.9756354445679662,0.7674977769585816,1.7735073545186577,1.0833486063481117,0.8938036489386865,0.8407537642432198,4.11060702697613,0.4398399585929004,0.578226072487492,0.6258061560598598,0.481827916972749,3.930005500595554,1.5620926110066646,0.810993203883574,1.0819388619379326,0.5550167069474913,1.0675168697921693,1.041313953060736,1.173802060530326,0.7627868165946149,0.723380026488295,0.8203746051879957,0.7461959357697292,1.524789839423582,1.178455624352201
GD,0.7489508350939443,1.1323099269269774,0.9366600359892762,1.180350687292738,0.6757171643897949,1.1000550918462806,0.8254856449814361,1.7132119417834466,0.9234673085954108,0.7313624644072192,0.8546963530065796,0.8050781897620555,0.969892315994108,0.7855045281405425,1.4327790287798914,1.0191076726312918,0.8382447160570943,0.7612340636333794,0.8482561456589142,0.0,0.8101712361037486,1.276174197618836,0.8895649210131156,0.8661253761224471,0.709702278757031,0.8235023557678655,0.9352069282796136,0.690628567123204,1.7257026259127128,0.9873732533566788,0.7279239249143218,0.9064475508211984,4.126342542101224,0.8403107411474731,0.8311421653198436,0.7709941078093895,0.7789931138489841,3.970304282746828,1.7540752934556607,1.1368152900761777,1.155655294418182,0.8867629622869884,0.9631157955921328,0.9290128772637548,1.2028202651396558,0.8380913888765146,1.0581382942912765,0.6681097044823172,0.8769835300647141,1.4652328740392566,1.0874279643414744
GF,0.8733093288033741,1.195863122332719,0.8405548920672661,1.2792304250104547,0.7820633648317022,1.1963024191289937,0.7182591833045568,1.8034376818604287,0.8150047252206372,0.8325293066049705,0.9413066912738802,0.7340591501233669,0.8946721512464437,0.6267717653685001,1.4424826299936868,1.0748194492101848,0.9292136202510288,0.7022267892584297,0.7557225056713613,0.8101712361037486,2.0647654623614283e-07,1.271080383012152,0.6196320618365426,0.7719245064771735,0.7377466670920468,0.7514689741736935,0.8018925256511149,0.7114263279950261,1.8596938807550265,1.110088301852761,0.8360370778178968,0.6457689007506737,4.156400181851089,0.7440332047148741,0.7271368065062643,0.6357864802213236,0.6534041605223678,3.938367573891906,1.798059858469288,1.082139093545758,1.125807834242538,0.8482524547986068,1.0426204160752102,0.9713786532358308,1.3297439257675316,0.7904429356747096,0.9940324264461574,0.7622570901149933,0.6803173941104925,1.5773046971052762,1.2018932229950368
GL,1.2949103091791785,1.4166789358769147,1.2710316517725075,1.3854999527981475,1.2881981430895926,1.3666484707982325,1.254621242689971,1.8171531987753968,1.2978071637136446,1.298207804495802,1.309734113426032,1.1954567045467546,1.272864681076857,1.3175453755514126,1.536293779354604,1.34818046476626,1.3678263836657798,1.2787605481577111,1.250087063504255,1.276174197618836,1.271080383012152,3.345302391148157e-07,1.2651671165943996,1.287828795175853,1.309318985947498,1.3098611834735556,1.502745175302496,1.3429899274125296,1.853827928795443,1.34817289360479,1.3258410511033651,1.2825516761931093,4.100807566823496,1.222504900761098,1.2890379021449854,1.307901559235344,1.26738966474324,3.847945664413104,1.781752537358596,1.3928915604526573,1.4000931239217282,1.3072713731190886,1.2578279399336345,1.353563995356448,1.4828018383583033,1.1924404965697226,1.3008898949958718,1.2910750104978563,1.4231318181920076,1.6497330905802283,1.3292851635541267
GP,0.8862003265345729,1.1793738179863145,0.8396759191347459,1.1270705374114949,0.8128146470223278,1.0798752923375907,0.8078305015043197,1.7349009794780104,0.8383950676729226,0.8518843590323641,0.9379642720518068,0.7352757965708153,0.8875913469081059,0.8079884047993778,1.2751617168831633,0.9403216493794272,1.014479695984509,0.7945158615037358,0.8220972890743942,0.8895649210131156,0.6196320618365426,1.2651671165943996,0.0,0.8437172204384561,0.8494802949966598,0.8531873773743344,1.0529535409682138,0.8399948176933327,1.756739733214558,1.0295758083841258,0.8765275461675462,0.4747791090322433,4.09991766803535,0.7955088541966873,0.822802623880996,0.7700774264318216,0.7980301098545007,3.884663838755557,1.595068415907559,1.028853881770968,1.060119430492151,0.8714603657234866,1.0289731254822554,1.066066520074911,1.170278515511344,0.8139535996726672,0.9304228167704136,0.9084351679237532,0.9556723670904158,1.5340822439654311,1.15202689330066
GT,0.8939139846327643,1.2407766837270808,0.6377107685499643,1.1872910157625396,0.8056267762052559,1.177462146740044,0.4949859593327557,1.7620681090254322,0.7788224767807069,0.8130097491579525,0.8502188267523143,0.7610227041688167,0.7118520143638359,0.5963586810555027,1.1347994098117065,1.0834798727325512,1.0060023964069644,0.5860166570098216,0.550500170373138,0.8661253761224471,0.7719245064771735,1.287828795175853,0.8437172204384561,6.664001874625056e-08,0.7486211497971867,0.507628943351662,0.9880750179137816,0.801985063612795,1.7589445709865683,1.1121680801060825,0.9322795750128012,0.8576109406972378,4.106258952386247,0.5606328704570478,0.564630547519895,0.6782073377159356,0.5750224221880312,3.9175933463801536,1.5741734567426031,0.8098601041831186,1.048586710636708,0.5128574102545368,1.0798806618596866,1.0452661535683012,1.1564391642488838,0.7924016808219043,0.7769243596642229,0.8394223307670855,0.815272923437124,1.5403412361080324,1.2168277477916636
GY,0.7141836264841221,1.2030826783582131,0.8180914581866615,1.205974425308655,0.6556943256300941,1.1751854296562398,0.6516900872771241,1.8061097463021976,0.7846724291517808,0.6595166412168899,0.7421219966901555,0.7265444473240711,0.886304378306215,0.6240942832643339,1.3766620620918513,1.0434527707118249,0.8320554606065513,0.6294147774161347,0.7175304134676184,0.709702278757031,0.7377466670920468,1.309318985947498,0.8494802949966598,0.7486211497971867,1.0536712127723508e-07,0.6841767526518839,0.8334184752350174,0.5683130806350084,1.7289470100840212,1.0419124625106526,0.708036247434162,0.8630221394860715,4.112305589433731,0.7017007992443999,0.6636298901609698,0.6889558303561025,0.6440060940832709,3.966437846650328,1.7346521265313863,1.0299628936539538,1.0449744777962708,0.7716472882801052,0.9876327786303828,0.9636014444909604,1.1544319628700688,0.7414357298723873,0.9918829684950252,0.6462937331700254,0.7297402560330812,1.490603765089128,1.1434050476268027
HN,0.8727025300399953,1.253272552415826,0.6930433896754976,1.239274772144734,0.788116177915232,1.2117343940286072,0.5086645026248545,1.7933389545188216,0.7922869105518261,0.7735484277347504,0.8376970096314966,0.7468229284589851,0.7604382791699362,0.510867486714253,1.2172716402300987,1.0966353105260396,0.982721371764986,0.4911947837647371,0.5570948012507614,0.8235023557678655,0.7514689741736935,1.3098611834735556,0.8531873773743344,0.507628943351662,0.6841767526518839,0.0,0.8858935156864246,0.7238371928743823,1.819255126891525,1.1204854009006855,0.8697003597321331,0.86892914481474,4.150470707425961,0.555994109664445,0.5572656033615568,0.5961008748923672,0.5445949159459854,3.9744886692919783,1.6651272298630773,0.8974423095784282,1.0980052008627,0.5312927765020778,1.0811243806352886,1.0084107553135986,1.2197782427857606,0.7841938621169449,0.8419158283290747,0.7941386972057665,0.7210433679754802,1.566114092822303,1.2341475473617676
HT,1.0113296899647808,1.412909418430968,1.1464714484180574,1.60317001073252,0.9533220418864414,1.4816897935178972,0.9322688637803564,2.0583314501802823,1.101525471358642,0.961892013350548,1.1046911799978671,0.9849809005344038,1.222175422738469,0.6920419521470859,1.811000033501274,1.376394827383897,1.013297702664931,0.8452639814295656,0.9756354445679664,0.9352069282796136,0.8018925256511149,1.502745175302496,1.0529535409682138,0.9880750179137816,0.8334184752350174,0.8858935156864246,4.9421560620597e-08,0.7366464676720451,2.112683809389256,1.3689369228040809,0.9265084446676533,1.0613542656006665,4.292158521567998,1.0118624061210262,0.8981425503286266,0.7452575203356433,0.7888371486511402,4.156777322934317,2.179602283253743,1.4291366814663635,1.4290494770007156,1.0951244844514112,1.2883352401464858,1.0373637971447511,1.6311936470086483,1.0361724632045566,1.349369983077619,0.8314074923153859,0.5786506801408502,1.7691519507824969,1.455131368456526
JM,0.7129492123954599,1.219671249737879,0.9102411783670632,1.2789158672965253,0.5854581502848919,1.2172511029320203,0.7410292365193429,1.847157471624236,0.8349233064876208,0.6403881272345626,0.826922840846844,0.7438963644137148,0.9509580635753936,0.6041848552945724,1.490660126461492,1.0851574409689475,0.8158046910777678,0.6224850114471163,0.7674977769585816,0.690628567123204,0.7114263279950261,1.3429899274125296,0.8399948176933327,0.801985063612795,0.5683130806350084,0.7238371928743823,0.7366464676720451,6.989264130329236e-08,1.81698894794001,1.0517727669126054,0.6688203599868713,0.8462318358445426,4.1399405908667095,0.7762265572243151,0.6957937628675288,0.5872834118285054,0.6460773962809814,4.039877306098632,1.8334529182995256,1.1486057248919206,1.101785107173963,0.8415665524037791,1.0149667189881055,0.9220594702738768,1.2552556974917872,0.7739885331355312,1.0769272628942177,0.603604823638244,0.6625904827409209,1.5511869854307874,1.2019962937873396
KN,1.6794775255683607,1.75279982480098,1.7025651895676472,1.5601452531629845,1.6706015277008124,1.626325396391059,1.7673992441254949,1.9505304348287196,1.7462049296760564,1.672808338883768,1.6710577893212262,1.6841429334263878,1.6877733487764262,1.905114098773423,1.7196261187061117,1.606045157482498,1.78028410140769,1.7735862312671056,1.7735073545186577,1.7257026259127128,1.8596938807550265,1.853827928795443,1.756739733214558,1.7589445709865683,1.7289470100840212,1.819255126891525,2.112683809389256,1.81698894794001,1.3328003749250113e-07,1.604579182561818,1.717020343823971,1.7594930357903034,4.063224398556107,1.7361360840841735,1.7969011993278827,1.8600889084235328,1.824403441289552,3.929082707840595,1.7189898853985497,1.7033973296593214,1.6659834560718203,1.7649702691817253,1.673702262559296,1.8339359925079248,1.5458800396275103,1.6587449999638753,1.6656952145150998,1.7802357079177789,2.063057950214041,1.84154791919752,1.639438687837582
KY,1.0057580375846862,1.2314731515199624,1.0954174315498073,1.1146335729405954,0.9217734843518854,0.9992240059424552,1.076494244666327,1.6776945126445617,1.0681442088904791,0.9821721354550867,1.0365530265430618,0.9426488896727016,1.081651293865019,1.145406927048949,1.3423505301571093,1.011250201917075,1.1407081063918938,1.043917321645432,1.0833486063481117,0.9873732533566788,1.110088301852761,1.34817289360479,1.0295758083841258,1.1121680801060825,1.0419124625106526,1.1204854009006855,1.3689369228040809,1.0517727669126056,1.604579182561818,1.9082797281243946e-07,1.028159536068974,1.0307922708710948,4.0665505146618575,1.0507860295448654,1.1202749020706118,1.0792059204290263,1.1032821753844035,3.904417416324153,1.5755944237501427,1.20849534407252,1.1959282702847638,1.0964195958574543,1.0693405258357525,1.1691038071203723,1.1265842630205058,0.9667115807944626,1.134212536637196,1.0569203228787831,1.2953827433810678,1.4609917295564303,1.1022618229341026
LC,0.7738323986273937,1.1903148232855962,0.9785935899749744,1.2083460050763015,0.735414237824683,1.1860524734690752,0.8617048979646139,1.7834409319846711,0.9045618467258348,0.7923302787422984,0.8651265908346902,0.8264918986651181,1.0171781818703762,0.7902150324977958,1.468787169957881,1.0367110460451383,0.8411194555336051,0.8067669876831823,0.8938036489386865,0.7279239249143218,0.8360370778178968,1.3258410511033651,0.8765275461675462,0.9322795750128012,0.708036247434162,0.8697003597321331,0.9265084446676533,0.6688203599868713,1.717020343823971,1.028159536068974,0.0,0.885045970359718,4.1152507737978405,0.8839206879668103,0.8759906157739161,0.7817631724856435,0.796195183968466,4.012396591886265,1.7903548793886697,1.2005128561892326,1.1480961659475748,0.9561936518513404,1.0140352401349664,0.9786879216107504,1.2319087664832402,0.8499137336734965,1.106013472531094,0.679414961765836,0.89133986759945,1.520295207882295,1.171739012180288
MQ,0.9248295076229096,1.2023388400105015,0.8447775415026746,1.1539228534878208,0.8333205454785397,1.113234251764011,0.8196624068389634,1.7705007652718845,0.8318009097716232,0.8627302837832685,0.9578365401705,0.7478088134384375,0.8824991928012246,0.8244805085561663,1.273884959013741,0.981114895019903,1.0440097570121791,0.8084507951446596,0.8407537642432198,0.9064475508211984,0.6457689007506737,1.2825516761931093,0.4747791090322433,0.8576109406972378,0.8630221394860715,0.86892914481474,1.0613542656006665,0.8462318358445426,1.7594930357903034,1.0307922708710948,0.885045970359718,0.0,4.113682440702812,0.8040315137697639,0.8440864321365906,0.7834824968119815,0.8014721288381227,3.8917668992110857,1.607042081159129,1.0600171216189438,1.082089344297134,0.8891638540307812,1.0408115628961352,1.0781416583293892,1.214510677311985,0.8119646086486997,0.9320569613806992,0.92352938266262,0.969047300857191,1.5563240575368331,1.1808475486408725
MS,4.070605597113876,4.1103671531720725,4.086525497813964,3.969834586977052,4.081669213825562,4.059491775327282,4.094683314784321,4.170867615618144,4.079457117598099,4.073708887708109,4.07609229406122,4.0764626181695975,4.074778627879478,4.181089377613765,4.036481819726155,4.041391651192584,4.1268703057869605,4.12754037995072,4.11060702697613,4.126342542101224,4.156400181851089,4.100807566823496,4.09991766803535,4.106258952386247,4.112305589433731,4.150470707425961,4.292158521567998,4.1399405908667095,4.063224398556107,4.0665505146618575,4.1152507737978405,4.113682440702812,3.371747880871523e-07,4.084796280708547,4.114296157676689,4.185764341920852,4.147412039962644,5.331122740403126,4.010024098876773,4.075754660104416,4.076279105437998,4.111183088948684,4.06624058145508,4.111549266525978,4.028428899821915,4.036802816103413,4.046460064218529,4.121766206815142,4.251677392496259,4.107321014536622,4.042737287558275
MX,0.8226896578369357,1.2040660777041454,0.5169526063094723,1.109852939284866,0.7742651486700289,1.1374971144732977,0.4197897387956893,1.7428096222043152,0.6336487176184415,0.7999614107470548,0.8418870304192995,0.6413582144392904,0.568204405836011,0.5326503215393766,1.0496147388081494,1.0088543482205157,0.9665139399505688,0.5513971351043482,0.4398399585929004,0.8403107411474731,0.7440332047148741,1.222504900761098,0.7955088541966873,0.5606328704570478,0.7017007992443999,0.555994109664445,1.0118624061210262,0.7762265572243151,1.7361360840841735,1.0507860295448654,0.8839206879668103,0.8040315137697639,4.084796280708547,2.9802322387695312e-08,0.5499339268020894,0.6437449612800609,0.5035552687378095,3.8941271955178767,1.4739582753174656,0.7729829035091775,1.0477835365517714,0.5066455667629597,1.0008414025045154,1.0372899966810378,1.150973649831011,0.6744714397774858,0.6671108371920281,0.7987911527596939,0.767936543586964,1.4878442760059454,1.1383319515972712
NI,0.8304193210050584,1.230029434481193,0.7160688985947707,1.2247059778078266,0.7778771599032379,1.193836812167918,0.5445672653499138,1.7753849471634524,0.7288310764698233,0.7851070052996502,0.8442878202633103,0.7489274700712389,0.7563973683346458,0.5704854327571511,1.2182288307369,1.0875214557790205,0.9654219159957504,0.5631248811567825,0.578226072487492,0.8311421653198436,0.7271368065062643,1.2890379021449851,0.822802623880996,0.564630547519895,0.6636298901609698,0.5572656033615568,0.8981425503286267,0.6957937628675288,1.7969011993278827,1.1202749020706118,0.8759906157739161,0.8440864321365906,4.114296157676689,0.5499339268020894,1.9655981597711026e-07,0.6035340808839471,0.5862017701998421,3.946157287221924,1.6159585508097365,0.8976033912409419,1.0911324637842397,0.5678001898054987,1.0325563166177532,0.9977688234280686,1.2309488463040943,0.7807005940216873,0.8673237774733188,0.7956313345407997,0.7225515459272126,1.52605751467376,1.207990613173127
PA,0.8174508350925308,1.2243047614772553,0.7847237155936785,1.2729528854422636,0.685502655595894,1.1934162286666448,0.6261431376993319,1.8241673402430527,0.811884984971108,0.7504502306566861,0.8785293223785227,0.6695421513106199,0.7715970401405756,0.4925671152450669,1.3801030611433782,1.0802833813115875,0.9207935600021776,0.5414995930040587,0.6258061560598598,0.7709941078093895,0.6357864802213236,1.307901559235344,0.7700774264318216,0.6782073377159356,0.6889558303561025,0.5961008748923672,0.7452575203356433,0.5872834118285054,1.8600889084235328,1.0792059204290263,0.7817631724856435,0.7834824968119815,4.185764341920852,0.6437449612800609,0.6035340808839471,0.0,0.5224497294697881,4.023552116015949,1.7615239678399106,1.0401295709706793,1.1376737525229936,0.7196993794556904,1.0481747281704754,0.970346520101066,1.2989135971485062,0.7373005197939329,0.9198165415466564,0.6852992600976284,0.6060247379072926,1.5712529787385003,1.23839214717846
PE,0.8043935459871553,1.231252294718577,0.6346370802394157,1.2270074519600973,0.7357122782063162,1.2085980060338315,0.4373961543319453,1.8024230219129609,0.7222680103073275,0.7355406191891642,0.8481192306542702,0.6726382782877715,0.6916938645445013,0.3785320617364789,1.2906031616730125,1.0703264963507082,0.8939816899836134,0.5329887264719749,0.481827916972749,0.7789931138489841,0.6534041605223678,1.26738966474324,0.7980301098545007,0.5750224221880312,0.6440060940832709,0.5445949159459854,0.7888371486511402,0.6460773962809814,1.824403441289552,1.1032821753844035,0.796195183968466,0.8014721288381227,4.147412039962644,0.5035552687378095,0.5862017701998421,0.5224497294697881,4.712160915387242e-08,3.981167206098657,1.7168225391599006,0.9376517802914892,1.1282355040407148,0.6355958205713935,1.062640720398067,0.964961632415296,1.2604829827386668,0.7407547203873768,0.8220725262905397,0.7082197595613189,0.5658558073021625,1.5470878869606188,1.202083431159623
PM,3.968198387104104,3.903734428162001,3.870167535416144,3.81839199368922,3.938493796594777,3.894917297345161,3.934011577258063,3.9144679459807055,3.909240722057272,3.917353162248517,3.915231513220877,3.87854421510126,3.902593945619772,4.024578350783728,3.81743027851608,3.86600489225844,3.997403009833072,3.979109027190438,3.9300055005955534,3.970304282746828,3.938367573891906,3.847945664413104,3.884663838755557,3.9175933463801536,3.966437846650328,3.9744886692919783,4.156777322934317,4.039877306098632,3.929082707840595,3.9044174163241534,4.012396591886266,3.8917668992110857,5.331122740403126,3.8941271955178767,3.946157287221924,4.023552116015949,3.981167206098657,2.0647654623614283e-07,3.7823262983485706,3.820809040390389,3.836968052992781,3.941564365062797,3.87149522271768,3.975575936721549,3.8111197138456743,3.857636981538592,3.848582307790063,4.024383803493966,4.098619529734811,3.951950972188603,3.876520723147639
PR,1.6890543913341505,1.7612651248831406,1.433972173620116,1.358864701274744,1.6570407585344684,1.5370329560687228,1.5761327397612632,1.8559879980530536,1.5168444639812255,1.6531217895583166,1.615468167835279,1.5578519376423057,1.396260221105925,1.8158805123104176,1.0927489718484698,1.4796957356517912,1.8575276019403864,1.638985769994682,1.5620926110066646,1.7540752934556605,1.798059858469288,1.781752537358596,1.595068415907559,1.5741734567426031,1.7346521265313866,1.6651272298630773,2.179602283253743,1.8334529182995256,1.7189898853985497,1.5755944237501427,1.7903548793886697,1.6070420811591288,4.010024098876773,1.4739582753174656,1.6159585508097365,1.7615239678399106,1.7168225391599006,3.7823262983485706,0.0,1.290624489916065,1.500097444752491,1.4922437811086022,1.6185619715124095,1.8555097057659429,1.2991054714987555,1.5393782786960977,1.2925135669496246,1.8229123035863224,2.0457993222929933,1.8075838784300096,1.563904160966411
PY,1.1161274962381744,1.3574076659562162,0.673374126283548,1.151358623730569,1.0429289620952926,1.2352401779070348,0.7836565404283987,1.7133435513087587,0.8130585010909899,1.066048450335504,1.041996360854868,0.9697106634348814,0.7699567283004837,1.0021656856211527,0.9144973365072842,1.1291720034072756,1.244686526038618,0.8872296979171826,0.810993203883574,1.1368152900761777,1.082139093545758,1.3928915604526573,1.028853881770968,0.8098601041831186,1.0299628936539538,0.8974423095784283,1.4291366814663635,1.1486057248919206,1.7033973296593214,1.20849534407252,1.2005128561892326,1.0600171216189438,4.075754660104416,0.7729829035091775,0.897603391240942,1.0401295709706797,0.9376517802914888,3.820809040390389,1.2906244899160653,0.0,1.077249078838965,0.800000416491628,1.1939274651793268,1.3172801773353584,1.0643261140353064,0.975809774924458,0.6692967160793006,1.173649947255554,1.2410642956694748,1.5586143804405528,1.282647288483351
SR,1.0989520593423296,1.39143195122003,1.048471602860365,1.207562235947447,1.0351611209464653,1.2980517998507803,1.0554277978211073,1.7212516822401094,1.0788663338338913,1.0698251825985292,1.099750657675845,1.0774726069135534,1.075469950124588,1.1815127576435485,1.251558550777575,1.1048439352011097,1.2490291082455025,1.0487441221272775,1.0819388619379326,1.155655294418182,1.125807834242538,1.4000931239217282,1.060119430492151,1.048586710636708,1.0449744777962708,1.0980052008627,1.4290494770007156,1.1017851071739633,1.6659834560718203,1.1959282702847638,1.148096165947575,1.082089344297134,4.076279105437998,1.0477835365517714,1.0911324637842397,1.1376737525229936,1.1282355040407148,3.836968052992781,1.500097444752491,1.077249078838965,0.0,1.0691024048523643,1.1737144474947416,1.3158464002437955,1.0781314349729585,1.0583168058277417,1.0851855911267658,1.1759321359513333,1.3429082684975688,1.5754016400293036,1.2980345731047496
