ISO_CODE,AD,AL,AT,BA,BE,BG,BY,CH,CY,CZ,DE,DK,EE,ES,FI,FO,FR,GB,GI,GR,HR,HU,IE,IM,IS,IT,LI,LT,LU,LV,MC,MD,ME,MK,MT,NL,NO,PL,PT,RO,RS,RU,SE,SI,SK,SM,UA
AD,0.0,0.6968579132555073,0.7004671973429052,0.7758921402959488,0.6223381001989551,0.6910513202353502,1.0294798740148905,0.6517829590786037,0.8007669823357976,0.7432315949826045,0.7187910261725059,0.7792619570396736,0.7675767677089711,0.6796590018466745,0.7481182881484231,0.8430035568900803,0.7066185371514362,0.6604939253114901,1.322014413971263,0.7703902980410321,0.9702855076533732,0.7277010635547059,0.7234641182044322,1.17847545946149,0.8475031840002134,0.842823590677537,1.1766012513565745,0.7869819858280243,0.6697794546645836,0.7050135813936623,1.1176114320580708,0.6897244567189601,0.7473519487505543,0.7989351780454311,1.0947572096376583,0.6574124364536122,0.7201545624327846,0.6995334008862198,0.7197444697342742,0.6611053556928795,0.7924172929452697,1.0157690558882126,0.6708279299049394,0.7552016676780481,0.7012203214064064,2.509776655667741,0.7509582079166157
AL,0.6968579132555073,0.0,0.5101351446408448,0.529835753359598,0.4354036949476657,0.4231864155297415,0.807689527422643,0.4035147518990072,0.7130513304509994,0.454594490776357,0.4674620148665209,0.5793558114389898,0.4939179132828133,0.4777816570295005,0.4776775647816186,0.764402538950277,0.4912404485242434,0.4768593158653629,1.3741078034744871,0.5800216368586838,0.815922370539081,0.5173912933395076,0.6024342333957559,1.1982966029800366,0.7248098959274194,0.715070254464034,1.1841337384317523,0.5955450268160225,0.5995961112313062,0.4227216503942756,1.1418353823870615,0.4393479875188585,0.5031429077518706,0.5715680529226588,1.0839798999997432,0.4474739265386916,0.4694590624087917,0.493097214885711,0.636922279939882,0.4215428515298892,0.5436229918379096,0.8041511084241754,0.4369476285129243,0.5437833559139092,0.4267521171942627,2.6160781767195065,0.4853192182724823
AT,0.7004671973429052,0.5101351446408448,0.0,0.5270271858543689,0.4164131539128157,0.4694808189382444,0.9154119410263186,0.3604466144654063,0.6284086421096976,0.4122256209840666,0.4352495637879862,0.4349403056698442,0.5401226072498333,0.4514665315942393,0.4667177535644171,0.7442184142162408,0.5414193728508977,0.4311363660873097,1.2942167032292875,0.511717954569449,0.7102398218295447,0.4371278018959318,0.4550987936567414,1.0991933702184025,0.6820583454434288,0.6302867698211579,1.117616241242548,0.6317467708237122,0.5175027897252391,0.4913458533329156,1.1236341383674595,0.5088728407598845,0.4860439848793025,0.5722437955254408,0.9822655334410252,0.4014464811705826,0.5181554807009606,0.4523884658164527,0.5510114585470395,0.4389248406880413,0.5527282534093201,0.9295166746284526,0.4153647767268181,0.4299801669897511,0.4108261689982571,2.5473965102289102,0.5993309019714564
BA,0.7758921402959488,0.529835753359598,0.5270271858543689,1.1733186057227569e-07,0.5604754862459137,0.5290321580865581,0.9733525872105644,0.5466976633221564,0.7007265124674505,0.5608158037979665,0.6023299710430846,0.5811410633378565,0.6538475150345273,0.6150371341641548,0.608809282915524,0.8035861290835147,0.6646176848082467,0.5818132522411509,1.3289105194924853,0.5614931404347647,0.5997262488626695,0.5728407901364986,0.6060443877035254,1.1370664960827737,0.8032754643927988,0.7337258980960837,1.1795479460826177,0.6749202598965048,0.6186048355860049,0.5640319664602831,1.2007289881922445,0.5902118794614588,0.3995458595448561,0.5243806408400093,1.047318869048651,0.5477270452552196,0.6161676375012932,0.5784550171899883,0.63948211532864,0.5083021237699605,0.4789929204713954,0.9739011269341226,0.5364767938917618,0.5394126977153604,0.5151861784618387,2.5884942916974616,0.6567837422424933
BE,0.6223381001989551,0.4354036949476657,0.4164131539128157,0.5604754862459137,0.0,0.3932837430176907,0.7664218696538123,0.2861072197255894,0.6744329997169295,0.3941203479014836,0.3584290836729899,0.5059237109248955,0.4153385184933665,0.3666438899413543,0.4089615551067201,0.7247906656382946,0.3295536688940225,0.3278317623331025,1.3292201032049158,0.5879259769665779,0.8373506060723431,0.4659823179310248,0.5000486127012573,1.156464808693136,0.6587685243358355,0.7015652566992266,1.1278753584284074,0.5861698464129815,0.4653533198158024,0.3689146824540064,1.0728826076988878,0.3793637195600989,0.518852730139885,0.6414436161555772,1.045333743934768,0.2495032703385901,0.3970431687846189,0.3492949274666002,0.573231491533897,0.3464092576334803,0.5642280967451149,0.7632566844536613,0.3414291594289332,0.4879408409217662,0.3734324083806832,2.583385790781671,0.4329596516683536
BG,0.6910513202353502,0.4231864155297415,0.4694808189382444,0.5290321580865581,0.3932837430176907,1.0745380149674385e-07,0.8285227150753041,0.3895613976578566,0.6751190939129057,0.4012681360967278,0.448673151241073,0.5409120758062735,0.484365931940016,0.4694820908034779,0.4770288169167913,0.7787608998692832,0.4714109758528476,0.4212578596232393,1.318392471540457,0.5563900414085514,0.787076291513597,0.4103634982441544,0.5299258864036378,1.150305084254582,0.707821595134739,0.6798607629510427,1.124115175613614,0.5698077345974542,0.5511698163576603,0.4133710088583846,1.082895631004674,0.4235535614714891,0.5078250585964733,0.5771548835724897,1.025431408587454,0.4321908396810768,0.4970592143561261,0.4045769920312964,0.5907405162077713,0.3559671998893704,0.522969134967705,0.8308059320997314,0.4266079497603675,0.4399374223178824,0.3473621162806025,2.549312176187473,0.4694433480218238
BY,1.0294798740148905,0.807689527422643,0.9154119410263186,0.9733525872105644,0.7664218696538123,0.8285227150753041,4.0808510594454864e-08,0.7013073360478337,1.2064152015909266,0.7489579158316005,0.6196837553387348,0.966252658532999,0.6023578570616759,0.7155691679174584,0.7328600776484396,0.9720953605989028,0.6143595212616035,0.7807999536792739,1.7504488334188435,1.0787920492775864,1.3151798229088965,0.9376230596266052,1.057234900081627,1.6490246910391018,0.9080422957749058,1.197239685294956,1.3708714002308018,1.0471310363947874,1.0101624508280898,0.6118447974335984,1.3396129995655406,0.5784200540408645,0.9176030390837908,1.120461479229172,1.5797402141564063,0.7636954132297341,0.7449697603926895,0.7562892625151837,1.084581542001273,0.7816184365817774,0.8710220430882902,0.1428423659229979,0.7530055113488391,0.9595198445178368,0.811947937044091,2.8984111057338025,0.4955407574557758
CH,0.6517829590786038,0.4035147518990071,0.3604466144654065,0.5466976633221565,0.2861072197255896,0.3895613976578567,0.7013073360478337,1.1151007970493857e-07,0.7160966639223879,0.3473424574117366,0.2345677021098346,0.4879479096717647,0.3581987861770668,0.3025394833558658,0.3610380893472908,0.6809714479706853,0.2979155955241017,0.3216369546510349,1.3848820696013786,0.582894555488956,0.8495876374907337,0.4822626268963585,0.5332831765969884,1.216693624651471,0.5795574555350902,0.7184952612742426,1.1227255661261744,0.6481649176641887,0.5234983517376233,0.2982719339834152,1.0956096215295097,0.3351441408568225,0.4723294781254814,0.6375781791361298,1.1143467338745034,0.29098886646939,0.3833819562510743,0.3565908230484139,0.5928799635618553,0.3323230663410311,0.5021255060365789,0.7026136701226189,0.3085307969955183,0.4848438163671182,0.3554997200100081,2.630671434369542,0.4193078270882996
CY,0.8007669823357976,0.7130513304509994,0.6284086421096977,0.7007265124674505,0.6744329997169295,0.6751190939129057,1.2064152015909266,0.7160966639223878,0.0,0.7618181441800128,0.8214581047919239,0.6385719127635278,0.8355851541221371,0.7659678890573922,0.7705333933233919,0.8724832809381137,0.8537009849077646,0.6937738344334915,1.1520355721666244,0.4852302754821929,0.7134623228673185,0.6564434444265296,0.5374291320893695,0.9506039790994316,0.8869177312623339,0.7072889424333579,1.192103404534413,0.6890424946994037,0.604715155609172,0.7806620751953259,1.159466392929069,0.7605690322492074,0.6711584104275639,0.6287542480360286,0.7999000014262627,0.7034359303311541,0.7955711281896773,0.7565910247131065,0.6115869835539403,0.6905385245679997,0.7976357030759996,1.22173067642796,0.7058770420594774,0.6579288982424901,0.7063031213660644,2.431002571215209,0.8574514007063533
CZ,0.7432315949826045,0.454594490776357,0.4122256209840666,0.5608158037979665,0.3941203479014836,0.4012681360967278,0.7489579158316005,0.3473424574117366,0.7618181441800128,6.989264130329236e-08,0.3382071585841177,0.4833998887654378,0.3888728880956997,0.3784795242973884,0.3494242216197459,0.7412664638500327,0.4230038749339686,0.4187129218594511,1.389614944813182,0.6053316233948182,0.8070907292735076,0.4522149219049369,0.5830414971249707,1.224612527072214,0.6613065789450302,0.7306884750740529,1.1332667409763786,0.6370517538827114,0.6241963583588132,0.3723932763009842,1.1195719746334372,0.423202002850705,0.5282451058942105,0.6703429295885482,1.1171268641376122,0.3965236091090016,0.4576199683290828,0.3578797569792138,0.6427728529974744,0.3686927634342009,0.5191608094163584,0.7649674579239013,0.3841834146639689,0.4819894966148079,0.2824509896279912,2.6053381785139558,0.4648933797822427
DE,0.7187910261725059,0.4674620148665209,0.4352495637879862,0.6023299710430846,0.3584290836729899,0.448673151241073,0.6196837553387348,0.2345677021098346,0.8214581047919239,0.3382071585841177,5.372690074837192e-08,0.5564568732792967,0.3220332509629776,0.3426307039720878,0.3578200939944734,0.6995424432658739,0.2721547942419575,0.3624311185374503,1.449763627738707,0.6739035989889219,0.9230388114493492,0.5335835067357937,0.638521964178017,1.29895716746838,0.6011833061972103,0.8048030800014423,1.1469142345278238,0.7192015491027828,0.6186585128826566,0.2966917519561163,1.1341988482958665,0.3487010009841054,0.5444355108878368,0.7330501469276115,1.2011999485900495,0.3361214236390736,0.392634268826307,0.3554688902462135,0.6917728886423675,0.3680240872445822,0.5107375445963661,0.6181606049228127,0.3310663191586999,0.5425635244228197,0.3875829355131555,2.6883373807499984,0.4163326357120426
DK,0.7792619570396736,0.5793558114389898,0.4349403056698442,0.5811410633378565,0.5059237109248955,0.5409120758062735,0.966252658532999,0.4879479096717646,0.638571912763528,0.4833998887654378,0.5564568732792967,0.0,0.5672256613898974,0.5129345894926629,0.4780162755014441,0.7541576052501023,0.6311613275946206,0.5037884205361046,1.2976182825199634,0.5435774227810024,0.7153970424566634,0.4975466664969575,0.5092359860493066,1.0704035881676317,0.7121381326164656,0.6706872077961995,1.1595033199695843,0.6513363404226618,0.5470554051272454,0.5602986962017668,1.151279436368326,0.5683799702209202,0.5360735051802858,0.6565812478480952,0.9822403659774736,0.4912302619510222,0.5625855348912095,0.537381773205193,0.6074032346513006,0.4886099384604633,0.6125970158980529,0.9906304598426866,0.4563027128383382,0.5252520948709393,0.5034249642910705,2.540247043323937,0.6630915186205528
EE,0.7675767677089711,0.4939179132828133,0.5401226072498333,0.6538475150345273,0.4153385184933665,0.484365931940016,0.6023578570616759,0.3581987861770668,0.8355851541221371,0.3888728880956997,0.3220332509629776,0.5672256613898974,5.960464477539064e-08,0.4119274783851672,0.3635464921502302,0.7195826571253813,0.3564511627745471,0.4638733015070764,1.480474367274223,0.7079566589261601,0.9685646399531852,0.5675654592972201,0.7015534459046036,1.320812225367142,0.6288607853246084,0.8635077322782693,1.171855379060774,0.6902434355273578,0.6631012140684867,0.3075705122957522,1.1426847171301782,0.3808513092230687,0.6143300255797381,0.7734995210760708,1.2496798335967223,0.424919455979437,0.4079353877059858,0.4057796655883858,0.7222508983011628,0.4337582208917858,0.5748163757847617,0.6038244749796132,0.4032113668495296,0.6172480464708496,0.4409508901039111,2.666766004237578,0.395752402230322
ES,0.6796590018466746,0.4777816570295005,0.4514665315942394,0.615037134164155,0.3666438899413543,0.4694820908034781,0.7155691679174584,0.3025394833558658,0.7659678890573923,0.3784795242973884,0.3426307039720878,0.512934589492663,0.4119274783851672,0.0,0.4007062958376461,0.7154672581829891,0.355486613776747,0.3960269096084208,1.4127957514302778,0.6221793151038871,0.873619150693006,0.5354512240845909,0.5921732319974344,1.271553276083626,0.6467786188930603,0.7424137387599765,1.1723995232362738,0.6813093416437315,0.6040139822671131,0.3740061134667626,1.1059139221783918,0.3902600221067711,0.5521988072561779,0.7125765471874875,1.1602341889499024,0.354892188108483,0.4747233172468307,0.4153890945840446,0.6166594536442086,0.4015842830775453,0.5885615661833786,0.7290618806533405,0.4102759711541142,0.5594268004736593,0.4385462534003804,2.633236194438532,0.462999180037718
FI,0.7481182881484231,0.4776775647816186,0.4667177535644171,0.608809282915524,0.4089615551067201,0.4770288169167913,0.7328600776484396,0.3610380893472908,0.7705333933233919,0.3494242216197459,0.3578200939944734,0.4780162755014441,0.3635464921502302,0.4007062958376461,0.0,0.7057643189127581,0.442592153967866,0.4189505930584135,1.3742593546327355,0.6375290205354209,0.8520141468736552,0.4978421996592083,0.6091024255789681,1.204670892148468,0.6395987052940362,0.7544648954084169,1.143447268600262,0.6506930953596372,0.6321748263309717,0.383170600419291,1.1310739506697138,0.4412829596565667,0.563517831234467,0.7103221808121479,1.135311725976732,0.4097360072234816,0.3969854809067842,0.414606605761841,0.6860765805903137,0.4046622422201866,0.5700670052609241,0.7416818691922011,0.3450303994991203,0.5503264229596888,0.420815048382484,2.6036906052013067,0.4763815274780666
FO,0.8430035568900803,0.764402538950277,0.7442184142162408,0.8035861290835147,0.7247906656382946,0.7787608998692832,0.9720953605989028,0.6809714479706853,0.8724832809381137,0.7412664638500327,0.6995424432658739,0.7541576052501023,0.7195826571253813,0.7154672581829891,0.7057643189127581,1.444721179430583e-07,0.7455514008389799,0.7131601208118635,1.4307629477046429,0.7639185446308312,0.997542596245938,0.8045587006718429,0.8022302311290135,1.2553920068474491,0.7552218543107662,0.9545777194196868,1.2171039903150185,0.9097263195867376,0.8068104439098915,0.6942493546651506,1.1806033125961406,0.7350019906959675,0.7668517248421289,0.863519169359445,1.2477862834255409,0.7080134696387341,0.7255053155967415,0.7591663297248106,0.8561956847548202,0.7146230499191195,0.7881133032733945,0.9753787053958268,0.6928829557044127,0.8617570106241799,0.7556098364530675,2.597775106755483,0.8140450489503523
FR,0.7066185371514362,0.4912404485242434,0.5414193728508978,0.6646176848082467,0.3295536688940227,0.4714109758528477,0.6143595212616035,0.2979155955241017,0.8537009849077646,0.4230038749339686,0.2721547942419575,0.6311613275946207,0.3564511627745471,0.355486613776747,0.442592153967866,0.7455514008389799,5.771194914292421e-08,0.4065342880183746,1.4843772545141405,0.7297146431696135,0.9992183628109338,0.5837808499335869,0.6759755270928124,1.351232077118045,0.6482179649672399,0.8494077560634873,1.1860049237485484,0.7245353350976973,0.641186733899248,0.3342878062373737,1.1086050416714974,0.371867736130017,0.6104100655023613,0.7785182267190559,1.2537039925792757,0.3827548863267097,0.4210085980448623,0.380169598977185,0.7023958172109646,0.4057982836457317,0.5759214979003292,0.6025212185401092,0.4126733740695028,0.6058768321352874,0.4357124344209512,2.695061539437586,0.4050280299773798
GB,0.6604939253114901,0.4768593158653629,0.4311363660873097,0.5818132522411509,0.3278317623331025,0.4212578596232393,0.7807999536792739,0.3216369546510347,0.6937738344334915,0.4187129218594511,0.3624311185374503,0.5037884205361046,0.4638733015070764,0.3960269096084208,0.4189505930584135,0.7131601208118635,0.4065342880183746,0.0,1.2754030747293217,0.6116464436342739,0.8256841079360004,0.4694345210825817,0.4130454960053375,1.10315079119737,0.6335916822742363,0.7183497061608468,1.122916311286437,0.6402971302606756,0.519073021382133,0.3968717394696905,1.104220117738243,0.4144001216213087,0.5382548891916981,0.6649686366276645,1.022417119484598,0.3264626887697764,0.4155636807841604,0.3692309800067923,0.588493393782361,0.3799597454343578,0.5878904609745784,0.7802570453083036,0.3428098742800511,0.4723116262782877,0.3984647246221305,2.5990599132400414,0.4677389839507049
GI,1.322014413971263,1.3741078034744871,1.2942167032292875,1.3289105194924853,1.3292201032049158,1.318392471540457,1.7504488334188435,1.3848820696013786,1.1520355721666244,1.389614944813182,1.449763627738707,1.2976182825199634,1.480474367274223,1.4127957514302778,1.374259354632736,1.4307629477046429,1.4843772545141405,1.2754030747293217,0.0,1.2373601042775673,1.2262569500386442,1.2576322776653914,1.1407642364837856,1.1163465889687578,1.422462887004626,1.216527532031297,1.5007973007636208,1.2986952844846449,1.251081146527526,1.437019206538313,1.5201404498012343,1.4152466875611855,1.322573835041967,1.2532262504648706,1.0522435373144072,1.353296736235178,1.3928937118776834,1.3692573509889066,1.2524825059917737,1.3347829797606836,1.4274326299405875,1.7558182901757426,1.343709861833602,1.2628817407883035,1.3408121392180803,2.393959178071872,1.4675503362338007
GR,0.7703902980410321,0.5800216368586838,0.511717954569449,0.5614931404347647,0.5879259769665779,0.5563900414085514,1.0787920492775864,0.5828945554889559,0.4852302754821929,0.6053316233948182,0.6739035989889219,0.5435774227810024,0.7079566589261601,0.622179315103887,0.6375290205354209,0.7639185446308312,0.7297146431696134,0.6116464436342739,1.2373601042775673,0.0,0.6208630677397501,0.5537661843989674,0.5264238899167355,1.017976828108638,0.8022858095852708,0.6186359345142454,1.1692456783756904,0.6448440066544718,0.5716729005581569,0.6433744973585448,1.1409912475581423,0.6500494675736779,0.5464541642444352,0.5086142951936751,0.9170650088839954,0.5865797504020078,0.6808170622224475,0.6523482057358253,0.5867430151510141,0.5511209351563993,0.6152490772053919,1.0968469514175674,0.5868305564975483,0.5965882469459098,0.5698475841371367,2.4892933059003237,0.7546588990094935
HR,0.9702855076533732,0.815922370539081,0.7102398218295446,0.5997262488626695,0.8373506060723432,0.787076291513597,1.3151798229088965,0.8495876374907337,0.7134623228673185,0.8070907292735077,0.9230388114493492,0.7153970424566631,0.9685646399531852,0.873619150693006,0.8520141468736552,0.997542596245938,0.9992183628109336,0.8256841079360004,1.2262569500386442,0.6208630677397501,7.884953353001449e-08,0.727131273799626,0.6814303478766836,1.0270265710461195,1.0069480124781818,0.7170592420041921,1.2770906049600823,0.8154751324702418,0.7997808453507639,0.8989327493209786,1.2976485247951612,0.9049920463303368,0.6874823489868247,0.6476467568204631,0.8651113172209269,0.8207291225950575,0.8911785787217015,0.8386672952904526,0.7442760201917656,0.776221731328407,0.7949867096681332,1.3320388925617388,0.8072970188163268,0.7148171591240351,0.7802725016092679,2.4903520156155348,0.9819855867736038
HU,0.7277010635547059,0.5173912933395076,0.4371278018959318,0.5728407901364986,0.4659823179310248,0.4103634982441544,0.9376230596266052,0.4822626268963584,0.6564434444265296,0.4522149219049369,0.5335835067357937,0.4975466664969575,0.5675654592972201,0.5354512240845908,0.4978421996592083,0.8045587006718429,0.5837808499335868,0.4694345210825817,1.2576322776653917,0.5537661843989674,0.7271312737996262,1.210576058124894e-07,0.5032766959700007,1.0859840441893671,0.7127985788773975,0.6181475003896109,1.121794657385406,0.5806673133738453,0.5777096562940672,0.5273084587777415,1.1053143611531968,0.5366030210707508,0.5597382292009748,0.585005946231374,0.941628211130232,0.5020427692441735,0.5444652262966249,0.4561541004970848,0.5870941586630523,0.3997973351083351,0.5643625479396681,0.948061254048724,0.4736162806908333,0.4235063767531439,0.4099466709998397,2.4987536727790656,0.5851475632292912
IE,0.7234641182044322,0.6024342333957559,0.4550987936567414,0.6060443877035254,0.5000486127012573,0.5299258864036378,1.057234900081627,0.5332831765969883,0.5374291320893695,0.5830414971249707,0.638521964178017,0.5092359860493066,0.7015534459046036,0.5921732319974343,0.6091024255789681,0.8022302311290135,0.6759755270928123,0.4130454960053375,1.1407642364837856,0.5264238899167355,0.6814303478766836,0.5032766959700007,1.97686242482388e-07,0.9358215523950556,0.7398706218495072,0.6316059614409403,1.1429913810207937,0.6369050723798586,0.5138473431684614,0.635213550307512,1.1320746332589535,0.6246372694839973,0.5669869734981318,0.5854229337495422,0.8146716207973904,0.5046621608819579,0.6308046046640925,0.5643754925486503,0.5256658208129833,0.530466124014435,0.6836854902117787,1.0703959968129364,0.5319996889686089,0.4959326330487841,0.5297772496622628,2.4900088767049646,0.705106286098955
IM,1.17847545946149,1.1982966029800366,1.0991933702184025,1.1370664960827737,1.156464808693136,1.150305084254582,1.6490246910391018,1.216693624651471,0.9506039790994316,1.224612527072214,1.2989571674683795,1.0704035881676317,1.320812225367142,1.271553276083626,1.204670892148468,1.2553920068474491,1.351232077118045,1.10315079119737,1.1163465889687578,1.017976828108638,1.0270265710461195,1.085984044189367,0.9358215523950556,0.0,1.2919871961355502,1.0503624982007227,1.3956905484930184,1.0797367728348763,1.0099573059371183,1.2675692006223007,1.4501954696431765,1.256799283932276,1.14022993099388,1.055939055392224,0.9228272878717284,1.1726370397482966,1.223645846852146,1.2173464179964837,1.0696842184085469,1.174314526952264,1.254600519283442,1.6566118064084097,1.1572185524163796,1.088047838560857,1.16079196244105,2.373506851955976,1.3225203319693164
IS,0.8475031840002134,0.7248098959274194,0.6820583454434288,0.8032754643927988,0.6587685243358355,0.707821595134739,0.9080422957749058,0.5795574555350902,0.8869177312623339,0.6613065789450302,0.6011833061972103,0.7121381326164656,0.6288607853246084,0.6467786188930603,0.6395987052940362,0.7552218543107662,0.6482179649672399,0.6335916822742363,1.422462887004626,0.8022858095852708,1.0069480124781818,0.7127985788773975,0.7398706218495072,1.2919871961355502,9.424321830774485e-08,0.914117987923344,1.2137345745252903,0.8824092767926615,0.7662205045594498,0.6486459050898662,1.2203842675640175,0.6819358377644839,0.7398110766397141,0.8521173245494007,1.2119312497005086,0.6403848928756745,0.6342377590800428,0.6645552284010608,0.806951644429791,0.6371107225368076,0.7307857074091814,0.9141875593795876,0.6220590727165771,0.7863579096303449,0.6683380652897991,2.651538618092657,0.7494889043570343
IT,0.842823590677537,0.715070254464034,0.6302867698211579,0.7337258980960837,0.7015652566992266,0.6798607629510427,1.197239685294956,0.7184952612742425,0.7072889424333579,0.7306884750740529,0.8048030800014423,0.6706872077961995,0.8635077322782693,0.7424137387599764,0.7544648954084169,0.9545777194196868,0.8494077560634873,0.7183497061608468,1.216527532031297,0.6186359345142454,0.7170592420041921,0.6181475003896109,0.6316059614409403,1.0503624982007227,0.914117987923344,1.299053115707837e-07,1.1981079488081103,0.7293892064032002,0.6951013172560807,0.7847232103366745,1.1617217056332,0.7865477435020928,0.6997243996360955,0.6595898543844452,0.7925671982890751,0.7297468021259796,0.817446413365789,0.736362744558219,0.6709527524518253,0.6659869241749505,0.7801871725167929,1.2101452723210304,0.7254874992224286,0.6327370027058178,0.6875617940255554,2.3418885780979832,0.8529391076638425
LI,1.1766012513565745,1.1841337384317523,1.117616241242548,1.1795479460826177,1.1278753584284074,1.124115175613614,1.3708714002308018,1.1227255661261744,1.192103404534413,1.1332667409763786,1.1469142345278238,1.1595033199695843,1.171855379060774,1.1723995232362738,1.143447268600262,1.2171039903150185,1.1860049237485484,1.122916311286437,1.5007973007636208,1.1692456783756904,1.2770906049600823,1.121794657385406,1.1429913810207937,1.3956905484930184,1.2137345745252903,1.1981079488081103,0.0,1.216199810973036,1.1476454983729631,1.1612916409300271,1.3146025547458982,1.1652456073001916,1.1602737749344922,1.2006989283369316,1.362946967189236,1.13067895178157,1.1756759337648277,1.1362087285897198,1.1772818454035934,1.1138474641048333,1.1740439431273966,1.3714682072893123,1.120400944888917,1.1411047073223155,1.135587296867173,2.5420240470980264,1.1920128072264755
LT,0.7869819858280243,0.5955450268160225,0.6317467708237122,0.6749202598965048,0.5861698464129815,0.5698077345974542,1.0471310363947874,0.6481649176641886,0.6890424946994037,0.6370517538827114,0.7192015491027828,0.6513363404226618,0.6902434355273578,0.6813093416437315,0.6506930953596372,0.9097263195867376,0.7245353350976973,0.6402971302606756,1.2986952844846449,0.6448440066544718,0.8154751324702418,0.5806673133738453,0.6369050723798586,1.0797367728348763,0.8824092767926615,0.7293892064032002,1.216199810973036,1.210576058124894e-07,0.6450808762436945,0.6417202374969622,1.165382545796732,0.6630291534888535,0.6807786963270193,0.6732021585135238,0.9926653156554214,0.6400077154508043,0.6536139307360201,0.6063114456711826,0.6692581047836782,0.6080689717032526,0.7500181067713749,1.0486047514291577,0.6170225945592999,0.5997930849934002,0.5725455453496602,2.488195365424141,0.6776548119846343
LU,0.6697794546645836,0.5995961112313062,0.5175027897252391,0.6186048355860049,0.4653533198158024,0.5511698163576603,1.0101624508280898,0.5234983517376232,0.604715155609172,0.6241963583588132,0.6186585128826566,0.5470554051272454,0.6631012140684867,0.604013982267113,0.6321748263309717,0.8068104439098915,0.641186733899248,0.519073021382133,1.251081146527526,0.5716729005581569,0.7997808453507639,0.5777096562940672,0.5138473431684614,1.0099573059371183,0.7662205045594498,0.6951013172560807,1.1476454983729631,0.6450808762436945,1.788139343261719e-07,0.6037580238011251,1.1046748336923953,0.5676259410504224,0.5524112343919956,0.6305713898808717,0.9228302235613022,0.5026622138644132,0.6266667773905308,0.5902892861847202,0.5701781617016788,0.5279855075097085,0.6707918442042212,1.0137219053458275,0.5067971607291659,0.559531710681945,0.5643879089671435,2.5149177867194785,0.6857784157588441
LV,0.7050135813936623,0.4227216503942756,0.4913458533329156,0.5640319664602831,0.3689146824540064,0.4133710088583846,0.6118447974335984,0.2982719339834152,0.7806620751953259,0.3723932763009842,0.2966917519561163,0.5602986962017668,0.3075705122957522,0.3740061134667626,0.383170600419291,0.6942493546651506,0.3342878062373737,0.3968717394696905,1.437019206538313,0.6433744973585448,0.8989327493209786,0.5273084587777415,0.635213550307512,1.2675692006223007,0.6486459050898662,0.7847232103366745,1.1612916409300271,0.6417202374969622,0.6037580238011251,6.322027276634104e-08,1.119920971797453,0.2879770661658488,0.5223089435156743,0.6933298880243665,1.1844953895482204,0.3777738333887185,0.4200367197546006,0.3696511017164718,0.661808928582405,0.3738487590924206,0.5244884984066158,0.6090008481135097,0.3583837468572428,0.5416610629901734,0.3950519659317044,2.658600079451829,0.3312930610011718
MC,1.1176114320580708,1.1418353823870615,1.1236341383674595,1.2007289881922445,1.0728826076988878,1.082895631004674,1.3396129995655406,1.0956096215295097,1.159466392929069,1.1195719746334372,1.1341988482958665,1.151279436368326,1.1426847171301782,1.1059139221783918,1.1310739506697138,1.1806033125961406,1.1086050416714974,1.104220117738243,1.5201404498012343,1.1409912475581423,1.2976485247951612,1.1053143611531968,1.1320746332589535,1.4501954696431765,1.2203842675640175,1.1617217056332,1.3146025547458982,1.165382545796732,1.1046748336923953,1.119920971797453,1.299053115707837e-07,1.115570307472751,1.1530328575669635,1.1970632727688202,1.3823472799664125,1.1225846511545483,1.1687204854116549,1.1074860250862462,1.1502309918578353,1.090547979807609,1.181826912773294,1.34433123081282,1.1217069499682355,1.1247530578287177,1.1164881873527963,2.4676938762385614,1.1531110425538549
MD,0.6897244567189601,0.4393479875188585,0.5088728407598845,0.5902118794614588,0.3793637195600989,0.4235535614714891,0.5784200540408645,0.3351441408568225,0.7605690322492074,0.423202002850705,0.3487010009841054,0.5683799702209202,0.3808513092230687,0.3902600221067711,0.4412829596565667,0.7350019906959675,0.371867736130017,0.4144001216213087,1.4152466875611855,0.6500494675736779,0.9049920463303368,0.5366030210707508,0.6246372694839973,1.256799283932276,0.6819358377644839,0.7865477435020928,1.1652456073001916,0.6630291534888535,0.5676259410504224,0.2879770661658488,1.115570307472751,0.0,0.5084244589606348,0.695533455394292,1.1518564195109986,0.3900506649365078,0.4685010281606606,0.4061287840197114,0.6687843001576156,0.3725763884909734,0.548208797356537,0.5860309201923247,0.3825713975187089,0.5498841731390283,0.4383049576325999,2.655492242263888,0.3007745585306648
ME,0.7473519487505543,0.5031429077518706,0.4860439848793025,0.3995458595448561,0.518852730139885,0.5078250585964733,0.9176030390837908,0.4723294781254812,0.6711584104275639,0.5282451058942105,0.5444355108878368,0.5360735051802858,0.6143300255797381,0.5521988072561778,0.563517831234467,0.7668517248421289,0.6104100655023612,0.5382548891916981,1.322573835041967,0.5464541642444352,0.6874823489868247,0.5597382292009748,0.5669869734981318,1.14022993099388,0.7398110766397141,0.6997243996360955,1.1602737749344922,0.6807786963270193,0.5524112343919956,0.5223089435156743,1.1530328575669635,0.5084244589606348,1.548574096771071e-07,0.543023394675703,1.028429621863995,0.4994840242330957,0.6062868696144412,0.5585905436840929,0.6429543479425569,0.4794861080025201,0.4643614963616572,0.9288138212377536,0.5001464890931778,0.5343346981308456,0.5044028055437293,2.581001438775204,0.6268078975693632
MK,0.7989351780454311,0.5715680529226588,0.5722437955254408,0.5243806408400093,0.6414436161555772,0.5771548835724897,1.120461479229172,0.6375781791361297,0.6287542480360286,0.6703429295885482,0.7330501469276115,0.6565812478480952,0.7734995210760708,0.7125765471874874,0.7103221808121479,0.863519169359445,0.7785182267190558,0.6649686366276645,1.2532262504648706,0.5086142951936751,0.6476467568204631,0.585005946231374,0.5854229337495422,1.055939055392224,0.8521173245494007,0.6595898543844452,1.2006989283369316,0.6732021585135238,0.6305713898808717,0.6933298880243665,1.1970632727688202,0.695533455394292,0.543023394675703,1.1151007970493857e-07,0.9091089214055358,0.6455538505815454,0.700455815873793,0.676465484562345,0.6279831725503402,0.5869389096761535,0.6009904966525553,1.1226348092646437,0.6439958483778461,0.5989834179749942,0.5903465198903773,2.514391624953855,0.7811225227140783
MT,1.0947572096376583,1.0839798999997432,0.9822655334410254,1.047318869048651,1.045333743934768,1.025431408587454,1.5797402141564063,1.1143467338745034,0.7999000014262627,1.1171268641376122,1.2011999485900495,0.9822403659774734,1.2496798335967223,1.1602341889499024,1.1353117259767318,1.2477862834255404,1.2537039925792757,1.022417119484598,1.0522435373144072,0.9170650088839954,0.8651113172209269,0.941628211130232,0.8146716207973904,0.9228272878717284,1.2119312497005086,0.7925671982890751,1.362946967189236,0.9926653156554214,0.9228302235613022,1.1844953895482204,1.3823472799664125,1.1518564195109986,1.028429621863995,0.9091089214055358,0.0,1.063227840045893,1.1590473727785653,1.0979312497337232,0.9320757219611424,1.0422864154661684,1.1498937013857862,1.5914392281353185,1.0575414126564076,0.9334886273873194,1.0510792478979083,2.35890927809156,1.228626185160329
NL,0.6574124364536122,0.4474739265386916,0.4014464811705826,0.5477270452552196,0.2495032703385901,0.4321908396810768,0.7636954132297341,0.29098886646939,0.7034359303311541,0.3965236091090016,0.3361214236390736,0.4912302619510222,0.424919455979437,0.354892188108483,0.4097360072234816,0.7080134696387341,0.3827548863267097,0.3264626887697764,1.353296736235178,0.5865797504020078,0.8207291225950575,0.5020427692441735,0.5046621608819579,1.1726370397482966,0.6403848928756745,0.7297468021259796,1.13067895178157,0.6400077154508043,0.5026622138644132,0.3777738333887185,1.1225846511545483,0.3900506649365078,0.4994840242330957,0.6455538505815454,1.063227840045893,4.712160915387242e-08,0.4034010879653863,0.370428906956178,0.5932275366273516,0.3603354008891325,0.5496358412485433,0.7634217705360247,0.3233011486795359,0.5071696256101689,0.3908945220730294,2.627225377656993,0.469287952202203
NO,0.7201545624327845,0.4694590624087917,0.5181554807009606,0.6161676375012931,0.3970431687846189,0.4970592143561262,0.7449697603926895,0.3833819562510743,0.7955711281896773,0.4576199683290828,0.392634268826307,0.5625855348912094,0.4079353877059858,0.4747233172468307,0.3969854809067842,0.7255053155967415,0.4210085980448623,0.4155636807841604,1.3928937118776834,0.6808170622224474,0.8911785787217015,0.5444652262966247,0.6308046046640924,1.223645846852146,0.6342377590800428,0.8174464133657889,1.1756759337648277,0.65361393073602,0.6266667773905307,0.4200367197546006,1.1687204854116549,0.4685010281606606,0.6062868696144411,0.7004558158737929,1.1590473727785653,0.4034010879653863,1.5840151626966372e-07,0.4140811133062734,0.6864395781466629,0.4262493029194331,0.5794076307790981,0.7244600222210603,0.3402381314167766,0.5998225674057739,0.4391523710544289,2.6546979831670936,0.4810276106867983
PL,0.6995334008862198,0.493097214885711,0.4523884658164527,0.5784550171899883,0.3492949274666002,0.4045769920312964,0.7562892625151837,0.3565908230484139,0.7565910247131065,0.3578797569792138,0.3554688902462135,0.537381773205193,0.4057796655883858,0.4153890945840446,0.414606605761841,0.7591663297248106,0.380169598977185,0.3692309800067923,1.3692573509889066,0.6523482057358253,0.8386672952904526,0.4561541004970848,0.5643754925486503,1.2173464179964837,0.6645552284010608,0.736362744558219,1.1362087285897198,0.6063114456711826,0.5902892861847202,0.3696511017164718,1.1074860250862462,0.4061287840197114,0.5585905436840929,0.676465484562345,1.0979312497337232,0.370428906956178,0.4140811133062734,1.3657139822709086e-07,0.6098677435647744,0.3457025187046268,0.5484664101359568,0.7537437167264356,0.37319771142753,0.4713584891658063,0.3367378227372535,2.60035336380498,0.4421905579428735
PT,0.7197444697342742,0.636922279939882,0.5510114585470395,0.63948211532864,0.573231491533897,0.5907405162077713,1.084581542001273,0.5928799635618552,0.6115869835539404,0.6427728529974744,0.6917728886423675,0.6074032346513006,0.7222508983011628,0.6166594536442085,0.6860765805903137,0.8561956847548202,0.7023958172109644,0.588493393782361,1.2524825059917732,0.5867430151510141,0.7442760201917655,0.5870941586630523,0.5256658208129833,1.0696842184085469,0.806951644429791,0.6709527524518253,1.1772818454035934,0.6692581047836782,0.5701781617016788,0.661808928582405,1.1502309918578353,0.6687843001576156,0.6429543479425569,0.6279831725503402,0.9320757219611422,0.5932275366273516,0.6864395781466629,0.6098677435647744,0.0,0.5916928462481399,0.6998834819636759,1.0865674686096745,0.6135438038287433,0.5819754593678907,0.5899896506029098,2.504680738696424,0.7469854649967858
RO,0.6611053556928795,0.4215428515298892,0.4389248406880413,0.5083021237699605,0.3464092576334803,0.3559671998893704,0.7816184365817774,0.3323230663410312,0.6905385245679997,0.3686927634342009,0.3680240872445822,0.4886099384604633,0.4337582208917858,0.4015842830775453,0.4046622422201866,0.7146230499191195,0.4057982836457317,0.3799597454343578,1.3347829797606836,0.5511209351563993,0.776221731328407,0.3997973351083351,0.530466124014435,1.174314526952264,0.6371107225368076,0.6659869241749505,1.1138474641048333,0.6080689717032526,0.5279855075097085,0.3738487590924206,1.090547979807609,0.3725763884909734,0.4794861080025201,0.5869389096761535,1.0422864154661684,0.3603354008891325,0.4262493029194331,0.3457025187046268,0.5916928462481399,0.0,0.4634661095048669,0.7826693016978165,0.3545006702592196,0.4658669689667144,0.3469059813931507,2.581220534845204,0.458609986241426
RS,0.7924172929452697,0.5436229918379096,0.5527282534093201,0.4789929204713954,0.5642280967451149,0.522969134967705,0.8710220430882902,0.5021255060365788,0.7976357030759996,0.5191608094163584,0.5107375445963661,0.6125970158980529,0.5748163757847617,0.5885615661833786,0.5700670052609241,0.7881133032733945,0.5759214979003292,0.5878904609745784,1.4274326299405875,0.6152490772053919,0.7949867096681332,0.5643625479396681,0.6836854902117787,1.254600519283442,0.7307857074091814,0.7801871725167929,1.1740439431273966,0.7500181067713749,0.6707918442042212,0.5244884984066158,1.181826912773294,0.548208797356537,0.4643614963616572,0.6009904966525553,1.1498937013857862,0.5496358412485433,0.5794076307790981,0.5484664101359568,0.6998834819636759,0.4634661095048669,1.5049435106459378e-07,0.8764087225385343,0.5259662173354537,0.5887014180220376,0.4951424197722663,2.6353280580080165,0.6288912916083772
RU,1.0157690558882126,0.8041511084241754,0.9295166746284526,0.9739011269341226,0.7632566844536613,0.8308059320997314,0.1428423659229979,0.7026136701226189,1.22173067642796,0.7649674579239013,0.6181606049228127,0.9906304598426866,0.6038244749796132,0.7290618806533405,0.7416818691922011,0.9753787053958268,0.6025212185401092,0.7802570453083036,1.7558182901757426,1.0968469514175674,1.3320388925617388,0.948061254048724,1.0703959968129364,1.6566118064084097,0.9141875593795876,1.2101452723210304,1.3714682072893123,1.0486047514291577,1.0137219053458275,0.6090008481135097,1.34433123081282,0.5860309201923247,0.9288138212377536,1.1226348092646437,1.5914392281353182,0.7634217705360247,0.7244600222210603,0.7537437167264356,1.0865674686096745,0.7826693016978165,0.8764087225385343,6.143906154658886e-08,0.7499901952684517,0.9703404228005664,0.8142410434826791,2.911565914625512,0.4960476387938798
SE,0.6708279299049394,0.4369476285129243,0.4153647767268181,0.5364767938917618,0.3414291594289332,0.4266079497603675,0.7530055113488391,0.3085307969955183,0.7058770420594774,0.3841834146639689,0.3310663191586999,0.4563027128383382,0.4032113668495296,0.4102759711541142,0.3450303994991203,0.6928829557044127,0.4126733740695028,0.3428098742800511,1.343709861833602,0.5868305564975483,0.8072970188163267,0.4736162806908333,0.5319996889686089,1.1572185524163798,0.6220590727165771,0.7254874992224286,1.120400944888917,0.6170225945592999,0.5067971607291659,0.3583837468572428,1.1217069499682355,0.3825713975187089,0.5001464890931778,0.6439958483778461,1.057541412656407,0.3233011486795359,0.3402381314167766,0.37319771142753,0.6135438038287433,0.3545006702592196,0.5259662173354537,0.7499901952684517,6.989264130329236e-08,0.4769677238807571,0.3792387553373569,2.616944909009464,0.4561431466309466
SI,0.7552016676780481,0.5437833559139092,0.4299801669897511,0.5394126977153604,0.4879408409217662,0.4399374223178824,0.9595198445178368,0.4848438163671181,0.6579288982424901,0.4819894966148079,0.5425635244228197,0.5252520948709393,0.6172480464708496,0.5594268004736592,0.5503264229596888,0.8617570106241799,0.6058768321352873,0.4723116262782877,1.2628817407883035,0.5965882469459098,0.7148171591240351,0.4235063767531439,0.4959326330487841,1.088047838560857,0.7863579096303449,0.6327370027058178,1.1411047073223155,0.5997930849934002,0.559531710681945,0.5416610629901734,1.1247530578287177,0.5498841731390283,0.5343346981308456,0.5989834179749942,0.9334886273873194,0.5071696256101689,0.599822567405774,0.4713584891658063,0.5819754593678907,0.4658669689667144,0.5887014180220376,0.9703404228005664,0.4769677238807571,5.960464477539064e-08,0.4167836199430864,2.5227192531682863,0.6019926874565684
SK,0.7012203214064064,0.4267521171942627,0.4108261689982571,0.5151861784618387,0.3734324083806832,0.3473621162806025,0.811947937044091,0.3554997200100079,0.7063031213660644,0.2824509896279912,0.3875829355131555,0.5034249642910705,0.4409508901039111,0.4385462534003806,0.420815048382484,0.7556098364530675,0.4357124344209511,0.3984647246221305,1.3408121392180803,0.5698475841371367,0.7802725016092679,0.4099466709998397,0.5297772496622628,1.16079196244105,0.6683380652897991,0.6875617940255554,1.135587296867173,0.5725455453496602,0.5643879089671435,0.3950519659317044,1.1164881873527963,0.4383049576325999,0.5044028055437293,0.5903465198903773,1.0510792478979083,0.3908945220730294,0.439152371054429,0.3367378227372535,0.5899896506029098,0.3469059813931507,0.4951424197722663,0.8142410434826791,0.3792387553373569,0.4167836199430864,1.0745380149674385e-07,2.598875097599089,0.483642478906015
