ISO_CODE,AG,AI,AR,AW,BB,BM,BO,BQ,BR,BS,BZ,CA,CL,CO,CR,CW,DM,DO,EC,GD,GF,GL,GP,GT,GY,HN,HT,JM,KN,KY,LC,MQ,MS,MX,NI,PA,PE,PM,PR,PY,SR,SV,SX,TC,TT,US,UY,VC,VE,VG,VI
AG,0.0,0.8915620238461245,0.9003888707435896,0.8664969754538452,0.5152097399539364,0.8812169202405356,0.7594232185702099,1.2751667427720006,0.9184915893831234,0.4906284935903007,0.5060442860760451,0.700691698595865,0.8538694998539346,0.7453821679535682,1.1123956981682066,0.7660025979383218,0.6997381757992984,0.6525849833349107,0.834081085941592,0.5393427207646837,0.678588656035569,0.9724642234969394,0.6806657289967007,0.6486822449667766,0.550208270610884,0.7386911894958182,0.83959732821448,0.4941668398412441,0.8996104929076908,0.724201878318598,0.4743237492843413,0.6581131612475538,3.159099111509638,0.8011064083948103,0.766065894098283,0.6238813590537182,0.7266351179643261,2.5772810640802275,1.345099088240551,1.0148315189903527,0.751524017281614,0.8347390144843817,0.7398528023600608,0.7612863777435774,0.623751854073938,0.691548758269556,0.9385300860297648,0.5412814250058604,0.808303356709189,1.1568313020435967,0.9254382530976308
AI,0.8915620238461245,0.0,1.1428245210903332,1.0430452602706186,0.9153117763636586,1.0492604775894752,1.0732430938873456,1.302431962639013,1.1669353982075814,0.912696030432837,0.917082575339619,1.0010160816111873,1.107036521527218,1.088451832756119,1.268971435392284,1.0241326000661934,0.9672344681755723,0.9922690781373998,1.118552797118004,0.8962157456581195,0.9685720183824136,1.1722892031180911,0.9237484877766288,1.0031938873176436,0.9793525200005764,1.0748182175102086,1.1407345591054725,0.9833588501610516,1.1105721087777545,0.9626483249635224,0.9076343277072836,0.9324788680254832,3.1804774838270298,1.079685415927864,1.057113537179798,1.01274091010269,1.064848743037345,2.586591268007278,1.4017089805543377,1.21902204940416,1.0638423547186238,1.1196082746662983,0.9223588891079304,0.9583127875757348,0.980890167091798,0.9998823669590552,1.1620799727502389,0.9198519167109512,1.117048771114195,1.2056789534924388,1.0176692974368282
AR,0.9003888707435896,1.1428245210903332,1.6049041769309353e-07,0.8381532465905599,0.904858061552928,1.1153187598175291,0.5262028633340509,1.2857045327974213,0.7457904137084328,0.888636556995347,0.7764064340242139,0.9030472540841828,0.4408650497356347,0.5672455402038468,0.7136078567928434,0.8118389076282683,1.0519387594437402,0.6010345537715573,0.4725605384651393,0.9491919021806507,0.7712908159714523,1.174925242536123,0.8875925306944248,0.6105482893766339,0.7852342250114487,0.7048374682583894,1.0809631808729534,0.9168701629825804,1.1935807668653549,0.9666576021379598,0.9273355496089408,0.8768004444213507,3.225178833456792,0.6647632275085356,0.6606382800292139,0.6456926573027831,0.5392285391309524,2.6168997330434585,1.0454567769754588,0.6811724040020997,0.8169389729286973,0.6669781238070109,1.0169167182931005,1.03954526839439,0.8782058245537306,0.8842656363982815,0.4969300111778595,0.9371756245503968,0.7417079519371863,1.3607368745798434,1.1441247141956044
AW,0.8664969754538452,1.0430452602706186,0.8381532465905599,9.424321830774485e-08,0.8497250357567977,0.982639305633698,0.8456456203036259,1.1100284166534096,0.985315109270244,0.8505163619028796,0.7952012743115207,0.8809071423457986,0.8209165210202893,0.8750255212204379,0.8817147773415147,0.6335728482048641,0.9829197821884768,0.8081704876708382,0.8265180615199058,0.8926264291865791,0.8924065893971617,1.0898246228321595,0.8625594085748065,0.8077773377434487,0.8813210321745899,0.9121409328641116,1.16074263822285,0.9676033255578612,1.0683365049728362,0.843452434347473,0.8798345623743509,0.877763976093815,3.1180680259233817,0.8502849805961096,0.817704057216079,0.8764712216406739,0.866055971380444,2.540811270613513,1.0710645221537074,0.9798541803807432,0.785182655861019,0.8727957976838838,0.8782212217497005,1.022220986125089,0.8181289440089522,0.8673380708640785,0.8589153197849975,0.9262107418961826,0.9705054979901522,1.2085863905640537,0.9700545190701138
BB,0.5152097399539364,0.9153117763636586,0.904858061552928,0.8497250357567977,0.0,0.8362607779614157,0.7750827922114005,1.292896838105952,0.927930622051778,0.4435644927487332,0.4925205071715983,0.5551949988156211,0.8339332223422535,0.7299777265913786,1.1166750269252566,0.7157671973777444,0.7070744245173258,0.6202859883137246,0.832616768323911,0.4781849652516156,0.6638461336163496,0.9799595847679884,0.6300956272488378,0.633793417195619,0.513719263042039,0.7232683351144412,0.7879649372372945,0.4612228218320616,0.9402106433473832,0.6510455106813725,0.4352388671194132,0.6110074482603745,3.2163713162873915,0.7958845989205116,0.7606136615951321,0.5787326579668904,0.7234232025504723,2.586003309707955,1.3644224391247963,1.0523407569850505,0.7773636283103792,0.8436817270060185,0.7669582833992524,0.7470821087960762,0.588107096485868,0.5925286807285556,0.9475862950310614,0.5053397265226015,0.813914640699475,1.189748770585358,0.9243859685603334
BM,0.8812169202405356,1.0492604775894752,1.1153187598175291,0.982639305633698,0.8362607779614157,2.149076029934877e-07,1.0575267155355397,1.3466188214134471,1.112342293598195,0.8070445059290482,0.9099418492099648,0.790169857342923,1.060745354606257,1.058994361645508,1.23285334870429,0.9511595504484422,1.0236324333158242,0.9717697268631575,1.098018400357328,0.8670076146250181,0.978231406478277,1.0427288217903423,0.9580833488237132,0.9988422943859464,0.9121204865471372,1.0495933890645883,1.0971583698655831,0.918393506878144,1.0469691792368123,0.7532199465285923,0.8800966359868208,0.9434173232147454,3.157948859531511,1.0504063729198123,1.0311103473828118,0.974240727803916,1.052642367381846,2.551753138475685,1.416210628302069,1.2311377778779506,1.0422026469086505,1.10222818393381,0.9671124037243968,0.9815490949589596,0.8251539994566098,0.7881169060025607,1.1246180371762369,0.9460451602267144,1.066144536428383,1.254682516229144,0.9739008661541816
BO,0.7594232185702099,1.0732430938873456,0.5262028633340509,0.8456456203036259,0.7750827922114005,1.0575267155355397,1.3657139822709086e-07,1.2760699160452604,0.7521154548643455,0.7294687214232783,0.6178107007512768,0.8305862710736567,0.4913238435027726,0.4759300634732001,0.8034783808943304,0.7621192025638501,0.9596829291755306,0.4628383928647804,0.4558691782106275,0.8064638771867038,0.6612277881773422,1.1033512099583145,0.8226059100593984,0.3938280429278363,0.6195718787716977,0.5304380775451353,0.9483053212706332,0.7419281003807541,1.1419997688515546,0.8933031723225306,0.7663306968625204,0.8166463408581671,3.205241371807024,0.6036783354069001,0.4976655970292474,0.4511849840373785,0.4354835711470815,2.624150767434569,1.1598993509601117,0.7040469333411856,0.7285202975451075,0.5213402522548001,0.9501180606472178,0.9306692029858974,0.7846814914325878,0.7978520174086619,0.5114209735396459,0.7870288312847273,0.605538895202757,1.3231944333573171,1.115193433843436
BQ,1.2751667427720006,1.302431962639013,1.2857045327974213,1.1100284166534096,1.292896838105952,1.3466188214134471,1.2760699160452604,1.3328003749250113e-07,1.3514297462263127,1.2827961426743573,1.24464660016859,1.3457477259928503,1.2800639121025412,1.3020180887027486,1.3337257645402978,1.1073154315417784,1.303506664879706,1.2472395784481445,1.2864168622498795,1.2828403916691735,1.306783240161332,1.4454384126124762,1.3115211132116806,1.2541375774931869,1.310724553353659,1.316571813192874,1.5086885577794944,1.3618145113958635,1.3534641599985064,1.2721227634320924,1.289754493982069,1.3177385690660843,3.229945145191153,1.2931458729842096,1.279300664449171,1.2966952759234591,1.2737949435386904,2.696804930311106,1.4296829924409633,1.3335322223750143,1.2188448879192657,1.3107839478788512,1.1996516451794503,1.295887964275882,1.2686640783414675,1.3245528744795667,1.3087344142615769,1.2901279225120523,1.372075812208853,1.4150918228820055,1.327120827480595
BR,0.9184915893831234,1.1669353982075814,0.7457904137084328,0.985315109270244,0.927930622051778,1.112342293598195,0.7521154548643455,1.3514297462263127,0.0,0.8860574738322687,0.850110040200199,0.9316310886231484,0.7555021375515644,0.7710354227507596,0.9366409178254272,0.9301020852451596,1.061557500184635,0.7456476446285849,0.7549802202048786,0.9719396508702576,0.8346539322069507,1.1906501681050892,0.9689912412298036,0.7468555692530746,0.83647623120726,0.8273772008107386,1.0992315124568903,0.8964347711021257,1.1796820825515648,1.0234244751723691,0.950319817812758,0.9367773953614978,3.1770366534176384,0.7657555599621421,0.8194963502655656,0.7891443559796412,0.7269227173909276,2.580101675668287,1.2455718722659217,0.803022799405808,0.8481548440689205,0.8328534359540548,1.04011308036163,1.059559120018171,0.906408522099279,0.9052007170635356,0.8095491584642792,0.9630626008462728,0.9081900541911936,1.3752684876771586,1.1692192656953555
BS,0.4906284935903007,0.912696030432837,0.888636556995347,0.8505163619028796,0.4435644927487332,0.8070445059290482,0.7294687214232783,1.2827961426743573,0.8860574738322687,0.0,0.4900340730699826,0.5712711888049545,0.8363552827533841,0.7057795451359601,1.1060478491212828,0.7232908512750681,0.7171420840979362,0.5895683027349008,0.8169852721125529,0.5206335737519626,0.6535683197863257,0.9445810116805552,0.6676199684410923,0.6025493594552151,0.486905151708688,0.6730764447708782,0.7462843008518979,0.43701074375575,0.9126660569025212,0.6428592395517149,0.4652640861111621,0.633797634083877,3.172928653486636,0.7723685575631424,0.7159441727194035,0.5646350534631746,0.6986912591524604,2.5511712521542917,1.3473455155667189,1.017874889434128,0.7501555513839282,0.8060165339872465,0.7785891821765534,0.7227561981430893,0.5817500297574222,0.5360742430122925,0.9395397891862204,0.513617854363654,0.7585122177551656,1.1705067430425329,0.9108870911411115
BZ,0.5060442860760451,0.917082575339619,0.7764064340242139,0.7952012743115207,0.4925205071715983,0.9099418492099648,0.6178107007512768,1.24464660016859,0.850110040200199,0.4900340730699826,0.0,0.6601945189875017,0.7247408935672761,0.6288536975187795,0.9810717969421708,0.6865948091777154,0.7177091520657441,0.5142766668019658,0.7002644937301609,0.5245796356172197,0.6293280506726786,0.9944074962772956,0.6277775259107305,0.4738759877227974,0.4981925748874992,0.6008275581819027,0.8197584779606512,0.5109955908517754,0.9176915965299356,0.7230499210169826,0.486220647779615,0.6275266355473381,3.167300232789096,0.6765561381703089,0.5875583561578008,0.4955266671787001,0.6160036453871544,2.584445987110163,1.2334338262377358,0.8951420123502729,0.7061256400790251,0.6721518180178143,0.744624005572841,0.7491742504968866,0.6066973538101562,0.6500286642028266,0.8022699905654583,0.5452448950385714,0.7080817926675071,1.172885387887817,0.9302122831984564
CA,0.700691698595865,1.0010160816111873,0.9030472540841828,0.8809071423457986,0.5551949988156211,0.790169857342923,0.8305862710736567,1.3457477259928503,0.9316310886231484,0.5712711888049545,0.6601945189875017,2.9802322387695312e-08,0.8243450666175881,0.7413387534929754,1.112871512041877,0.8004976010717026,0.837700639218102,0.6954239483563642,0.8365816868257963,0.6512318381071645,0.778689917648714,0.9439681426527292,0.7372996520306249,0.7197172454481735,0.6303301212134946,0.8066275188839866,0.7628456018375247,0.5950774861400442,1.0262068704566902,0.6874840671092579,0.6267443246231105,0.7111160288840254,3.2446588846403297,0.7923041893374628,0.7826941230718677,0.6683051441238496,0.7447649594280856,2.5569055739888698,1.344845192216397,1.1051623190625453,0.8473395486378344,0.8930991141399346,0.8866600070946432,0.8444927618317551,0.7134388067076972,0.2976861251722004,0.9619742087585786,0.6840428580572933,0.7311998158593319,1.2770781643320988,0.916754108972298
CL,0.8538694998539346,1.107036521527218,0.4408650497356347,0.8209165210202893,0.8339332223422535,1.060745354606257,0.4913238435027726,1.2800639121025412,0.7555021375515644,0.8363552827533841,0.7247408935672761,0.8243450666175881,1.884864366154897e-07,0.537290882774146,0.6946946304429148,0.7841718294593814,1.0246560889059897,0.5540056641729162,0.4049729562307456,0.889534452233391,0.7285478429283417,1.101352297353638,0.8509111832988324,0.5649215278468085,0.7222645020388677,0.6730875733619115,1.0493205345372931,0.8503598801021104,1.165057809531951,0.9281868069386942,0.8702682757107273,0.8388650059105046,3.2046980595077588,0.6267295235718318,0.6362720366785665,0.5737861082215223,0.4894508369752269,2.6140171751125365,1.0710020592710354,0.7529736541466235,0.7696380813288994,0.6221651825479668,0.981448549608873,1.0113005338358734,0.8208377394575638,0.8063857750426375,0.4881445965655182,0.9053533612522592,0.7584070116905663,1.3361421923086123,1.0974905376906816
CO,0.7453821679535682,1.088451832756119,0.5672455402038468,0.8750255212204379,0.7299777265913786,1.058994361645508,0.4759300634732001,1.3020180887027486,0.7710354227507596,0.7057795451359601,0.6288536975187795,0.7413387534929754,0.537290882774146,5.960464477539064e-08,0.9088036329997692,0.7668366262235533,0.9172209541435716,0.4538142144602899,0.4633373000045205,0.7671883183620073,0.646324815085296,1.1116010597181305,0.7973490544744135,0.4514920104085718,0.5854223486394426,0.5580114497451599,0.84882268369695,0.6606691844416582,1.1515116154415797,0.8962058955695832,0.7306724341432962,0.7749917052860732,3.25947606859328,0.6337662162378781,0.5677218145580875,0.4124241115117563,0.3804993782398673,2.657681452142797,1.232905336604473,0.8331686138513341,0.7605206217412388,0.6201512250383112,0.9595637392492536,0.8983428266567774,0.8301917392985433,0.7308487025055396,0.6721817266067294,0.7408994996632848,0.5472141898298037,1.3439444099151665,1.1027987403351789
CR,1.1123956981682066,1.268971435392284,0.7136078567928434,0.8817147773415147,1.1166750269252566,1.23285334870429,0.8034783808943304,1.3337257645402978,0.9366409178254272,1.1060478491212828,0.9810717969421708,1.112871512041877,0.6946946304429148,0.9088036329997692,0.0,0.9754942267656592,1.2413689491782878,0.8497184233848211,0.7197637805029612,1.16970238790845,1.0825528065915342,1.2677909328552166,1.094695446232593,0.823396584490807,1.084980481443493,0.9306342862234518,1.386368925365835,1.1911578952927062,1.2936863303131634,1.1306455254798184,1.1431795695941636,1.1023621476739374,3.1635256602582507,0.8323666992970966,0.8157397682281744,0.9789792226565908,0.8598842987310998,2.5811120470138804,0.8458508524268805,0.8419984390405231,1.0117138824720362,0.7869333745127718,1.1479442419692665,1.266415017921113,1.0019515076034566,1.0826798675477511,0.6897100215201287,1.1911827107606576,1.0968631193458498,1.4307198430436707,1.2298963083713694
CW,0.7660025979383218,1.0241326000661934,0.8118389076282683,0.6335728482048641,0.7157671973777444,0.9511595504484422,0.7621192025638501,1.1073154315417784,0.9301020852451596,0.7232908512750681,0.6865948091777154,0.8004976010717026,0.7841718294593814,0.7668366262235533,0.9754942267656592,0.0,0.8981451064572362,0.6774280889354971,0.7883023307423287,0.7664075828807472,0.7693295785721649,1.0892328518566534,0.7955068979360747,0.7121256977383963,0.7367712030403436,0.7932276216896478,1.006387578841758,0.7842630869046217,1.0531961890713772,0.792007158268359,0.7470084775136177,0.7908615754040703,3.1992645846368104,0.8232646128681521,0.8013082780248204,0.7150525707822579,0.75485897321426,2.5936063856008515,1.2279090427754031,0.9780484965728312,0.7290949291543085,0.8456101878753652,0.8283796888139842,0.9093231322986725,0.7241479717808629,0.8069977653905315,0.8526921170337298,0.7990956848971041,0.89771879350557,1.234713449100191,1.0090542936239095
DM,0.6997381757992984,0.9672344681755723,1.0519387594437402,0.9829197821884768,0.7070744245173258,1.0236324333158242,0.9596829291755306,1.303506664879706,1.061557500184635,0.7171420840979362,0.7177091520657441,0.837700639218102,1.0246560889059897,0.9172209541435716,1.2413689491782878,0.8981451064572362,8.429369702178808e-08,0.8339300537052626,1.0011517321164334,0.6725276765833124,0.8299169374165887,1.1022267567137605,0.7883325737450333,0.8361572504679591,0.7546710810259879,0.9203054421856586,0.939464245447122,0.7385174256695999,0.9826517090873784,0.871084267134004,0.6542114107705572,0.7835496064785953,3.202220325961193,0.9655739798842966,0.9429310575742428,0.8316304129344623,0.8974860580743763,2.607702525744622,1.4009252382755308,1.1681142701557434,0.9361934893602096,1.011249920038524,0.8789818433795331,0.8299672593407004,0.8448405939700214,0.850781626048639,1.122150955700975,0.6608591427077125,0.9745867638986446,1.2184379412138806,0.98602234471775
DO,0.6525849833349107,0.9922690781373998,0.6010345537715573,0.8081704876708382,0.6202859883137246,0.9717697268631575,0.4628383928647804,1.2472395784481445,0.7456476446285849,0.5895683027349008,0.5142766668019658,0.6954239483563642,0.5540056641729162,0.4538142144602899,0.8497184233848211,0.6774280889354971,0.8339300537052626,0.0,0.5044452910386453,0.6651727523812248,0.6390696614982627,1.057671174091666,0.7287222564110799,0.3520959234020021,0.5526737975368264,0.4789867503404624,0.8190351838727873,0.5854595199849835,1.0522678871458278,0.7944431405462103,0.631093288764901,0.7114250380805267,3.222941885546731,0.5791227763842706,0.5137414237711592,0.3900448321578567,0.4241029688707969,2.633633372776357,1.167726574570469,0.8329253356571049,0.7209653357189022,0.5294849815807626,0.8535441273297769,0.8175486287383184,0.7070978081022783,0.6867651138655181,0.6529779509570317,0.6680635959740946,0.635441093284401,1.2619077228733906,1.0152927384270416
EC,0.834081085941592,1.118552797118004,0.4725605384651393,0.8265180615199058,0.832616768323911,1.098018400357328,0.4558691782106275,1.2864168622498795,0.7549802202048786,0.8169852721125529,0.7002644937301609,0.8365816868257963,0.4049729562307456,0.4633373000045205,0.7197637805029612,0.7883023307423287,1.0011517321164334,0.5044452910386453,2.384185791015625e-07,0.882077579616414,0.7140168614163229,1.1349760995619025,0.8428547303209777,0.5009341476145949,0.6975092710363946,0.6230385181659945,1.0132905588747776,0.8150078409910466,1.175147519880937,0.9455143575158432,0.8528879512444294,0.8311259367727006,3.224042361435745,0.6110816787189961,0.5730091417972032,0.5377604930690044,0.4162157772717346,2.6247983721372807,1.0851716140295231,0.7463350953074334,0.7569991203103288,0.5914915585126217,0.9936538422619776,0.9945806870823984,0.84354857223383,0.8073481436228931,0.5460755014224499,0.8723956340468222,0.6825323920538928,1.3517403757930024,1.1165991315251669
GD,0.5393427207646837,0.8962157456581195,0.9491919021806507,0.8926264291865791,0.4781849652516156,0.8670076146250181,0.8064638771867038,1.2828403916691735,0.9719396508702576,0.5206335737519626,0.5245796356172197,0.6512318381071645,0.889534452233391,0.7671883183620073,1.16970238790845,0.7664075828807472,0.6725276765833124,0.6651727523812248,0.882077579616414,0.0,0.6826818269539581,1.0191939358445816,0.676874896088965,0.669838998552607,0.5358792710153375,0.7668923478541186,0.8009696476248799,0.5238902405373089,0.9258499659132878,0.7033971948959313,0.4302571782040978,0.6664304543843877,3.198868770725128,0.8314031985701817,0.7824531598482172,0.6242780106135266,0.7601916782028592,2.5969482953239478,1.4051143582533328,1.077416006573702,0.8139902974586224,0.8680321231034749,0.7931782946419543,0.7379325965959074,0.6822009471004452,0.675327241988634,0.9822739694267342,0.485828462303891,0.8277690198735519,1.1600726669143318,0.9092782359893324
GF,0.678588656035569,0.9685720183824136,0.7712908159714523,0.8924065893971617,0.6638461336163496,0.978231406478277,0.6612277881773422,1.306783240161332,0.8346539322069507,0.6535683197863257,0.6293280506726786,0.778689917648714,0.7285478429283417,0.646324815085296,1.0825528065915342,0.7693295785721649,0.8299169374165887,0.6390696614982627,0.7140168614163229,0.6826818269539581,1.2644054553268208e-07,1.112613070779037,0.5097415670939076,0.6342996249200541,0.5274323873672925,0.7090594978653754,0.7516451327953482,0.6222929264070153,1.0476733399951188,0.80511906896372,0.6618537612005632,0.495543174625922,3.233549594182082,0.7936162721899698,0.7463483864554158,0.5154251980257591,0.6250845351437432,2.5515529640996717,1.396061150762313,0.8994170071849125,0.7003150230671281,0.820917252195346,0.8759185411330369,0.793445263745398,0.7354490387388365,0.7956015361843983,0.7942602262523256,0.6931152820576778,0.7450006304686458,1.2869089183152305,1.0518125196443056
GL,0.9724642234969394,1.1722892031180911,1.174925242536123,1.0898246228321595,0.9799595847679884,1.0427288217903423,1.1033512099583145,1.4454384126124762,1.1906501681050892,0.9445810116805552,0.9944074962772956,0.9439681426527292,1.101352297353638,1.1116010597181305,1.2677909328552166,1.0892328518566534,1.1022267567137605,1.057671174091666,1.1349760995619025,1.0191939358445816,1.112613070779037,1.7120130796843852e-07,1.0760017275841132,1.0487964720230218,1.030566385638071,1.1162176065023923,1.1989631897477804,1.0335880564297473,1.179032107157639,1.0097059529223782,0.9928159453328036,1.0647619535528952,3.2104549856486257,1.070496539546003,1.0818896862382654,1.0750196840399369,1.1008116142972129,2.6341767352088192,1.4375737037239404,1.255478020003804,1.1262193296500236,1.1300551210606102,1.0943932617904406,1.1214120399027976,1.0166264377550829,0.9236277029684576,1.2174065315661995,1.0052917433765003,1.1158187123019037,1.3561113740479958,1.1345489901398065
GP,0.6806657289967007,0.9237484877766288,0.8875925306944248,0.8625594085748065,0.6300956272488378,0.9580833488237132,0.8226059100593984,1.3115211132116806,0.9689912412298036,0.6676199684410923,0.6277775259107305,0.7372996520306249,0.8509111832988324,0.7973490544744135,1.094695446232593,0.7955068979360747,0.7883325737450333,0.7287222564110799,0.8428547303209777,0.676874896088965,0.5097415670939076,1.0760017275841132,0.0,0.7296015250787572,0.6776333845805628,0.8179327358733385,0.8213155361642446,0.694817433945243,0.9959170099405696,0.771971250929716,0.6572117179494781,0.3174938899873794,3.22922837576746,0.8684065234279892,0.8175290166974004,0.6770935129817294,0.7804723460320748,2.5172871085605784,1.2918706253652157,1.0324861188565917,0.810010193121483,0.9133760293724228,0.814760029562671,0.8269451709334046,0.7455995923414098,0.7876786921141085,0.9333220204535952,0.7196696993901105,0.8665819825669844,1.2316976672564606,0.9496669091141312
GT,0.6486822449667766,1.0031938873176436,0.6105482893766339,0.8077773377434487,0.633793417195619,0.9988422943859464,0.3938280429278363,1.2541375774931869,0.7468555692530746,0.6025493594552151,0.4738759877227974,0.7197172454481735,0.5649215278468085,0.4514920104085718,0.823396584490807,0.7121256977383963,0.8361572504679591,0.3520959234020021,0.5009341476145949,0.669838998552607,0.6342996249200541,1.0487964720230218,0.7296015250787572,9.8843121241194e-08,0.5488833778501983,0.4123913666349224,0.8446985406019692,0.6035310978884332,1.0593499987786046,0.8145686332002533,0.6189266409505289,0.7254324180226583,3.220605818602434,0.5335863488526178,0.4201448548255603,0.3545705269354546,0.4069546608705582,2.6104467120325827,1.156874314252294,0.7641819417269955,0.714345024424614,0.4651364182871351,0.8696227710847939,0.8222343471378178,0.7218495185092525,0.706211345693216,0.636086140246281,0.6364562505147384,0.580376281526157,1.2739002324768036,1.0534592362518806
GY,0.550208270610884,0.9793525200005764,0.7852342250114487,0.8813210321745899,0.513719263042039,0.9121204865471372,0.6195718787716977,1.310724553353659,0.83647623120726,0.486905151708688,0.4981925748874992,0.6303301212134946,0.7222645020388677,0.5854223486394426,1.084980481443493,0.7367712030403436,0.7546710810259879,0.5526737975368264,0.6975092710363946,0.5358792710153375,0.5274323873672925,1.030566385638071,0.6776333845805628,0.5488833778501983,6.664001874625056e-08,0.6369727909589391,0.7593784323846398,0.429709882979975,0.9964211057166232,0.7258768313265178,0.4962485786462519,0.6447075495650574,3.1795959445167745,0.7349522329317353,0.6788424582165014,0.4366937457871331,0.5782720772150199,2.601511440001294,1.4044484123883398,0.926389655781242,0.623105058331185,0.7562860362520399,0.825508424850476,0.7639950123205966,0.5880548076284893,0.6268966082130901,0.8194215845597207,0.535465599970837,0.6793932812644015,1.2488446282084795,0.9972506593204318
HN,0.7386911894958182,1.0748182175102086,0.7048374682583894,0.9121409328641116,0.7232683351144412,1.0495933890645883,0.5304380775451353,1.316571813192874,0.8273772008107386,0.6730764447708782,0.6008275581819027,0.8066275188839866,0.6730875733619115,0.5580114497451599,0.9306342862234518,0.7932276216896478,0.9203054421856586,0.4789867503404624,0.6230385181659945,0.7668923478541186,0.7090594978653754,1.1162176065023923,0.8179327358733385,0.4123913666349224,0.6369727909589391,5.960464477539064e-08,0.8826498037109677,0.677408856406544,1.130787154980604,0.8894872121430083,0.7191047789159208,0.8073762052617642,3.244349283856676,0.6772946179846941,0.5546542816036729,0.4831282528759798,0.5435855742729134,2.646494168039091,1.2461549909737049,0.8610564730203596,0.7991142632806557,0.5889262505643609,0.9441857519312816,0.8823931602693037,0.8022000743783521,0.7845855732112998,0.7213073217564078,0.7384957385208673,0.6435692968733807,1.3212149532077238,1.1147415874239186
HT,0.83959732821448,1.1407345591054725,1.0809631808729534,1.16074263822285,0.7879649372372945,1.0971583698655831,0.9483053212706332,1.5086885577794944,1.0992315124568903,0.7462843008518979,0.8197584779606512,0.7628456018375247,1.0493205345372931,0.84882268369695,1.386368925365835,1.006387578841758,0.939464245447122,0.8190351838727873,1.0132905588747776,0.8009696476248799,0.7516451327953482,1.1989631897477804,0.8213155361642446,0.8446985406019692,0.7593784323846398,0.8826498037109677,1.548574096771071e-07,0.6889646597266069,1.225613362730513,0.9792884764572478,0.7782340423882224,0.7773776235782672,3.362078775591515,0.9866429252047164,0.9254980676175244,0.7430205427163827,0.8591275499036475,2.695117119603582,1.6260805762924198,1.2512339687416894,1.0038078466828118,1.025534762960394,1.0731058890793523,0.8741800032910371,1.0064862690637306,0.7825183551917246,1.1382867068485625,0.7895723094132919,0.7673199937878384,1.4438466596213644,1.1651377179938922
JM,0.4941668398412441,0.9833588501610516,0.9168701629825804,0.9676033255578612,0.4612228218320616,0.918393506878144,0.7419281003807541,1.3618145113958635,0.8964347711021257,0.43701074375575,0.5109955908517754,0.5950774861400442,0.8503598801021104,0.6606691844416582,1.1911578952927062,0.7842630869046217,0.7385174256695999,0.5854595199849835,0.8150078409910466,0.5238902405373089,0.6222929264070153,1.0335880564297473,0.694817433945243,0.6035310978884332,0.429709882979975,0.677408856406544,0.6889646597266069,0.0,1.0071643170703375,0.756042269099681,0.4650348344158828,0.6461197656899952,3.249601515901908,0.79489775698168,0.7575724699256623,0.5027784638592292,0.6512960503676908,2.640992988308527,1.4754887569266883,1.0544186840102576,0.7487879767245322,0.8397027886352685,0.8280049440678842,0.7454284437141105,0.6589859739257979,0.5970780953431593,0.9690225609659096,0.4992669533767976,0.7261276499454569,1.262539806363705,0.9971997469187328
KN,0.8996104929076908,1.1105721087777545,1.1935807668653549,1.0683365049728362,0.9402106433473832,1.0469691792368123,1.1419997688515546,1.3534641599985064,1.1796820825515648,0.9126660569025212,0.9176915965299356,1.0262068704566902,1.165057809531951,1.1515116154415797,1.2936863303131634,1.0531961890713772,0.9826517090873784,1.0522678871458278,1.175147519880937,0.9258499659132878,1.0476733399951188,1.179032107157639,0.9959170099405696,1.0593499987786046,0.9964211057166232,1.130787154980604,1.225613362730513,1.0071643170703375,0.0,0.9659103069898208,0.9114615058295276,1.0014830815026328,3.149156646164155,1.130736599293543,1.1119483072337726,1.0708966748338324,1.131042915960944,2.5794481350247382,1.3847582838724404,1.2351240439441813,1.095282545019507,1.1512843459634965,0.962988779444102,1.036372008322454,0.9319127107533012,1.020529006263407,1.2293969632215809,0.952063469328442,1.204708946857942,1.2438350586024551,1.0593051409308238
KY,0.724201878318598,0.9626483249635224,0.9666576021379598,0.843452434347473,0.6510455106813725,0.7532199465285923,0.8933031723225306,1.2721227634320924,1.0234244751723691,0.6428592395517149,0.7230499210169826,0.6874840671092579,0.9281868069386942,0.8962058955695832,1.1306455254798184,0.792007158268359,0.871084267134004,0.7944431405462103,0.9455143575158432,0.7033971948959313,0.80511906896372,1.0097059529223782,0.771971250929716,0.8145686332002533,0.7258768313265178,0.8894872121430083,0.9792884764572478,0.756042269099681,0.9659103069898208,1.2644054553268208e-07,0.7215894168305056,0.7692018081440554,3.16330012485775,0.9072933638778252,0.8725300585940905,0.7830587111893277,0.8897811911459125,2.5632728467194266,1.3193094408098702,1.0955639900746226,0.896345203024313,0.9469599051783196,0.7957098794235316,0.8521839286976645,0.6584222798044371,0.7109573189585302,0.9832650706838548,0.7670429594158077,0.9390911395937211,1.165946433898958,0.905060566317846
LC,0.4743237492843413,0.9076343277072836,0.9273355496089408,0.8798345623743509,0.4352388671194132,0.8800966359868208,0.7663306968625204,1.289754493982069,0.950319817812758,0.4652640861111621,0.486220647779615,0.6267443246231105,0.8702682757107273,0.7306724341432962,1.1431795695941636,0.7470084775136177,0.6542114107705572,0.631093288764901,0.8528879512444294,0.4302571782040978,0.6618537612005632,0.9928159453328036,0.6572117179494781,0.6189266409505289,0.4962485786462519,0.7191047789159208,0.7782340423882224,0.4650348344158828,0.9114615058295276,0.7215894168305056,2.9802322387695312e-08,0.648420688254097,3.196368895791513,0.7860481779596225,0.7397350419590881,0.5884594823466736,0.7251096866755441,2.5936105710716446,1.3842371992627491,1.0420384005689152,0.7803076027067111,0.8295525414814813,0.7855130716423055,0.7285987095227566,0.6558783779740516,0.6475616238557351,0.9708553579738932,0.4275009294557561,0.7968913661429036,1.186898054358711,0.932255593115917
MQ,0.6581131612475538,0.9324788680254832,0.8768004444213507,0.877763976093815,0.6110074482603745,0.9434173232147454,0.8166463408581671,1.3177385690660843,0.9367773953614978,0.633797634083877,0.6275266355473381,0.7111160288840254,0.8388650059105046,0.7749917052860732,1.1023621476739374,0.7908615754040703,0.7835496064785953,0.7114250380805267,0.8311259367727006,0.6664304543843877,0.495543174625922,1.0647619535528952,0.3174938899873794,0.7254324180226583,0.6447075495650574,0.8073762052617642,0.7773776235782672,0.6461197656899952,1.0014830815026328,0.7692018081440554,0.648420688254097,5.1619136559035694e-08,3.2399070756575465,0.8614517061247251,0.8186274290453709,0.6629370423120092,0.7577114893929021,2.525280788001126,1.3277957342326832,1.0398448211475644,0.8033607001117031,0.9032447652438794,0.8064038666130499,0.8121723526409798,0.7279732252940236,0.7494112506896968,0.9325834349418912,0.7176587801356846,0.8589071296873041,1.2502465871840815,0.9486255173692848
MS,3.159099111509638,3.1804774838270298,3.225178833456792,3.1180680259233817,3.2163713162873915,3.157948859531511,3.205241371807024,3.229945145191153,3.1770366534176384,3.172928653486636,3.167300232789096,3.2446588846403297,3.2046980595077588,3.25947606859328,3.1635256602582507,3.1992645846368104,3.202220325961193,3.222941885546731,3.224042361435745,3.198868770725128,3.233549594182082,3.2104549856486257,3.22922837576746,3.220605818602434,3.1795959445167745,3.244349283856676,3.362078775591515,3.249601515901908,3.149156646164155,3.16330012485775,3.196368895791513,3.2399070756575465,1.788139343261719e-07,3.223401841681178,3.1688777921655475,3.258709020427976,3.250280644896533,3.787443869019066,3.1931199693016024,3.2238690605108227,3.1599395780837995,3.1950428363448915,3.1625579168261413,3.2207304362432985,3.1270607961827315,3.2013862907540176,3.192761899605672,3.207428608407324,3.295625259030697,3.1814550843040204,3.1626467135445124
MX,0.8011064083948103,1.079685415927864,0.6647632275085356,0.8502849805961096,0.7958845989205116,1.0504063729198123,0.6036783354069001,1.2931458729842096,0.7657555599621421,0.7723685575631424,0.6765561381703089,0.7923041893374628,0.6267295235718318,0.6337662162378781,0.8323666992970966,0.8232646128681521,0.9655739798842966,0.5791227763842706,0.6110816787189961,0.8314031985701817,0.7936162721899698,1.070496539546003,0.8684065234279892,0.5335863488526178,0.7349522329317353,0.6772946179846941,0.9866429252047164,0.79489775698168,1.130736599293543,0.9072933638778252,0.7860481779596225,0.8614517061247251,3.223401841681178,6.664001874625056e-08,0.6498359817423427,0.6370435882940544,0.5911809765251608,2.60495598162244,1.1587802697965015,0.7560846911823346,0.8085389024114242,0.6523047494567581,0.94989870919785,0.9601647458636068,0.8254131522521378,0.7748582776126768,0.7451022176224238,0.8217145428861766,0.7699165218453777,1.307372533385006,1.0816028968254034
NI,0.766065894098283,1.057113537179798,0.6606382800292139,0.817704057216079,0.7606136615951321,1.0311103473828118,0.4976655970292474,1.279300664449171,0.8194963502655656,0.7159441727194035,0.5875583561578008,0.7826941230718677,0.6362720366785665,0.5677218145580875,0.8157397682281744,0.8013082780248204,0.9429310575742428,0.5137414237711592,0.5730091417972032,0.7824531598482172,0.7463483864554158,1.0818896862382654,0.8175290166974004,0.4201448548255603,0.6788424582165014,0.5546542816036729,0.9254980676175244,0.7575724699256623,1.1119483072337726,0.8725300585940905,0.7397350419590881,0.8186274290453709,3.1688777921655475,0.6498359817423427,9.424321830774485e-08,0.5453321518073238,0.5591992474113013,2.5927109895503904,1.1394307858689612,0.8151273068703484,0.8015817729230591,0.4949857581366252,0.9474996263656116,0.912553477776255,0.8219267972657758,0.7485910537708862,0.6550149330266825,0.7786606131706874,0.6050517618697395,1.29652568106738,1.0584483015926915
PA,0.6238813590537182,1.01274091010269,0.6456926573027831,0.8764712216406739,0.5787326579668904,0.974240727803916,0.4511849840373785,1.2966952759234591,0.7891443559796412,0.5646350534631746,0.4955266671787001,0.6683051441238496,0.5737861082215223,0.4124241115117563,0.9789792226565908,0.7150525707822579,0.8316304129344623,0.3900448321578567,0.5377604930690044,0.6242780106135266,0.5154251980257591,1.0750196840399369,0.6770935129817294,0.3545705269354546,0.4366937457871331,0.4831282528759798,0.7430205427163827,0.5027784638592292,1.0708966748338324,0.7830587111893277,0.5884594823466736,0.6629370423120092,3.258709020427976,0.6370435882940544,0.5453321518073238,0.0,0.3816301365824368,2.6471396637761897,1.3199996728539838,0.8498559181132431,0.7035732497090643,0.6024069286908812,0.8809216417084225,0.7845579148555282,0.7144763928856388,0.6751486867555161,0.6586329432291449,0.6045413881772418,0.5270543638416688,1.3065028191188013,1.0726571316723847
PE,0.7266351179643261,1.064848743037345,0.5392285391309524,0.866055971380444,0.7234232025504723,1.052642367381846,0.4354835711470815,1.2737949435386904,0.7269227173909276,0.6986912591524604,0.6160036453871544,0.7447649594280856,0.4894508369752269,0.3804993782398673,0.8598842987310998,0.75485897321426,0.8974860580743763,0.4241029688707969,0.4162157772717346,0.7601916782028592,0.6250845351437432,1.1008116142972129,0.7804723460320748,0.4069546608705582,0.5782720772150199,0.5435855742729134,0.8591275499036475,0.6512960503676908,1.131042915960944,0.8897811911459125,0.7251096866755441,0.7577114893929021,3.250280644896533,0.5911809765251608,0.5591992474113013,0.3816301365824368,0.0,2.6357816749322245,1.205637959153362,0.7805659771990968,0.7213662178139519,0.5902777490248697,0.947305057219389,0.8801146010929932,0.7995367725563246,0.7351703558080256,0.6345009190946708,0.7266717597243828,0.5803324431567896,1.3327752580876515,1.102073477971907
PM,2.5772810640802275,2.586591268007278,2.6168997330434585,2.540811270613513,2.586003309707955,2.551753138475685,2.624150767434569,2.696804930311106,2.580101675668287,2.5511712521542917,2.584445987110163,2.5569055739888698,2.6140171751125365,2.657681452142797,2.5811120470138804,2.5936063856008515,2.607702525744622,2.633633372776357,2.6247983721372807,2.5969482953239478,2.5515529640996717,2.6341767352088192,2.5172871085605784,2.6104467120325827,2.601511440001294,2.646494168039091,2.695117119603582,2.640992988308527,2.5794481350247382,2.5632728467194266,2.5936105710716446,2.525280788001126,3.787443869019066,2.60495598162244,2.5927109895503904,2.6471396637761897,2.6357816749322245,1.1920928955078125e-07,2.6530858477125654,2.6255420546314063,2.6113597393030505,2.631605505348275,2.568560437519194,2.6358302384055547,2.5211778163338856,2.5439669385802666,2.6078908829543748,2.6207809791857124,2.6660027076735204,2.687442553837497,2.557822084794229
PR,1.345099088240551,1.4017089805543377,1.0454567769754588,1.0710645221537074,1.3644224391247963,1.416210628302069,1.1598993509601117,1.4296829924409633,1.2455718722659217,1.3473455155667189,1.2334338262377358,1.344845192216397,1.0710020592710356,1.232905336604473,0.8458508524268805,1.2279090427754031,1.4009252382755308,1.167726574570469,1.0851716140295231,1.4051143582533328,1.396061150762313,1.4375737037239404,1.2918706253652157,1.156874314252294,1.4044484123883398,1.2461549909737049,1.6260805762924198,1.4754887569266883,1.3847582838724404,1.3193094408098702,1.3842371992627491,1.3277957342326832,3.1931199693016024,1.1587802697965015,1.1394307858689612,1.3199996728539838,1.205637959153362,2.6530858477125654,1.519626234052415e-07,1.1518193755883404,1.3116317352964293,1.1255448889329671,1.2853148360019562,1.4569300950515978,1.260736355573404,1.2993770444132329,1.0899424875394723,1.399739188672659,1.3428673899878516,1.4810245816907688,1.301225571564086
PY,1.0148315189903527,1.21902204940416,0.6811724040020997,0.9798541803807432,1.0523407569850505,1.2311377778779506,0.7040469333411856,1.3335322223750143,0.803022799405808,1.017874889434128,0.8951420123502729,1.1051623190625453,0.7529736541466235,0.8331686138513341,0.8419984390405231,0.9780484965728312,1.1681142701557434,0.8329253356571049,0.7463350953074334,1.077416006573702,0.8994170071849125,1.255478020003804,1.0324861188565917,0.7641819417269955,0.926389655781242,0.8610564730203596,1.2512339687416894,1.0544186840102576,1.2351240439441813,1.0955639900746226,1.0420384005689152,1.0398448211475644,3.2238690605108227,0.7560846911823346,0.8151273068703484,0.8498559181132431,0.7805659771990968,2.6255420546314063,1.1518193755883404,0.0,0.8743367380921102,0.8100253636569714,1.1044581396505582,1.1272555943705662,0.93966859683105,1.0802596882774878,0.7144924829874737,1.038422232155074,0.935808576921664,1.4160251789606997,1.2835288765730326
SR,0.751524017281614,1.0638423547186238,0.8169389729286973,0.785182655861019,0.7773636283103792,1.0422026469086505,0.7285202975451075,1.2188448879192657,0.8481548440689205,0.7501555513839282,0.7061256400790251,0.8473395486378344,0.7696380813288994,0.7605206217412388,1.0117138824720362,0.7290949291543085,0.9361934893602096,0.7209653357189022,0.7569991203103288,0.8139902974586224,0.7003150230671281,1.1262193296500236,0.810010193121483,0.714345024424614,0.623105058331185,0.7991142632806557,1.0038078466828118,0.7487879767245322,1.095282545019507,0.896345203024313,0.7803076027067111,0.8033607001117031,3.1599395780837995,0.8085389024114242,0.8015817729230591,0.7035732497090643,0.7213662178139519,2.6113597393030505,1.3116317352964293,0.8743367380921102,0.0,0.8497561792800684,0.8764489371280743,0.941464030248878,0.7018463099632705,0.8459767550896728,0.8315536134668675,0.803306192672381,0.8585701151264482,1.2842430487082317,1.084918359995951
