ISO_CODE,AD,AL,AT,BA,BE,BG,BY,CH,CY,CZ,DE,DK,EE,ES,FI,FO,FR,GB,GI,GR,HR,HU,IE,IM,IS,IT,LI,LT,LU,LV,MC,MD,ME,MK,MT,NL,NO,PL,PT,RO,RS,RU,SE,SI,SK,SM,UA
AD,5.0532296174207844e-08,0.3372164795569607,0.3490857171547515,0.4058565027077568,0.3553907435504917,0.3424724363713469,0.4989129624812043,0.3456965754541403,0.3581985500273166,0.3831562444672134,0.3871136661122472,0.3877479948812331,0.399013955922316,0.3020384678682182,0.4385763888704658,0.4334589019111348,0.3658881245734013,0.3556923044257482,0.588992282980557,0.3249776532559349,0.3556219204724779,0.3679656863297559,0.460959914466567,0.4143420482232988,0.3448797460740543,0.3551692882456492,0.6829253913227843,0.4982182107563805,0.3292518298141343,0.3909085731926289,0.6339092270480803,0.4070178624059783,0.3614516753608767,0.3523822563805094,0.4294981824691831,0.3895009902346176,0.395164358557793,0.3591401867785543,0.4161696624679016,0.3502002555086901,0.3820135840775768,0.4858118834567342,0.4291390427946577,0.3303849007191178,0.3633143634469887,1.3249338625632043,0.4474409072802406
AL,0.3372164795569607,4.012260442327338e-08,0.2224352394940705,0.2539564974429103,0.2212431814205624,0.2037211616219497,0.3571400056547667,0.2021855311525732,0.2745895657115079,0.2365310156789813,0.2446916582497064,0.2324402663248537,0.2440710185391379,0.2074848407910046,0.2775128440300781,0.3930013309560926,0.2322065860098091,0.1915529963580706,0.6357829931883745,0.2056442348986899,0.2416772688099688,0.2254980278241743,0.3776794522648031,0.3532472848255111,0.2117259193771395,0.3202712622427403,0.6851028653338308,0.4377863547650161,0.2291945136728587,0.2380197010124351,0.6463011642810763,0.2381268468544726,0.209392491897999,0.2173917254174938,0.3983180478305184,0.236364658860378,0.2393357310914326,0.2085357745144604,0.38886565245125,0.1987776882455716,0.2251304936137518,0.3438016568214126,0.279480721012773,0.1777308381307204,0.2134480338484322,1.382361145296586,0.3005055795038042
AT,0.3490857171547515,0.2224352394940705,1.4901161193847656e-08,0.2595760322588389,0.1946585103970895,0.2259819699119568,0.3251827017203672,0.131763383706301,0.3162372062807515,0.2008196845544032,0.1325615901577461,0.1854312800059357,0.2326112133316959,0.1970945460057458,0.2629682089900116,0.3884532372518595,0.20532144018244,0.1887111457372628,0.6652073069962285,0.2539621456835699,0.2466493282975928,0.2400588199944618,0.3938382458570844,0.367320364872885,0.1962515613893614,0.3379342416618263,0.6571380014185123,0.4462059746721578,0.2111146558675919,0.2316393769424429,0.6413546333203877,0.2506913814319678,0.2292456368719846,0.2639201207067799,0.4456918234582042,0.2077655406024381,0.2153318433498075,0.2122562236255205,0.4352471340211326,0.2249269377581579,0.2266532480343668,0.3134382301227397,0.2494960259088072,0.1870576767154868,0.1859314653184514,1.3841880744590804,0.2736076787862377
BA,0.4058565027077568,0.2539564974429103,0.2595760322588389,7.450580596923828e-09,0.2565307130902964,0.224346599275401,0.3018748198661655,0.2399358459915117,0.3588473518426959,0.2101085490614432,0.2570496437391248,0.2292480182285736,0.226430635721804,0.2770814797320656,0.2348740599819481,0.401249229149766,0.2606594878098734,0.2359071705599063,0.695907722641788,0.3023791840192501,0.2265904957334753,0.2235435521990751,0.4418735820716538,0.4037498012060362,0.2445627335320558,0.4322108559028169,0.7091500350171924,0.4308228860741196,0.3017331933581643,0.2049286164846467,0.6680389987420163,0.2409920198433796,0.175662199704477,0.2463540802470333,0.5102646303073187,0.2342343659788217,0.2210542821472327,0.244634195457647,0.5103076527200947,0.2380523081665288,0.1476117499108498,0.2912129499723334,0.2318997673974041,0.1970542664476717,0.1966350927581579,1.4305631218760348,0.242271378682316
BE,0.3553907435504917,0.2212431814205623,0.1946585103970895,0.2565307130902964,2.8370965666561982e-08,0.2169449379139482,0.275020017894569,0.1073792406118599,0.3417975410740612,0.1830130509058339,0.1795852894525393,0.1883990328687906,0.1975922421341822,0.194057174293857,0.2331767696674641,0.3809086762625808,0.0944255953438647,0.1777202820139488,0.682541854503884,0.2649432327439138,0.2540974589281177,0.249949690292637,0.4129468205347673,0.3946392986158852,0.1634204670633962,0.3563396148927268,0.6793255631414787,0.4676714444538417,0.2046665725855939,0.1949680782810722,0.6330998832439458,0.2154554773600285,0.2169525574998902,0.2895180113145065,0.4738426057965693,0.1463236533236652,0.1824030041981344,0.2082180706024821,0.461209798817087,0.2149819114913967,0.2110377256574769,0.2655911319141574,0.2100362539183981,0.1823180857033621,0.1744035068384445,1.410160583080762,0.2396842927517439
BG,0.3424724363713469,0.2037211616219497,0.2259819699119568,0.224346599275401,0.2169449379139483,0.0,0.3452516190272224,0.1947771975836332,0.2782757389339917,0.2200691725448542,0.2488334823558648,0.2333388294907111,0.2373193201461867,0.2146085077652144,0.2807712662428496,0.3959848309689188,0.2266400251473297,0.1897098978084091,0.6447175697075609,0.1962512405394908,0.1994601859045844,0.2255563217677419,0.3846780980512294,0.3625567407479881,0.2050185580810958,0.3325914071944721,0.6836164995562256,0.4250965346762072,0.2433114489145239,0.2226011314732195,0.6355730520590884,0.2330381782392637,0.1991529623117766,0.1972981361802753,0.4256109269362634,0.2278370356899675,0.2351319342303525,0.1937808207001553,0.4075611325542831,0.1626987148010941,0.1791284521735876,0.3307964913437837,0.2664631103015559,0.1639191017994723,0.1894838319544191,1.3738677947130795,0.2831001555948659
BY,0.4989129624812043,0.3571400056547667,0.3251827017203672,0.3018748198661655,0.275020017894569,0.3452516190272224,0.0,0.2571911263446921,0.5065752301393893,0.2160702779850409,0.238364318930535,0.2262972066039928,0.1790305390238483,0.345747811894916,0.1649049071188572,0.452413970145657,0.2652835573207796,0.3018676097569111,0.8207375114653026,0.4285659301369293,0.3808635100260376,0.3246638770792966,0.554662048145735,0.5233647760898507,0.2819136848232542,0.5540850136854752,0.7756377706491323,0.5458947554270969,0.4128686778724736,0.1762812826219275,0.7260867965790743,0.21916314713274,0.2971143066943985,0.4291190742229951,0.6671168557160476,0.1791979932832881,0.1866737702263049,0.3187222075813483,0.6636583855640343,0.3299805749854993,0.2621010966068339,0.0496748516349217,0.1405159228987593,0.2966638318586449,0.2390383416094749,1.5155703453010017,0.1222553612558412
CH,0.3456965754541403,0.2021855311525732,0.1317633837063009,0.2399358459915117,0.1073792406118599,0.1947771975836332,0.2571911263446921,0.0,0.3291165811373223,0.1529692248611883,0.1145281392082105,0.148996118842021,0.1703489339288602,0.1761886359659555,0.2083175721196901,0.3737414942725763,0.1138825695396494,0.1558822437140989,0.678673117646032,0.2491412084138538,0.24110473921504,0.2229893843964009,0.4052508641159228,0.3872477896733925,0.1459190883188985,0.3467918801968115,0.6730401494739598,0.4515906541081945,0.2055160446465898,0.169400569889262,0.635194505190051,0.1985524517981878,0.1960580292035815,0.2718495322771174,0.4713958958452237,0.1248637388776952,0.1506395739921315,0.1836692817533006,0.4556537851307723,0.193299524026371,0.1888418458126656,0.2446441596186213,0.1809780857698234,0.155627052087528,0.1418854872211829,1.404418372029644,0.2162470535464914
CY,0.3581985500273166,0.2745895657115079,0.3162372062807515,0.3588473518426959,0.3417975410740612,0.2782757389339917,0.5065752301393893,0.3291165811373223,8.363255977870393e-08,0.3733521834337229,0.3739629375900407,0.366061773515067,0.3906317467285616,0.2888177505813431,0.420523348813543,0.4535874841785597,0.354941287608483,0.300873643876618,0.5755664063616809,0.2036876818672257,0.2946108252869774,0.3310829907274732,0.3687185758180455,0.358712558717708,0.3235100404938587,0.280162960440358,0.6652518551881774,0.4441935723702699,0.2808917200102908,0.3749076108342139,0.6397268036938557,0.3756363540090796,0.3332214313277395,0.2512312955896987,0.3090211999935775,0.3791436612896633,0.3800612627301885,0.2916073427640227,0.3252293545430807,0.2774214043346917,0.3420601095625136,0.4928354633370979,0.4242750329299284,0.2865559046562728,0.3391013263315349,1.3290443057153118,0.43537780914233
CZ,0.3831562444672134,0.2365310156789812,0.2008196845544032,0.2101085490614432,0.1830130509058339,0.2200691725448542,0.2160702779850409,0.1529692248611883,0.3733521834337229,0.0,0.1735465540876376,0.1360895872031097,0.1529066245998712,0.2237906254376229,0.168808045790053,0.3818194127422997,0.178031607200298,0.1781835598084944,0.705280759738325,0.2932785552229082,0.2492332665145144,0.1944730782587416,0.4359878845527836,0.3974494833391766,0.1879051666751632,0.414133244771145,0.693635637051285,0.4375430109880026,0.2709968401986136,0.1479140312477122,0.6588370281371654,0.1877356131852523,0.202816312211107,0.2978022608839409,0.5185796873320052,0.146929279243492,0.1364842792283169,0.1924283489593879,0.5120211867338819,0.2169799447958392,0.176807900468907,0.2054911312822277,0.1439553142043612,0.1734002511012796,0.0963807025186859,1.4285489725998028,0.1657370645441011
DE,0.3871136661122472,0.2446916582497065,0.1325615901577461,0.2570496437391248,0.1795852894525393,0.2488334823558648,0.238364318930535,0.1145281392082105,0.3739629375900407,0.1735465540876376,0.0,0.1443503834129503,0.185062708371216,0.2268773570258651,0.2033871836853929,0.3977221822552934,0.1807163405598059,0.1980432157130377,0.7183032218259866,0.3009085023575909,0.2825012743557644,0.250239412353933,0.4401528643479427,0.4197266875624822,0.1934678578822523,0.3960178457873384,0.6892533206807546,0.4775289516586315,0.2610950785711137,0.1868419865158282,0.6669268389499141,0.2198056289811817,0.2221814826831135,0.3087469201795899,0.5169275484993751,0.1442027281427081,0.1562243375298759,0.2207133354582671,0.5064034129798478,0.2415980797557475,0.2096468329659879,0.2278442046276601,0.1794702931318884,0.1997563963777056,0.1709614945675041,1.4264226110574918,0.2136407371217731
DK,0.3877479948812331,0.2324402663248536,0.1854312800059358,0.2292480182285736,0.1883990328687906,0.2333388294907111,0.2262972066039928,0.148996118842021,0.366061773515067,0.1360895872031097,0.1443503834129503,0.0,0.1646322826957248,0.2221893558800085,0.1636003129653033,0.3831895732685224,0.1972596312769067,0.1810942491117706,0.7093334003455373,0.2854684092074668,0.2576962356684716,0.192438949540208,0.4327261035065808,0.4010099073270783,0.18177373565278,0.4093086302256594,0.6861995280388093,0.4438380525025413,0.26173631211726,0.1489780157664059,0.6655292156987805,0.1945368984568462,0.208514365405895,0.2989088258218416,0.5077858136395798,0.1450053428605818,0.1283046642774064,0.1964045487738248,0.5088009283868321,0.225117501947901,0.1828617324708025,0.2154840302643481,0.147361185078451,0.1848488315194745,0.1365926748727298,1.4323590497793754,0.1860580489969684
EE,0.399013955922316,0.2440710185391379,0.2326112133316959,0.226430635721804,0.1975922421341822,0.2373193201461867,0.1790305390238483,0.1703489339288602,0.3906317467285616,0.1529066245998712,0.185062708371216,0.1646322826957248,0.0,0.2505063895019095,0.1305686305363611,0.3944760717655896,0.1920367502192209,0.2053869078454692,0.7250743995351638,0.3161134261812916,0.2873145869608254,0.214391310964824,0.4604905511939882,0.4216690021805581,0.19764575802076,0.4461435436695268,0.7143819472964739,0.4584372193905981,0.3105916403062109,0.1182740466751299,0.6759240857761311,0.1686242796365979,0.2130765930434108,0.315049455889776,0.5441400712684208,0.1258662116416236,0.1334216059005789,0.2238138345022399,0.5430123805994781,0.2245999591036759,0.1923297364467252,0.1655373951554585,0.1291186626799478,0.1779388560162363,0.1535910068472191,1.4522828089960451,0.1474050023802206
ES,0.3020384678682182,0.2074848407910046,0.1970945460057458,0.2770814797320656,0.194057174293857,0.2146085077652144,0.345747811894916,0.1761886359659556,0.2888177505813431,0.2237906254376229,0.2268773570258651,0.2221893558800085,0.2505063895019095,3.494632065164618e-08,0.2897363998138209,0.3768925984217066,0.1956209129458557,0.1920906859215941,0.6283833708783536,0.1994726737363438,0.249152897486032,0.2532341712748935,0.3829507951174456,0.3705882060180852,0.1989298023594154,0.2880033282962319,0.6728187546169881,0.4530704278699685,0.2205472163494564,0.2343164929838284,0.6374590550634711,0.2528162377434038,0.2413957351082959,0.2627947908713835,0.4063406470421855,0.2205701189710598,0.236549246845017,0.1973945779922065,0.3851804985821664,0.2162389970288735,0.2385872221045504,0.3328074020262898,0.2736091645371895,0.1850926788151324,0.2039018021570969,1.3754117567939643,0.2955594648457439
FI,0.4385763888704658,0.2775128440300781,0.2629682089900116,0.2348740599819481,0.2331767696674641,0.2807712662428496,0.1649049071188572,0.2083175721196901,0.420523348813543,0.168808045790053,0.2033871836853929,0.1636003129653033,0.1305686305363611,0.2897363998138209,9.125060374972142e-09,0.4187567712363403,0.2244785358464163,0.2337775169787389,0.7512865177227385,0.3498895573189439,0.3062925678917554,0.2146993128784162,0.4832433845200274,0.4422759500812523,0.2449593018889274,0.4806583438251316,0.7271801853709218,0.4728985109845437,0.3332498958798142,0.1289767435134754,0.6889572479663927,0.1973471896351717,0.2344107704179604,0.3442828445587557,0.575973543935083,0.1572690491637733,0.1433252585234711,0.2454382832081284,0.5854145835415289,0.2499361704159515,0.2132937686217952,0.1557466178508738,0.1205294168274601,0.223300557095072,0.1818609828644828,1.4716215195658358,0.1395552419957774
FO,0.4334589019111348,0.3930013309560926,0.3884532372518595,0.401249229149766,0.3809086762625808,0.3959848309689188,0.452413970145657,0.3737414942725763,0.4535874841785597,0.3818194127422997,0.3977221822552934,0.3831895732685224,0.3944760717655896,0.3768925984217066,0.4187567712363403,0.0,0.3919012428740109,0.3757465282848665,0.6587927423644878,0.4136141817264805,0.4112102362052074,0.4006104298474663,0.518246562971534,0.4593718563552447,0.3673873058381993,0.4882261564177242,0.6917124742974952,0.5468743194430762,0.4013590297548282,0.3854839046627312,0.6765814740161512,0.4020855145361415,0.3945121322068836,0.4230468677196887,0.5482725220838823,0.3802442778217733,0.3998686640096558,0.3904299948782616,0.5532754167887505,0.3998311146265537,0.391607757227332,0.442526879278728,0.3995869101248323,0.377981484567361,0.3742276441652338,1.363286489570459,0.4128416709526985
FR,0.3658881245734013,0.2322065860098092,0.20532144018244,0.2606594878098734,0.0944255953438647,0.2266400251473297,0.2652835573207796,0.1138825695396494,0.354941287608483,0.178031607200298,0.1807163405598059,0.1972596312769067,0.1920367502192209,0.1956209129458558,0.2244785358464163,0.3919012428740109,2.1073424255447017e-08,0.1928728533155281,0.6862505469733083,0.2716844039902593,0.2654889801952359,0.2557190069154521,0.4276668009245014,0.4061541355639197,0.1800875638545209,0.357708059454455,0.6944708526800187,0.4728354664425696,0.2170387368414214,0.1952554235902019,0.6410894265599076,0.220472392672107,0.2229967661888645,0.3030750485578881,0.4896847292980803,0.1553745965570432,0.1808528862624651,0.2042429428635081,0.4726168816716905,0.2176871010175453,0.2167581059268276,0.2541525255477221,0.2062881815197625,0.1895530409550151,0.1765490456606238,1.4164532678946573,0.2371284062878732
GB,0.3556923044257482,0.1915529963580706,0.1887111457372628,0.2359071705599063,0.1777202820139488,0.1897098978084091,0.3018676097569111,0.1558822437140989,0.3008736438766179,0.1781835598084944,0.1980432157130377,0.1810942491117706,0.2053869078454692,0.1920906859215941,0.2337775169787389,0.3757465282848665,0.1928728533155281,0.0,0.6499966702752132,0.2275508063113369,0.2378796343901998,0.2163944000912658,0.3483366958172597,0.3350273535660412,0.1557038092126845,0.339364322758554,0.6779962484763464,0.4363203670010163,0.2388217157780778,0.1963504600814394,0.6449286222573469,0.2147291597075566,0.2195266889811972,0.2511562835710297,0.4201416098358752,0.1804423207173073,0.1869867486393072,0.1632669108793125,0.4262373342672043,0.2069108381709636,0.2015915460515046,0.2912630820556846,0.2185596857628647,0.1614132167717569,0.1622002806387918,1.402424380385621,0.2457642848579425
GI,0.588992282980557,0.6357829931883745,0.6652073069962285,0.695907722641788,0.682541854503884,0.6447175697075609,0.8207375114653027,0.678673117646032,0.5755664063616809,0.705280759738325,0.7183032218259866,0.7093334003455374,0.7250743995351638,0.6283833708783536,0.7512865177227385,0.6587927423644878,0.6862505469733083,0.6499966702752132,6.664001874625056e-08,0.6013282909613437,0.647085457100002,0.6672902655529487,0.646160085565605,0.5802254339069908,0.662291528041351,0.5883714551551551,0.7993544965148498,0.7203016431680791,0.6219186113174795,0.7135374876897044,0.761714791348593,0.7144652049814573,0.6756096900040057,0.6133416955573097,0.5678592586746476,0.7169018483580879,0.7247278010583721,0.6488084668401694,0.586299895912005,0.6519347830356758,0.6908983796544673,0.8076212196709676,0.752029172925098,0.6467478329320301,0.6819721350255071,1.2382563707721104,0.7600716169078592
GR,0.3249776532559349,0.2056442348986899,0.2539621456835699,0.3023791840192501,0.2649432327439138,0.1962512405394908,0.4285659301369293,0.2491412084138538,0.2036876818672257,0.2932785552229082,0.3009085023575909,0.2854684092074668,0.3161134261812916,0.1994726737363438,0.3498895573189439,0.4136141817264805,0.2716844039902593,0.2275508063113369,0.6013282909613437,4.214684851089404e-08,0.2297699199944057,0.2669777609268362,0.3594123977166354,0.3454413085303617,0.2519419035498956,0.2672357267491765,0.6687264257813386,0.4336711221924906,0.2309510264676028,0.300965394360166,0.6358105354043402,0.3029934934045701,0.2711931962467627,0.2163966224619969,0.3448350101141217,0.2976201055831399,0.2983492276841372,0.2198158044537559,0.3301356350489751,0.195929838475465,0.2699090304357662,0.4150224445076168,0.3427606001941833,0.2152829642919006,0.263734457477992,1.355881909883554,0.361786220736276
HR,0.3556219204724779,0.2416772688099688,0.2466493282975928,0.2265904957334753,0.2540974589281177,0.1994601859045844,0.3808635100260376,0.24110473921504,0.2946108252869773,0.2492332665145144,0.2825012743557644,0.2576962356684716,0.2873145869608254,0.249152897486032,0.3062925678917554,0.4112102362052074,0.2654889801952359,0.2378796343901998,0.647085457100002,0.2297699199944057,0.0,0.2405636782712983,0.393893388356834,0.3695767359321916,0.2438959376272081,0.3451246233446303,0.6805239051534838,0.4264242583145694,0.250412099298735,0.2659157649189992,0.6460279964075333,0.274481312206585,0.205068893412078,0.2196249449257884,0.43160164803465,0.2746211269945411,0.2579647897074936,0.244310792959092,0.4251531273094738,0.2126044740939238,0.2044824952207472,0.3688262747923824,0.2999762475147305,0.1998798802598872,0.2214958832541423,1.3816668066351756,0.3163971964588604
HU,0.3679656863297559,0.2254980278241743,0.2400588199944618,0.2235435521990751,0.249949690292637,0.2255563217677419,0.3246638770792966,0.2229893843964009,0.3310829907274732,0.1944730782587417,0.250239412353933,0.1924389495402079,0.214391310964824,0.2532341712748935,0.2146993128784162,0.4006104298474663,0.2557190069154521,0.2163944000912658,0.6672902655529487,0.2669777609268362,0.2405636782712983,2.8855974571462106e-08,0.4173480625096474,0.3758285103539426,0.2464371019133507,0.3981171556980624,0.6799809655075195,0.3951674486167201,0.2678719323361663,0.2051676364051606,0.6540390833904444,0.2437121963016182,0.2323522386510866,0.2584502632854917,0.4530068280028012,0.2405148850060326,0.2176534797609835,0.2119996469894162,0.4770322039715085,0.2081235680464757,0.2170063032412469,0.3103611213573258,0.2354098953105991,0.1897042848274459,0.1864125043535457,1.413879683233883,0.2553621106832434
IE,0.460959914466567,0.377679452264803,0.3938382458570844,0.4418735820716538,0.4129468205347673,0.3846780980512293,0.554662048145735,0.4052508641159228,0.3687185758180455,0.4359878845527836,0.4401528643479427,0.4327261035065808,0.4604905511939882,0.3829507951174456,0.4832433845200274,0.518246562971534,0.4276668009245014,0.3483366958172596,0.646160085565605,0.3594123977166354,0.393893388356834,0.4173480625096474,0.0,0.4149903772668084,0.3980143706808218,0.3803657741357414,0.7182933137163416,0.5443768699189523,0.3790125280343834,0.4493632929502924,0.6963000860182557,0.4513479211106996,0.4224671647980503,0.3707866246180515,0.3927125620889422,0.4440725510127036,0.4466043875214182,0.3746232663640085,0.4113769088588722,0.4005920990742233,0.4229544920839253,0.5443024689362116,0.4787147529370061,0.3837358932882133,0.4141604603798335,1.3677362710271832,0.4937394464935075
IM,0.4143420482232988,0.3532472848255111,0.367320364872885,0.4037498012060362,0.3946392986158852,0.3625567407479881,0.5233647760898507,0.3872477896733925,0.358712558717708,0.3974494833391766,0.4197266875624822,0.4010099073270783,0.4216690021805581,0.3705882060180852,0.4422759500812523,0.4593718563552447,0.4061541355639197,0.3350273535660412,0.5802254339069908,0.3454413085303617,0.3695767359321916,0.3758285103539426,0.4149903772668084,0.0,0.3761555913391,0.4075006243649086,0.6573025922758081,0.4848865596210383,0.3566324252156017,0.4130565555274289,0.661670901867743,0.413733510399516,0.3965703382616897,0.352015093961317,0.4063336359349644,0.4207859847009988,0.4227253098603481,0.3638377898898509,0.4401677562977552,0.3684573892990917,0.4012872700171158,0.5119009736644823,0.4494189251475446,0.357026822915555,0.3800107947770971,1.3193731736858485,0.4583975233982026
IS,0.3448797460740543,0.2117259193771395,0.1962515613893614,0.2445627335320558,0.1634204670633962,0.2050185580810958,0.2819136848232542,0.1459190883188985,0.3235100404938587,0.1879051666751632,0.1934678578822523,0.18177373565278,0.19764575802076,0.1989298023594154,0.2449593018889274,0.3673873058381993,0.1800875638545209,0.1557038092126845,0.662291528041351,0.2519419035498956,0.2438959376272081,0.2464371019133507,0.3980143706808218,0.3761555913391,0.0,0.355722528782935,0.6833555870624695,0.4527059033403247,0.2386386783218358,0.1904659281752389,0.6402090573728229,0.2178502331400623,0.2055969230313809,0.2758019075359872,0.4618294664633822,0.1756595319509732,0.1730551130254821,0.2087092852116683,0.4493751653438995,0.2252557546732141,0.1944785431893368,0.273168527246676,0.2128225162062879,0.1671836785163451,0.1651058466335379,1.406848051638865,0.2412035180836483
IT,0.3551692882456492,0.3202712622427403,0.3379342416618263,0.4322108559028169,0.3563396148927268,0.3325914071944721,0.5540850136854752,0.3467918801968115,0.280162960440358,0.414133244771145,0.3960178457873384,0.4093086302256594,0.4461435436695268,0.2880033282962319,0.4806583438251316,0.4882261564177242,0.357708059454455,0.3393643227585541,0.5883714551551551,0.2672357267491765,0.3451246233446304,0.3981171556980624,0.3803657741357414,0.4075006243649086,0.355722528782935,3.7990655851310376e-08,0.6821265238148313,0.5235521857316815,0.2717426223550616,0.4337989512830176,0.6489329947192042,0.4336484711100156,0.3812375928118695,0.3188346775983804,0.2958935907787277,0.4180193628876693,0.4253190769822184,0.3293334771341288,0.2535496882709299,0.3436874492049928,0.4003526262228022,0.5401606370592628,0.4721122176286462,0.3403859520304743,0.3851880297854739,1.2916550244021785,0.4994582153735263
LI,0.6829253913227843,0.6851028653338308,0.6571380014185123,0.7091500350171924,0.6793255631414787,0.6836164995562256,0.7756377706491323,0.6730401494739598,0.6652518551881774,0.693635637051285,0.6892533206807546,0.6861995280388093,0.7143819472964739,0.6728187546169881,0.7271801853709217,0.6917124742974952,0.6944708526800187,0.6779962484763464,0.7993544965148498,0.6687264257813386,0.6805239051534838,0.6799809655075195,0.7182933137163416,0.6573025922758081,0.6833555870624695,0.6821265238148313,0.0,0.7463719126662647,0.6526065399793914,0.7088760720733892,0.7806417204085114,0.7149663989858579,0.6984662638163862,0.673786245136246,0.7009739046167852,0.7047841229943784,0.710020871965479,0.6731695076067755,0.7127642573042137,0.6781230668051426,0.6976788997013751,0.7671723189693506,0.7187334702187114,0.6733105493937427,0.6825059585479888,1.3285710465953977,0.7249732836555407
LT,0.4982182107563805,0.4377863547650161,0.4462059746721578,0.4308228860741196,0.4676714444538417,0.4250965346762072,0.5458947554270969,0.4515906541081945,0.4441935723702699,0.4375430109880026,0.4775289516586315,0.4438380525025413,0.4584372193905981,0.4530704278699685,0.4728985109845437,0.5468743194430762,0.4728354664425696,0.4363203670010163,0.7203016431680791,0.4336711221924906,0.4264242583145694,0.3951674486167201,0.5443768699189523,0.4848865596210383,0.4527059033403247,0.5235521857316815,0.7463719126662647,0.0,0.4427479004499552,0.4495344260287224,0.730108125207857,0.4550885865765992,0.4544051578250252,0.4400759539041876,0.5448433145719662,0.4726469871137053,0.4615427523367447,0.4344574041227211,0.5605721122408198,0.4230893802238401,0.4482993933128154,0.5313275734787362,0.4814251758410832,0.4248242075127155,0.4230091717280556,1.4010203746014651,0.4809700316221463
LU,0.3292518298141343,0.2291945136728587,0.2111146558675919,0.3017331933581643,0.2046665725855939,0.2433114489145239,0.4128686778724736,0.2055160446465898,0.2808917200102909,0.2709968401986136,0.2610950785711137,0.26173631211726,0.3105916403062109,0.2205472163494564,0.3332498958798142,0.4013590297548282,0.2170387368414213,0.2388217157780778,0.6219186113174795,0.2309510264676028,0.250412099298735,0.2678719323361663,0.3790125280343833,0.3566324252156017,0.2386386783218358,0.2717426223550616,0.6526065399793914,0.4427479004499552,0.0,0.2982705394310464,0.6104851872387687,0.3105486565954494,0.2623344639451123,0.2580421423657985,0.3802099455052169,0.2834012603248232,0.2928267808905537,0.2378919232552818,0.3603533008341827,0.2410137749418824,0.277400136465561,0.3995733532649724,0.3308103690326994,0.2302123130718424,0.2507237911267725,1.3455548183981818,0.3575849297742089
LV,0.3909085731926289,0.2380197010124351,0.2316393769424429,0.2049286164846467,0.1949680782810722,0.2226011314732195,0.1762812826219275,0.169400569889262,0.3749076108342139,0.1479140312477122,0.1868419865158282,0.1489780157664059,0.1182740466751299,0.2343164929838284,0.1289767435134754,0.3854839046627312,0.1952554235902019,0.1963504600814394,0.7135374876897044,0.300965394360166,0.2659157649189992,0.2051676364051606,0.4493632929502924,0.4130565555274289,0.1904659281752389,0.4337989512830176,0.7088760720733892,0.4495344260287224,0.2982705394310464,2.634178031930877e-08,0.6654575185160982,0.1464420892130799,0.1991979238060913,0.2974440715155798,0.5334119077845074,0.1273616008284159,0.1277144485636599,0.2068548169855198,0.5324946944526767,0.2101469017838104,0.1694801486961452,0.1620402578025344,0.1221038835294057,0.17501508007341,0.1435038209417761,1.4421408489278449,0.1274346097985823
MC,0.6339092270480803,0.6463011642810763,0.6413546333203877,0.6680389987420163,0.6330998832439458,0.6355730520590884,0.7260867965790744,0.635194505190051,0.6397268036938557,0.6588370281371654,0.6669268389499141,0.6655292156987805,0.6759240857761311,0.6374590550634711,0.6889572479663927,0.6765814740161512,0.6410894265599076,0.6449286222573469,0.761714791348593,0.6358105354043402,0.6460279964075333,0.6540390833904444,0.6963000860182557,0.661670901867743,0.6402090573728229,0.6489329947192042,0.7806417204085114,0.730108125207857,0.6104851872387687,0.6654575185160984,5.372690074837192e-08,0.6661966727368231,0.6462352579907489,0.6372881034666306,0.690933999915755,0.6603921752542322,0.6720949433181286,0.6445738606618031,0.6932596886466893,0.6336376236473676,0.6521854730528646,0.7159899905063717,0.6811356033098807,0.6339271713459164,0.6485741799853362,1.333431076928534,0.6786426477633328
MD,0.4070178624059783,0.2381268468544726,0.2506913814319678,0.2409920198433796,0.2154554773600285,0.2330381782392637,0.21916314713274,0.1985524517981878,0.3756363540090796,0.1877356131852523,0.2198056289811817,0.1945368984568462,0.1686242796365979,0.2528162377434038,0.1973471896351717,0.4020855145361415,0.220472392672107,0.2147291597075566,0.7144652049814573,0.3029934934045701,0.274481312206585,0.2437121963016182,0.4513479211106996,0.413733510399516,0.2178502331400623,0.4336484711100156,0.7149663989858579,0.4550885865765992,0.3105486565954494,0.1464420892130799,0.6661966727368231,0.0,0.2298480345770402,0.3112748957361191,0.5347455205869672,0.1695456725874794,0.1824120438810398,0.2379915815210889,0.5288377142628832,0.2128020289507234,0.199727195176252,0.2044095666440233,0.1802641447811512,0.2027111304323183,0.1783519456615994,1.4377741062607576,0.1805619484630125
ME,0.3614516753608767,0.209392491897999,0.2292456368719846,0.175662199704477,0.2169525574998902,0.1991529623117766,0.2971143066943985,0.1960580292035815,0.3332214313277395,0.202816312211107,0.2221814826831135,0.208514365405895,0.2130765930434108,0.2413957351082959,0.2344107704179604,0.3945121322068836,0.2229967661888645,0.2195266889811972,0.6756096900040057,0.2711931962467627,0.205068893412078,0.2323522386510866,0.4224671647980503,0.3965703382616897,0.2055969230313809,0.3812375928118695,0.6984662638163862,0.4544051578250252,0.2623344639451123,0.1991979238060913,0.6462352579907489,0.2298480345770402,0.0,0.2296414219289823,0.4803563071426012,0.2016813496613003,0.2044494648765258,0.2235439832559499,0.4703024652071489,0.2154267514253516,0.1319179657415941,0.2855403955954028,0.2286776087807586,0.160396505490529,0.1851248209010323,1.4119356255643838,0.2524220106055994
MK,0.3523822563805094,0.2173917254174938,0.2639201207067799,0.2463540802470333,0.2895180113145065,0.1972981361802753,0.429119074222995,0.2718495322771175,0.2512312955896987,0.2978022608839409,0.3087469201795898,0.2989088258218416,0.315049455889776,0.2627947908713835,0.3442828445587557,0.4230468677196887,0.3030750485578881,0.2511562835710297,0.6133416955573097,0.2163966224619969,0.2196249449257884,0.2584502632854917,0.3707866246180515,0.352015093961317,0.2758019075359872,0.3188346775983804,0.673786245136246,0.4400759539041876,0.2580421423657985,0.2974440715155798,0.6372881034666306,0.3112748957361191,0.2296414219289823,2.5809568279517847e-08,0.36679774218591,0.312178463933049,0.310902363819027,0.2343134279964213,0.3671695953544697,0.2367573342433689,0.2247586946569067,0.4157117424280494,0.3422719404107549,0.2117383485783037,0.2663980627853524,1.3561062651270208,0.3569097025917401
MT,0.4294981824691831,0.3983180478305184,0.4456918234582042,0.5102646303073187,0.4738426057965693,0.4256109269362634,0.6671168557160476,0.4713958958452237,0.3090211999935775,0.5185796873320052,0.5169275484993751,0.5077858136395798,0.5441400712684208,0.4063406470421855,0.575973543935083,0.5482725220838823,0.4896847292980803,0.4201416098358751,0.5678592586746476,0.3448350101141217,0.43160164803465,0.4530068280028012,0.3927125620889422,0.4063336359349644,0.4618294664633822,0.2958935907787277,0.7009739046167852,0.5448433145719662,0.3802099455052169,0.5334119077845074,0.690933999915755,0.5347455205869672,0.4803563071426012,0.36679774218591,0.0,0.5299456247338094,0.5364000118301969,0.4219845043594219,0.2720825705456512,0.4414498522592839,0.5002257508229002,0.6543723065795765,0.5790684534584472,0.435900322890328,0.4903534134197492,1.2948945013593236,0.5951761251271501
NL,0.3895009902346176,0.236364658860378,0.2077655406024381,0.2342343659788217,0.1463236533236652,0.2278370356899675,0.1791979932832881,0.1248637388776952,0.3791436612896633,0.146929279243492,0.1442027281427081,0.1450053428605818,0.1258662116416236,0.2205701189710598,0.1572690491637733,0.3802442778217733,0.1553745965570432,0.1804423207173073,0.7169018483580879,0.2976201055831399,0.2746211269945411,0.2405148850060326,0.4440725510127036,0.4207859847009988,0.1756595319509732,0.4180193628876693,0.7047841229943784,0.4726469871137053,0.2834012603248232,0.1273616008284159,0.6603921752542322,0.1695456725874794,0.2016813496613003,0.312178463933049,0.5299456247338094,5.268356063861754e-09,0.1185144389135031,0.2095575494191638,0.5242147631904277,0.223999093128576,0.1835448737419056,0.1683203951160654,0.1259232172565894,0.1825527884599186,0.1480670277558366,1.4377688064670937,0.1534217240121198
NO,0.395164358557793,0.2393357310914326,0.2153318433498075,0.2210542821472327,0.1824030041981344,0.2351319342303525,0.1866737702263049,0.1506395739921315,0.3800612627301885,0.1364842792283169,0.1562243375298759,0.1283046642774064,0.1334216059005789,0.236549246845017,0.1433252585234711,0.3998686640096558,0.1808528862624651,0.1869867486393072,0.7247278010583721,0.2983492276841372,0.2579647897074936,0.2176534797609835,0.4466043875214182,0.4227253098603481,0.1730551130254821,0.4253190769822184,0.710020871965479,0.4615427523367447,0.2928267808905537,0.1277144485636599,0.6720949433181286,0.1824120438810398,0.2044494648765258,0.310902363819027,0.5364000118301969,0.1185144389135031,2.414264045062609e-08,0.2129608906021051,0.530888106348363,0.2168582920942738,0.1833621141830247,0.1771819272118292,0.116113371493808,0.1828596724914815,0.1441688223100956,1.4503121749526562,0.1588194681691191
PL,0.3591401867785543,0.2085357745144604,0.2122562236255205,0.244634195457647,0.2082180706024821,0.1937808207001553,0.3187222075813483,0.1836692817533005,0.2916073427640227,0.1924283489593879,0.2207133354582671,0.1964045487738248,0.2238138345022399,0.1973945779922065,0.2454382832081284,0.3904299948782616,0.2042429428635081,0.1632669108793125,0.6488084668401694,0.2198158044537559,0.244310792959092,0.2119996469894162,0.3746232663640085,0.3638377898898509,0.2087092852116683,0.3293334771341288,0.6731695076067755,0.4344574041227211,0.2378919232552818,0.2068548169855198,0.6445738606618031,0.2379915815210889,0.2235439832559499,0.2343134279964213,0.4219845043594219,0.2095575494191638,0.2129608906021051,0.0,0.4122342876146361,0.2051363294842218,0.2014526714168426,0.306146568984398,0.2434495733498969,0.177841977181791,0.1786177980162468,1.39539544593169,0.2598750589559783
PT,0.4161696624679016,0.3888656524512499,0.4352471340211326,0.5103076527200947,0.461209798817087,0.4075611325542831,0.6636583855640343,0.4556537851307723,0.3252293545430807,0.5120211867338819,0.5064034129798478,0.5088009283868321,0.5430123805994781,0.3851804985821664,0.5854145835415289,0.5532754167887505,0.4726168816716905,0.4262373342672043,0.586299895912005,0.3301356350489751,0.4251531273094738,0.4770322039715085,0.4113769088588722,0.4401677562977552,0.4493751653438995,0.2535496882709299,0.7127642573042137,0.5605721122408198,0.3603533008341826,0.5324946944526767,0.6932596886466893,0.5288377142628832,0.4703024652071489,0.3671695953544697,0.2720825705456512,0.5242147631904277,0.530888106348363,0.4122342876146361,0.0,0.4315559643064454,0.4878458294928182,0.6495488662356904,0.5770627399708171,0.4321700274173487,0.4833765383278818,1.290459900888444,0.5999796101699943
RO,0.3502002555086901,0.1987776882455716,0.2249269377581579,0.2380523081665288,0.2149819114913967,0.1626987148010941,0.3299805749854993,0.1932995240263711,0.2774214043346916,0.2169799447958392,0.2415980797557475,0.225117501947901,0.2245999591036759,0.2162389970288735,0.2499361704159515,0.3998311146265537,0.2176871010175453,0.2069108381709636,0.6519347830356758,0.195929838475465,0.2126044740939238,0.2081235680464757,0.4005920990742233,0.3684573892990917,0.2252557546732141,0.3436874492049928,0.6781230668051426,0.4230893802238401,0.2410137749418824,0.2101469017838104,0.6336376236473676,0.2128020289507234,0.2154267514253516,0.2367573342433689,0.4414498522592838,0.223999093128576,0.2168582920942738,0.2051363294842218,0.4315559643064454,7.450580596923828e-09,0.2069754544336128,0.3149907600980691,0.2495798844059571,0.1748314095374343,0.1949757837533762,1.3832038381203091,0.2694368511548654
RS,0.3820135840775768,0.2251304936137518,0.2266532480343668,0.1476117499108498,0.2110377256574769,0.1791284521735876,0.2621010966068339,0.1888418458126656,0.3420601095625136,0.176807900468907,0.2096468329659879,0.1828617324708025,0.1923297364467252,0.2385872221045504,0.2132937686217952,0.391607757227332,0.2167581059268276,0.2015915460515046,0.6908983796544673,0.2699090304357662,0.2044824952207471,0.2170063032412469,0.4229544920839253,0.4012872700171158,0.1944785431893368,0.4003526262228022,0.6976788997013751,0.4482993933128154,0.277400136465561,0.1694801486961452,0.6521854730528646,0.199727195176252,0.1319179657415941,0.2247586946569066,0.5002257508229002,0.1835448737419056,0.1833621141830247,0.2014526714168426,0.4878458294928182,0.2069754544336127,4.998001405968792e-08,0.2515653742000998,0.1924051445651421,0.1563703196019754,0.1527241705328365,1.421398011391186,0.2119956954659682
RU,0.4858118834567342,0.3438016568214126,0.3134382301227397,0.2912129499723334,0.2655911319141574,0.3307964913437837,0.0496748516349217,0.2446441596186213,0.4928354633370979,0.2054911312822277,0.2278442046276601,0.2154840302643481,0.1655373951554585,0.3328074020262898,0.1557466178508738,0.442526879278728,0.2541525255477221,0.2912630820556846,0.8076212196709676,0.4150224445076168,0.3688262747923824,0.3103611213573258,0.5443024689362116,0.5119009736644823,0.273168527246676,0.5401606370592628,0.7671723189693506,0.5313275734787362,0.3995733532649724,0.1620402578025344,0.7159899905063717,0.2044095666440233,0.2855403955954028,0.4157117424280495,0.6543723065795765,0.1683203951160654,0.1771819272118292,0.306146568984398,0.6495488662356904,0.3149907600980691,0.2515653742000998,4.562530187486071e-09,0.1325027221222397,0.2826894675160099,0.2268926074779562,1.5038107278797537,0.1150641259822561
SE,0.4291390427946577,0.279480721012773,0.2494960259088072,0.2318997673974041,0.2100362539183981,0.2664631103015559,0.1405159228987593,0.1809780857698234,0.4242750329299284,0.1439553142043612,0.1794702931318884,0.147361185078451,0.1291186626799478,0.2736091645371895,0.1205294168274601,0.3995869101248323,0.2062881815197625,0.2185596857628647,0.752029172925098,0.3427606001941833,0.2999762475147305,0.2354098953105991,0.4787147529370061,0.4494189251475446,0.2128225162062879,0.4721122176286462,0.7187334702187114,0.4814251758410832,0.3308103690326994,0.1221038835294057,0.6811356033098807,0.1802641447811512,0.2286776087807586,0.3422719404107549,0.579068453458447,0.1259232172565894,0.116113371493808,0.2434495733498968,0.577062739970817,0.2495798844059571,0.1924051445651421,0.1325027221222397,2.686345037418596e-08,0.2143751071644663,0.1592628017431841,1.4654768858927372,0.1231928215355561
SI,0.3303849007191178,0.1777308381307204,0.1870576767154868,0.1970542664476717,0.1823180857033621,0.1639191017994723,0.2966638318586449,0.155627052087528,0.2865559046562728,0.1734002511012796,0.1997563963777056,0.1848488315194745,0.1779388560162363,0.1850926788151324,0.223300557095072,0.377981484567361,0.1895530409550151,0.1614132167717569,0.6467478329320301,0.2152829642919006,0.1998798802598872,0.1897042848274459,0.3837358932882133,0.357026822915555,0.1671836785163451,0.3403859520304743,0.6733105493937427,0.4248242075127155,0.2302123130718424,0.17501508007341,0.6339271713459164,0.2027111304323183,0.160396505490529,0.2117383485783037,0.435900322890328,0.1825527884599186,0.1828596724914815,0.177841977181791,0.4321700274173487,0.1748314095374343,0.1563703196019754,0.2826894675160099,0.2143751071644663,0.0,0.1429491880720907,1.39359471710451,0.2361153705690735
SK,0.3633143634469887,0.2134480338484322,0.1859314653184514,0.1966350927581579,0.1744035068384445,0.1894838319544191,0.2390383416094749,0.1418854872211829,0.3391013263315349,0.0963807025186859,0.1709614945675041,0.1365926748727298,0.1535910068472191,0.2039018021570969,0.1818609828644828,0.3742276441652338,0.1765490456606238,0.1622002806387918,0.6819721350255071,0.263734457477992,0.2214958832541423,0.1864125043535457,0.4141604603798335,0.3800107947770971,0.1651058466335379,0.3851880297854739,0.6825059585479888,0.4230091717280556,0.2507237911267725,0.1435038209417761,0.6485741799853362,0.1783519456615994,0.1851248209010323,0.2663980627853524,0.4903534134197492,0.1480670277558366,0.1441688223100956,0.1786177980162468,0.4833765383278818,0.1949757837533762,0.1527241705328365,0.2268926074779562,0.1592628017431841,0.1429491880720907,0.0,1.4159413647432988,0.1810521810020847
