ISO_CODE,AO,BF,BI,BJ,BW,CD,CF,CG,CI,CM,CV,DJ,DZ,EG,ER,ET,GA,GH,GM,GN,GQ,GW,KE,KM,LR,LS,LY,MA,MG,ML,MR,MU,MW,MZ,NA,NE,NG,RE,RW,SC,SL,SN,SO,SS,ST,SZ,TD,TG,TN,TZ,UG,YT,ZA,ZM,ZW
AO,1.1920928955078125e-07,0.7576830618089878,0.6822821145270216,0.7181931264579124,0.9838097681135798,0.6793350967454886,0.7132420519592404,0.7466385325669631,0.7373715019701547,0.6898193181845186,0.5909933027451878,0.7618995726523543,0.8924557629545297,1.0222470190250796,1.0512327241610608,0.7863725812949499,0.7229434506545493,0.7748680999749084,0.7704078788764789,0.7943586324765863,0.8504102807172385,0.7258837221776399,0.7959688014260332,0.8217107493160029,0.7681574476691273,0.7909047999367592,1.230807890677689,0.8764312328871541,0.7096384998118942,0.8275934899803864,0.7850803781462214,0.9962842774454224,0.713810537994917,0.4907341587480713,0.8484262188804655,0.8204331285325885,0.7849859676113363,0.88443012045781,0.7565406768672769,0.8163671033691144,0.8685183644579102,0.7555657490010965,0.8957430743606395,0.8351455521226421,0.6492409597194702,0.741654074342948,0.7799223431718,0.7116904043724809,1.1593287675633148,0.897407151944681,0.7465335341211289,0.7858861636945623,0.742807434997476,0.7665351839401462,0.727813377731592
BF,0.7576830618089878,1.1920928955078125e-07,0.4292170875148106,0.3494671854395585,0.9216483865775784,0.4315779689790348,0.3988159564072325,0.4892547251772298,0.3239862184030901,0.3730083370579164,0.7824095076246973,0.4764378910245684,0.7282997201226384,0.904677091480524,0.794617545634945,0.5452827295995148,0.3869846771774434,0.503329757728077,0.3978155612469326,0.3509930149428937,0.6197427012341026,0.549110813713892,0.555324991740924,0.6168379115937005,0.417846112419914,0.6032261170434423,1.1038823967196558,0.7365426041308538,0.5728735774302358,0.579329730500568,0.4748355804223786,0.8736376333111604,0.4873186366389352,0.6533947109992255,0.6314676515025452,0.3587554937899231,0.4701858787239124,0.7820302712601287,0.4511409815663703,0.6580349997196503,0.6923363787051662,0.400697189995256,0.6700002973613326,0.6185731135097147,0.6257898224995955,0.5487611139616363,0.4604395604755442,0.3613927125935325,1.0935883670799358,0.6109118819950872,0.5531362269610375,0.5242885166339281,0.5331794176548805,0.5647602625834998,0.4690188072705359
BI,0.6822821145270216,0.4292170875148106,1.6726511955740786e-07,0.3758435968104831,0.8740395634007087,0.3186020490549337,0.3012399585930282,0.4234710942432153,0.4039750866908098,0.3138338880451801,0.7520366074420939,0.4176815884579358,0.7141084149545718,0.9122530506656784,0.8072776875165526,0.4465496414081906,0.3792809992403445,0.5241119026801578,0.3898273232918545,0.464100064141815,0.5579115740523456,0.4952090678700851,0.5046687920631093,0.5028280705471029,0.4940827387500805,0.4614960729977493,1.1152137242269926,0.7366444658165691,0.4189951213658952,0.6609669774726944,0.4614887865868333,0.8940809688238853,0.3500993506338645,0.5281199309702544,0.6360587362487399,0.4894794173776626,0.4664863404999337,0.7841829663637535,0.3587465452277407,0.6248170394181268,0.6699399345382564,0.4445397955998785,0.6258032012292325,0.5556754288476414,0.5558787468529249,0.3886712782471488,0.4163339202375908,0.3307764111484609,1.1073879774244648,0.6006043289016126,0.4597465818893678,0.4993429486638777,0.4524856603241557,0.4953890270316928,0.3572164979580036
BJ,0.7181931264579124,0.3494671854395585,0.3758435968104831,0.0,0.9928556394283294,0.3619280015517373,0.3222630389401754,0.4823423860929143,0.2640983402139805,0.3500269070620623,0.7726485118780325,0.3782647567239774,0.7290115531865347,0.9069723979777262,0.6009305663041374,0.422461507966626,0.3850792913295148,0.4936550499943424,0.3258664608003828,0.4259316991861112,0.444718338382034,0.3629505228054271,0.5232274326377332,0.4418471565176763,0.4070845196805619,0.54269973952868,1.1467355417091176,0.71426820942713,0.5413322316106622,0.4943464793382942,0.407027517400453,0.9068361230969136,0.3460226187033439,0.6192170845968866,0.6540443438479409,0.381057694505289,0.4315764149967607,0.7669928726054999,0.2797192878262151,0.5978336753816132,0.7394521875553733,0.3471010147817576,0.6465436798967007,0.6124216393100769,0.4763122790578033,0.4382992668732461,0.3447721318367076,0.2168405176240558,1.1183791017915397,0.5630744532840477,0.5520797080509738,0.3780629483244288,0.4308986672529499,0.5554641766069054,0.3937551195812071
BW,0.9838097681135798,0.9216483865775784,0.8740395634007085,0.9928556394283292,0.0,0.9215685974697746,0.9231752973345518,0.9360823494956512,0.9485890038143358,0.8455964696354612,0.9794636283129502,1.0145734003420972,0.971323995003825,1.0461931342192825,1.4041788399389428,1.018190345105068,0.8790902234052858,0.7802731778641716,0.9959951444787222,0.8856948234520285,1.2131400422396863,1.1763180076288442,0.8909623770689864,1.1960272637698488,0.9249487601398412,0.8705320950971814,1.182155221321717,0.9910932264558698,0.7894688562624776,1.100678473727333,1.0251966258372904,0.8861203068408113,0.9331739992904904,0.8837178478784119,0.7884193861922508,0.9826627514373484,0.8727769680806802,0.9610488971876702,1.0214020498660903,0.9401614991491511,0.7423966737474542,1.0100292355038132,1.013039321220046,0.8328132879177546,1.1462302608515167,0.9303560138142966,1.0803684641305336,0.9811636051781076,1.1776988146181664,0.9963638595209706,0.7273171244812966,1.0616880928214512,0.9108925217324711,0.740802542612333,0.8573976642118799
CD,0.6793350967454886,0.4315779689790348,0.3186020490549337,0.3619280015517373,0.9215685974697744,1.3493575361575808e-07,0.3374431673371531,0.2647038639811935,0.4136564616244703,0.3247606630280112,0.7973321429032287,0.421026132451483,0.7373524441527872,0.9368829877209092,0.7945457535920006,0.454176263890316,0.3931037387050045,0.537545942550118,0.4044073882599992,0.5276632206266754,0.5180738408028164,0.470116351053096,0.53941824004097,0.4553022125485688,0.5318241181193605,0.4578105874900989,1.1382856823533318,0.7489226327546333,0.4282393084928248,0.6059957261559528,0.4588520464203287,0.9392297766491854,0.3322767411242295,0.5286174655674164,0.6768755582675745,0.5054398394286725,0.5010200753108555,0.805741369802751,0.3753802744150039,0.6729695054619368,0.7007597981417281,0.4263524458342568,0.6917540984741126,0.599974145838373,0.5451728948797739,0.3833863456785203,0.4063465040145075,0.3033588516723947,1.1225834037909113,0.6304419867594775,0.4917918827324294,0.5149045375027836,0.4608988742351806,0.5241641881716818,0.3565958736679687
CF,0.7132420519592404,0.3988159564072325,0.3012399585930282,0.3222630389401754,0.9231752973345516,0.3374431673371531,1.737759081973225e-07,0.4427146763436858,0.354041635295786,0.3354715240909005,0.7580176390750051,0.3819311946442357,0.706446854895032,0.90081039669524,0.72575433252355,0.4386620617196547,0.3753675066616915,0.4983460707203211,0.3610175194021292,0.4341807416030022,0.5159402221539131,0.4459764988089324,0.5126083139004928,0.4968439244600203,0.4577286106184138,0.5067955803529085,1.1096526714359565,0.7140862135612678,0.4739565414264901,0.5926853729808461,0.4192950571847358,0.8852718028854414,0.3631588083719583,0.5831391554244,0.6410449793407333,0.4262351690964222,0.4374151122336966,0.789148833901683,0.3282158517741501,0.5934813548531443,0.6786164560416752,0.4090705046573532,0.6010583928102904,0.526300813265589,0.5275048108728178,0.4271356806630132,0.3626530743292069,0.3007688042056139,1.0984271822944407,0.5691972307392676,0.4974471749905729,0.458865406664912,0.4713300219571555,0.5298439551300187,0.3645033666533812
CG,0.7466385325669631,0.4892547251772298,0.4234710942432153,0.4823423860929143,0.9360823494956512,0.2647038639811935,0.4427146763436858,0.0,0.5045160271591218,0.4225688771904808,0.8519362056254857,0.5223709157135266,0.8002499486782104,0.9996608584214438,0.90515915695196,0.5750850537993508,0.4510729700510236,0.6246785405861616,0.4991739655869567,0.5665806394509345,0.6319587821893976,0.5942918841442545,0.6268537756024081,0.5730585889835182,0.6167457763441582,0.5535494273289705,1.1712339121121436,0.8055266493239681,0.5163190104148724,0.7058539305667193,0.5583936140283728,0.9767805652503152,0.4757711747939981,0.6201028462081456,0.7248862130694401,0.5640833149196475,0.5957623218924913,0.8535969572343844,0.5148442065692687,0.750358699323626,0.7485505627129287,0.4970241396434589,0.7629912350786946,0.6766363241373234,0.6631199563660874,0.4980475664145225,0.4922020219611976,0.4277428431735925,1.1471664604001572,0.7238494223755739,0.5823907802376147,0.6167839153047604,0.5586883680194312,0.5974591096637871,0.4875741609617137
CI,0.7373715019701547,0.3239862184030901,0.4039750866908098,0.2640983402139805,0.9485890038143358,0.4136564616244703,0.354041635295786,0.5045160271591218,1.3978528260658472e-07,0.3091743459920796,0.7371463275640323,0.4252764467894998,0.6883735174247888,0.867076111940645,0.6870340133715904,0.4868770786815852,0.3594474973754753,0.4760879707984845,0.3776759510435353,0.3289669913398292,0.5589509421481724,0.4704943097220075,0.5156468182103807,0.5702833675578226,0.4068514103814842,0.5964029214316386,1.08817742809101,0.690433549508652,0.5599337552045742,0.531489206191896,0.440331135987655,0.8407713037509292,0.4422779795037254,0.6324187419428737,0.6115178913070076,0.3622326371542672,0.4197580778049448,0.7287938369365965,0.3585235035739347,0.5928078580037188,0.7104481360337185,0.3715280133659306,0.6191739507387551,0.5915272747538353,0.5535639270857274,0.5214693715514929,0.4259212264454764,0.3216685585491078,1.0758007280716482,0.5438002725397434,0.5248147228012525,0.4239068840941297,0.4804004702124399,0.5646502355538762,0.43597024187909
CM,0.6898193181845186,0.3730083370579164,0.3138338880451801,0.3500269070620623,0.8455964696354612,0.3247606630280112,0.3354715240909005,0.4225688771904808,0.3091743459920796,0.0,0.7161705171686876,0.4191771842580171,0.6698346497753301,0.8681149714918032,0.8111699560705614,0.4710743938724934,0.321576193721614,0.4770410764444384,0.3928367961406047,0.4038550539235617,0.5838968132945566,0.5194065738407875,0.508964474901586,0.5514928033925502,0.4746059357091987,0.4904194882970707,1.0753220052758836,0.6847068845658463,0.4182354009034369,0.6106061155184964,0.4540482516499776,0.8324588851053712,0.3972733177878932,0.5367161784588655,0.583773109307135,0.4256193566299248,0.4202924680828857,0.7133095082912874,0.3790719417917759,0.6020787823256971,0.6479593756358392,0.4109756264911759,0.6220018696750689,0.5627437217979755,0.5797181655454764,0.433348351526622,0.4572950989306324,0.3328193980645436,1.068208336838865,0.5863929454014589,0.4608412394780254,0.4765260422452096,0.4400304135902864,0.5045705213165362,0.3646417861914629
CV,0.5909933027451878,0.7824095076246973,0.752036607442094,0.7726485118780326,0.9794636283129502,0.7973321429032287,0.758017639075005,0.8519362056254857,0.7371463275640323,0.7161705171686876,5.1619136559035694e-08,0.8134411679394037,0.837044314443168,0.9651186528396872,1.0626924387724248,0.8412738263237949,0.7374256090268696,0.780953389456168,0.8074197564719434,0.7351468915480486,0.9537053640554524,0.7918808494682239,0.8455968390952988,0.9526296025004958,0.7788206545381611,0.893808277585214,1.1728586179060447,0.8091954410504235,0.7802153052532418,0.8219992855683498,0.8295446524342526,0.8882430476996215,0.8417091472460634,0.6225344862282841,0.782360731363521,0.8177541124473666,0.7749548738685083,0.8273888746505741,0.8018299373175611,0.7570267219277297,0.8711670906592522,0.8368889597702189,0.8609432017314363,0.842442056982554,0.7116695095009707,0.8518526199841892,0.8794136014161344,0.7941685405778994,1.1464256272826132,0.8806350368163768,0.8045948836690593,0.7721792130211285,0.8012745366959233,0.8368533348474405,0.8139074964383068
DJ,0.7618995726523543,0.4764378910245684,0.4176815884579358,0.3782647567239774,1.0145734003420974,0.421026132451483,0.3819311946442357,0.5223709157135266,0.4252764467894998,0.4191771842580171,0.8134411679394037,6.989264130329236e-08,0.6859235305292349,0.8726008896427557,0.6841458641188515,0.4277201850887107,0.4456122472211594,0.6063832822909198,0.3916159742017742,0.5197294779673518,0.5055273359741151,0.4416669666489987,0.5681316694356278,0.4606907118054624,0.5361858159714583,0.5720649450410609,1.1039846958190878,0.699296958854306,0.5619494175136887,0.59757773198253,0.3803876889596247,0.9056382358867944,0.4260994540907961,0.6339159034389331,0.6954023937192269,0.4699916847328478,0.5206662494418287,0.7962625281740234,0.3821526214048635,0.6260534209729205,0.7812758800487777,0.4277431175584159,0.519997538679548,0.6202017900096481,0.5403607445538778,0.4606242411924024,0.3595941608997382,0.3694233867800089,1.070032633174609,0.6348388011413508,0.585130213305937,0.4157730940596417,0.4815996886317665,0.6140775854065714,0.4406861022127089
DZ,0.8924557629545297,0.7282997201226384,0.7141084149545718,0.7290115531865347,0.971323995003825,0.7373524441527872,0.706446854895032,0.8002499486782104,0.6883735174247888,0.6698346497753301,0.837044314443168,0.685923530529235,0.0,0.6737219151393399,1.0142661782079625,0.7845013681089822,0.698518187521343,0.7476606763808071,0.7589136245160037,0.6918528959173355,0.9148221817355354,0.8370718978764817,0.779422400094662,0.8843451344177866,0.7502242602393127,0.8361439235319048,0.7796431273650075,0.500930178999835,0.7452825941556714,0.7731048766060796,0.6256422923034038,0.8347131841725356,0.7812411082050787,0.7947276007094093,0.8017130028780096,0.7372650568213106,0.7185623704253734,0.8174321068581842,0.7600910730758809,0.742482814518695,0.8667739463191737,0.7559912098906184,0.7718341477610337,0.7831047608722723,0.8352727291956432,0.8114630973692312,0.7857693911692536,0.7517629332668754,0.7678632837470399,0.8336622005818327,0.7568743559729083,0.7129498820130865,0.7494393125550862,0.791824363970531,0.7470657602200663
EG,1.0222470190250796,0.904677091480524,0.9122530506656782,0.906972397977726,1.0461931342192825,0.9368829877209092,0.90081039669524,0.9996608584214438,0.867076111940645,0.8681149714918032,0.9651186528396872,0.8726008896427556,0.6737219151393399,7.884953353001449e-08,1.1239566022224556,0.9464658827971733,0.8894362079640393,0.8870466641259759,0.9520468341271316,0.8822874887692976,1.0904495910114846,1.013641946117858,0.9194503583147042,1.0736667309126793,0.9011900525991275,0.998284680351574,0.9153516737192452,0.7367277753476635,0.931713888443406,0.921528187957422,0.8423466194629462,0.8701426268348983,0.9497928791527156,0.9586857489890592,0.9312390770575756,0.9195960071173394,0.8746634987172756,0.925476491328812,0.933133436708917,0.8318624352569453,1.0167720567830258,0.945628642219092,0.914304991343606,0.9330083305152452,0.9937365611200484,0.9905812407514504,0.9877373418395456,0.9485058497367596,0.9325619823019168,0.968694549039213,0.9030156703597172,0.8746220856050734,0.9046138053421442,0.922749999016068,0.9212350944846612
ER,1.0512327241610608,0.794617545634945,0.8072776875165526,0.6009305663041374,1.4041788399389428,0.7945457535920006,0.72575433252355,0.90515915695196,0.6870340133715904,0.8111699560705614,1.0626924387724248,0.6841458641188515,1.0142661782079625,1.1239566022224556,0.0,0.6473131569058724,0.8175427064319924,0.844443722185591,0.6691486566118519,0.8227104435658245,0.5828563002824869,0.5274259102119428,0.8449359076082014,0.6478762464951578,0.7450417982767814,0.8913283891355951,1.391347383638791,1.0051093762721732,0.957566370909442,0.7054658679106898,0.688593521917595,1.2082984653000952,0.7145854287153774,0.9924074537789334,0.9790254010296372,0.7494466950022519,0.7736929620505291,1.0970815006134491,0.5558739956978807,0.854968203510932,1.0879225140748456,0.7380992101002953,0.8510949765947183,0.8850955609912666,0.6424964228488832,0.7791383266749735,0.6544935625977553,0.6654350146780633,1.379873703013957,0.762696486520562,0.9269376189532248,0.6083991233473073,0.7520795274414985,0.9488776920799484,0.7569429820856797
ET,0.7863725812949499,0.5452827295995148,0.4465496414081906,0.422461507966626,1.018190345105068,0.454176263890316,0.4386620617196547,0.5750850537993508,0.4868770786815852,0.4710743938724934,0.8412738263237949,0.4277201850887107,0.7845013681089822,0.9464658827971733,0.6473131569058724,1.737759081973225e-07,0.517895146433639,0.5765798557238977,0.4067565138093049,0.6002780299015404,0.5022715294427551,0.4531079026581291,0.5829973420957161,0.4743720472387602,0.5753920508424245,0.5339385202536705,1.185154603936785,0.7895913094081988,0.5435968522506109,0.6136355637527748,0.4813711260512247,0.9844912754095496,0.4203933683984737,0.639249437868503,0.7258291056079722,0.5577829573467883,0.5275708858818199,0.868110053557282,0.3598810522818911,0.6902780555982755,0.7362449986697662,0.5013493589867711,0.6361379356052167,0.5944261539826796,0.5470902662854216,0.432369165777922,0.4472330385002275,0.3982328099446326,1.1743748809748225,0.6225094806317005,0.567121176795958,0.5012779692268968,0.5019120521187502,0.6174662398730894,0.416338656321803
GA,0.7229434506545493,0.3869846771774434,0.3792809992403445,0.3850792913295148,0.8790902234052855,0.3931037387050045,0.3753675066616915,0.4510729700510236,0.3594474973754753,0.321576193721614,0.7374256090268694,0.4456122472211594,0.698518187521343,0.8894362079640392,0.8175427064319924,0.517895146433639,1.1348386266624793e-07,0.5250596869341412,0.4401145150038714,0.4300608663369598,0.6062477953718455,0.5441725328278892,0.5331481880269731,0.5872466860402735,0.5065750712308096,0.5570085695607122,1.0971767698181325,0.7141244573935945,0.4969337093367649,0.6234210414766731,0.4854646223668226,0.8427500777816735,0.4511056726189796,0.5977486654873618,0.6076827486064824,0.4412349909795371,0.4813083348204646,0.719319901344782,0.4358977615814763,0.6249409538003724,0.699197188770695,0.4434903500869028,0.6562190420856285,0.6057862048572449,0.6017869797741968,0.4936019584706252,0.4583905800275516,0.3776977858983593,1.0795091752833563,0.6215341536899939,0.515893040065416,0.4983968013474046,0.4885389098949681,0.5334468087836254,0.4291102629963451
GH,0.7748680999749084,0.503329757728077,0.5241119026801578,0.4936550499943424,0.7802731778641716,0.537545942550118,0.4983460707203211,0.6246785405861616,0.4760879707984845,0.4770410764444384,0.780953389456168,0.6063832822909198,0.7476606763808071,0.8870466641259759,0.844443722185591,0.5765798557238977,0.5250596869341412,2.9802322387695312e-08,0.4968966049346808,0.5006555086925484,0.7254801846125202,0.6665493496611246,0.5604625380323333,0.7414724381293087,0.4846848700696384,0.5987970611329434,1.0976096394781976,0.7595188244079875,0.52861873203051,0.6274269795605082,0.5934731144212696,0.8704024115340868,0.5374573680425769,0.6593403918191968,0.6312614321388548,0.528406328850569,0.4198147724851259,0.8151364106781552,0.5139621793565049,0.6688228345104499,0.4989126532533642,0.5808605198155072,0.6787277080521134,0.4792560908715494,0.7032083787284805,0.5807579975806098,0.6148022262287892,0.4975207665280814,1.1108101709263434,0.561990886918255,0.4521099111107672,0.6247300111849672,0.6026856593272145,0.5224738044508807,0.4572056537221386
GM,0.7704078788764789,0.3978155612469326,0.3898273232918545,0.3258664608003828,0.995995144478722,0.4044073882599992,0.3610175194021292,0.4991739655869567,0.3776759510435353,0.3928367961406047,0.8074197564719434,0.3916159742017742,0.7589136245160037,0.9520468341271316,0.6691486566118519,0.4067565138093049,0.4401145150038714,0.4968966049346808,5.575503985246929e-08,0.4705542241975843,0.4454474417411053,0.3894385867975902,0.5412127726594772,0.4231912636007532,0.4851598811344076,0.4780086369111103,1.166199129945496,0.7595181446637915,0.4924679436980279,0.5520421401234069,0.394050345542974,0.966690265590371,0.3768363135768338,0.6209990067449136,0.6785399669413182,0.4154618027754686,0.4551496990308919,0.8547992402789641,0.2877681224009243,0.681372697503089,0.6368910385638162,0.3553042730764637,0.6215550587120698,0.5519221764598771,0.5297200245775198,0.3769349455734314,0.3356769993610698,0.2599130440086244,1.1559688155682577,0.5623268701319695,0.5232244955498919,0.4627607466954448,0.4744832801335256,0.5956099455890297,0.3540629613860184
GN,0.7943586324765863,0.3509930149428937,0.464100064141815,0.4259316991861115,0.8856948234520285,0.5276632206266754,0.4341807416030024,0.5665806394509345,0.3289669913398292,0.4038550539235617,0.7351468915480486,0.5197294779673518,0.6918528959173355,0.8822874887692976,0.8227104435658245,0.6002780299015404,0.43006086633696,0.5006555086925484,0.4705542241975843,8.940696716308595e-08,0.7206508484511281,0.6322826383609143,0.5634661819920163,0.7471306510358978,0.4036025970740609,0.699133868601249,1.0614324914254156,0.7052445644465913,0.6390876251092177,0.6572113545403562,0.5195571083194374,0.8320167028550794,0.5740148629520007,0.7110490614458663,0.6159866858930724,0.3622802482833072,0.4631609409904706,0.7808658148945959,0.4947187029551952,0.6470130355968856,0.6789571724394582,0.4683754191120148,0.6034399591793141,0.5835996366210289,0.6985802192467981,0.6549474215041077,0.5215182395212138,0.4681321073153656,1.0576907283156685,0.5594782972564225,0.5512587924056735,0.5391807400114588,0.6010070105891927,0.5877641258588402,0.5399202339850361
GQ,0.8504102807172385,0.6197427012341026,0.5579115740523456,0.444718338382034,1.2131400422396863,0.5180738408028164,0.5159402221539131,0.6319587821893976,0.5589509421481724,0.5838968132945566,0.9537053640554524,0.5055273359741151,0.9148221817355354,1.0904495910114846,0.5828563002824869,0.5022715294427551,0.6062477953718455,0.7254801846125202,0.4454474417411053,0.7206508484511281,0.0,0.3656603951247519,0.6994034650053387,0.3385768505444913,0.6776993377402419,0.5965926286752595,1.317820351942731,0.8910085766191044,0.6599608926078152,0.6349266162418092,0.5324677195313304,1.1329041413109355,0.4566455941271703,0.735097542028032,0.8616216192549551,0.6330471036644479,0.6572798374337002,0.9719322500727764,0.4017261781584372,0.7892738669845657,0.904716528463822,0.5181581246724677,0.8038202524095914,0.7709814305306495,0.5136778892504201,0.4678192313307917,0.4332105518286085,0.4077215484369287,1.2794424107309912,0.729467777256153,0.7385427185334865,0.5271639126084908,0.5654639819386038,0.7604549675827985,0.5184625888828156
GW,0.7258837221776399,0.549110813713892,0.4952090678700851,0.3629505228054271,1.1763180076288442,0.470116351053096,0.4459764988089324,0.5942918841442545,0.4704943097220075,0.5194065738407875,0.7918808494682237,0.4416669666489987,0.8370718978764817,1.013641946117858,0.5274259102119428,0.4531079026581291,0.5441725328278892,0.6665493496611246,0.3894385867975902,0.6322826383609143,0.3656603951247519,9.424321830774485e-08,0.6392996753545762,0.331730406907652,0.5904502275658018,0.595714168840826,1.2493655375282064,0.8309359444116632,0.6359349354285899,0.5505755814281346,0.4720840685822318,1.0564825163807248,0.4338905472397841,0.6170534828575582,0.7880451551348499,0.5564294857507626,0.5885530480146589,0.9064929768797227,0.327517503544367,0.6995953465445731,0.8677589012940506,0.4608861642268251,0.7294427750493726,0.7178404497363353,0.3402896883058636,0.4575205645445427,0.3932421783435861,0.3518832262696451,1.2306710010744797,0.6676566234331294,0.6913717206333497,0.4385672542692758,0.5018668181978146,0.7115578969949884,0.480502439625412
KE,0.7959688014260332,0.555324991740924,0.5046687920631093,0.5232274326377332,0.8909623770689864,0.53941824004097,0.5126083139004928,0.6268537756024081,0.5156468182103807,0.508964474901586,0.8455968390952988,0.5681316694356278,0.779422400094662,0.9194503583147042,0.8449359076082014,0.5829973420957161,0.5331481880269731,0.5604625380323333,0.5412127726594772,0.5634661819920163,0.6994034650053387,0.6392996753545762,0.0,0.6855576150254435,0.5777724065852731,0.6082994764368103,1.127418638294559,0.7841123239131724,0.5981685956905646,0.7226527167726394,0.5947838503466271,0.8824467495213378,0.5131833671344801,0.6863641960133074,0.6398941026779714,0.578747916998591,0.5379830241114586,0.8268143268400683,0.4812118380136783,0.6707623062777215,0.7309725377510885,0.5898895281222247,0.6793069165644533,0.5801754167436671,0.6943673044336243,0.5719059759319431,0.5880356090829179,0.5276939413311178,1.1301222879359532,0.5467132379281714,0.4562604604441729,0.6061093330148793,0.5715087986330084,0.5778816344344628,0.4903702773483774
KM,0.8217107493160029,0.6168379115937005,0.5028280705471029,0.4418471565176763,1.1960272637698488,0.4553022125485688,0.4968439244600203,0.5730585889835182,0.5702833675578226,0.5514928033925502,0.9526296025004958,0.4606907118054624,0.8843451344177866,1.0736667309126793,0.6478762464951578,0.4743720472387602,0.5872466860402735,0.7414724381293087,0.4231912636007532,0.7471306510358978,0.3385768505444913,0.331730406907652,0.6855576150254435,1.1151007970493857e-07,0.6991270012098391,0.5191318229988297,1.2886086186622314,0.8744440714679839,0.5936888124955068,0.6232960363836973,0.5065029188524369,1.12818637755019,0.4005936097581783,0.6765078765769257,0.8537640749528557,0.6474953006563516,0.6648847386518582,0.9567774081601969,0.3904654069069871,0.7852295369661549,0.9116848834586252,0.4925367379844407,0.8104224130952101,0.7804268907427464,0.4840337954826357,0.3810636820171421,0.4086099976080125,0.3709086901609509,1.263584779401966,0.7636587447931766,0.7237096666186503,0.5200947646871185,0.5047424873663592,0.7436225090341423,0.4825753055868806
LR,0.7681574476691273,0.417846112419914,0.4940827387500805,0.4070845196805619,0.9249487601398412,0.5318241181193605,0.4577286106184138,0.6167457763441582,0.4068514103814842,0.4746059357091987,0.7788206545381611,0.5361858159714583,0.7502242602393127,0.9011900525991275,0.7450417982767814,0.5753920508424245,0.5065750712308096,0.4846848700696384,0.4851598811344076,0.4036025970740609,0.6776993377402419,0.5904502275658018,0.5777724065852731,0.6991270012098391,9.8843121241194e-08,0.7025589819018716,1.1290246842692993,0.7488389548382917,0.6624151184580034,0.6122932104156965,0.5370569057156432,0.8774490801917604,0.5194566799500738,0.7133823817645202,0.6603278750928131,0.4573116756974457,0.467847372715365,0.8089572924125502,0.4801185374410151,0.6123339423522145,0.6958851509491777,0.5092728469414429,0.6525445732826604,0.6140535687010265,0.6475879290847704,0.6276961841108557,0.5379701729391241,0.4653696174528677,1.106730365935459,0.5963475715973461,0.5676578922105676,0.5229319741675199,0.5859443730866412,0.5881446858533481,0.5387518291814648
LS,0.7909047999367592,0.6032261170434423,0.4614960729977493,0.54269973952868,0.8705320950971814,0.4578105874900989,0.5067955803529085,0.5535494273289705,0.5964029214316386,0.4904194882970707,0.893808277585214,0.5720649450410609,0.8361439235319048,0.998284680351574,0.8913283891355951,0.5339385202536705,0.5570085695607122,0.5987970611329434,0.4780086369111103,0.699133868601249,0.5965926286752595,0.595714168840826,0.6082994764368103,0.5191318229988297,0.7025589819018716,9.8843121241194e-08,1.1664455177487694,0.8378204004327909,0.4080056209453057,0.7138204055093021,0.5840110997878629,0.9942151865418416,0.3777842446026392,0.5750520003322044,0.7007949638380081,0.6642684435556133,0.597401051859762,0.8747786161882002,0.4861871092683884,0.7586759038722874,0.6879213517163446,0.5668848553942292,0.7852852475309224,0.6259051127576747,0.6555442294165985,0.3265099556289172,0.569176496258751,0.458883579321,1.1978605186903015,0.7074883294508402,0.5434405703633026,0.6592581796863379,0.4742036458678085,0.578670951375319,0.3590220556918257
LY,1.230807890677689,1.1038823967196558,1.1152137242269924,1.1467355417091174,1.182155221321717,1.1382856823533318,1.1096526714359565,1.1712339121121436,1.08817742809101,1.0753220052758836,1.1728586179060447,1.1039846958190875,0.7796431273650075,0.9153516737192452,1.391347383638791,1.185154603936785,1.0971767698181325,1.0976096394781976,1.166199129945496,1.0614324914254156,1.317820351942731,1.2493655375282064,1.127418638294559,1.2886086186622314,1.1290246842692993,1.1664455177487694,0.0,0.8918594284309439,1.1075968508055445,1.148952750501724,1.037930299517528,1.089736391708803,1.1645507917388096,1.14622340680776,1.102252897847014,1.1133661881600958,1.0995709811127723,1.129498211845962,1.1740013466965196,1.099372195503566,1.1627801872029404,1.1566153329117943,1.1107049736207566,1.0963030757826373,1.2380015543004417,1.2067742585851025,1.1910973893200734,1.1650442337111866,0.7639540756124827,1.1791871760244266,1.1036907915770635,1.1431737098964254,1.142339904561972,1.1336688428157011,1.1306240804268004
MA,0.8764312328871541,0.7365426041308538,0.7366444658165691,0.71426820942713,0.9910932264558698,0.7489226327546333,0.7140862135612678,0.8055266493239681,0.690433549508652,0.6847068845658463,0.8091954410504235,0.699296958854306,0.500930178999835,0.7367277753476635,1.0051093762721732,0.7895913094081988,0.7141244573935945,0.7595188244079875,0.7595181446637915,0.7052445644465913,0.8910085766191044,0.8309359444116632,0.7841123239131724,0.8744440714679839,0.7488389548382917,0.8378204004327909,0.8918594284309439,0.0,0.7529006828079075,0.7567096397386519,0.6442844424900543,0.8529070428102531,0.7694932972102075,0.8103958412078169,0.7927420093585998,0.7368984719623696,0.7408704516030995,0.8187839889540633,0.7624640096607789,0.7448211330517391,0.8787979617797226,0.7542812807514478,0.8094819921393841,0.807040979334404,0.8316939942271652,0.8102524125272577,0.770691219980444,0.7447285850121883,0.8001006823918599,0.8487367689262355,0.7722420958284663,0.7188622482870884,0.7556045502184217,0.817497012428767,0.7656856487834576
MG,0.7096384998118942,0.5728735774302358,0.4189951213658952,0.5413322316106622,0.7894688562624776,0.4282393084928248,0.4739565414264901,0.5163190104148724,0.5599337552045742,0.4182354009034369,0.7802153052532418,0.5619494175136887,0.7452825941556714,0.931713888443406,0.957566370909442,0.5435968522506109,0.4969337093367649,0.52861873203051,0.4924679436980279,0.6390876251092177,0.6599608926078152,0.6359349354285899,0.5981685956905646,0.5936888124955068,0.6624151184580034,0.4080056209453057,1.1075968508055445,0.7529006828079075,1.0745380149674385e-07,0.6594570607327547,0.5803183040137411,0.8888465296010517,0.4643448216835805,0.5011243514156715,0.686760185672719,0.6365125450388145,0.5561827208543284,0.7717784063476503,0.5259930079141881,0.6924273389933182,0.5462482082073842,0.5531757498540946,0.7378883926702109,0.5518221508436721,0.6555983231480268,0.4078317831934783,0.596759378969161,0.4649885338689593,1.1048998725453856,0.7067390445852461,0.4809215885351849,0.6410881585897366,0.5460578936791545,0.5519845298001351,0.400833585414238
ML,0.8275934899803864,0.579329730500568,0.6609669774726944,0.4943464793382942,1.100678473727333,0.6059957261559528,0.5926853729808461,0.7058539305667193,0.531489206191896,0.6106061155184964,0.8219992855683498,0.59757773198253,0.7731048766060796,0.921528187957422,0.7054658679106898,0.6136355637527748,0.6234210414766731,0.6274269795605082,0.5520421401234069,0.6572113545403562,0.6349266162418092,0.5505755814281346,0.7226527167726394,0.6232960363836973,0.6122932104156965,0.7138204055093021,1.148952750501724,0.7567096397386519,0.6594570607327547,4.214684851089404e-08,0.5739559335798828,0.9607757941111544,0.6169410722083528,0.720377924017066,0.7999947449365138,0.5955018588306303,0.6309148125778401,0.8464675514839599,0.5654123272589078,0.6904606728620362,0.8028320689735975,0.5648217333787434,0.7960828681915706,0.716567640860319,0.6034446537598651,0.6508835382529159,0.6310590081125185,0.5157773966858374,1.1558502975826586,0.7526506524916373,0.7451441248928184,0.57001743652022,0.6046836366172105,0.7648564630783791,0.6002624323114449
MR,0.7850803781462214,0.4748355804223786,0.4614887865868333,0.407027517400453,1.0251966258372904,0.4588520464203287,0.4192950571847358,0.5583936140283728,0.440331135987655,0.4540482516499776,0.8295446524342526,0.3803876889596247,0.6256422923034038,0.8423466194629462,0.688593521917595,0.4813711260512247,0.4854646223668226,0.5934731144212696,0.394050345542974,0.5195571083194374,0.5324677195313304,0.4720840685822318,0.5947838503466271,0.5065029188524369,0.5370569057156432,0.5840110997878629,1.037930299517528,0.6442844424900543,0.5803183040137411,0.5739559335798828,1.0106459234841569e-07,0.9418173625194256,0.4547114591086474,0.6296063700272911,0.7059583696144587,0.4701282060231272,0.5387269160363335,0.8216161524416993,0.401716093804613,0.6755308411760731,0.7337772493047489,0.4124495076043511,0.5823182954076157,0.5929989632048592,0.5516032506104902,0.4715014773470342,0.4019699525829827,0.4018401011214769,1.008266482927568,0.6246581194093496,0.5732243689509403,0.4642552840767712,0.5113789334196583,0.60898765027237,0.4513788238837742
MU,0.9962842774454224,0.8736376333111604,0.8940809688238852,0.9068361230969136,0.8861203068408113,0.9392297766491852,0.8852718028854415,0.9767805652503152,0.8407713037509292,0.8324588851053712,0.8882430476996215,0.9056382358867944,0.8347131841725356,0.8701426268348983,1.2082984653000952,0.9844912754095496,0.8427500777816737,0.8704024115340868,0.9666902655903712,0.8320167028550794,1.1329041413109355,1.0564825163807243,0.8824467495213378,1.12818637755019,0.8774490801917604,0.9942151865418416,1.089736391708803,0.8529070428102531,0.8888465296010517,0.9607757941111544,0.9418173625194256,2.995096332168845e-07,0.9618983649859204,0.9496613688837836,0.7994050022011073,0.9035172936065328,0.8661978177698585,0.6919560760859417,0.960186308600523,0.7233431832567444,0.9782195556267956,0.9471524706730116,0.9369150822287046,0.9293623272472228,1.0329945419322897,0.9972853205120318,1.0204481232452314,0.9516514805678068,1.065365491334516,0.97606708539646,0.8604113911004638,0.8793329419258243,0.8744958295814067,0.8880295462957379,0.9181768460966488
MW,0.713810537994917,0.4873186366389352,0.3500993506338645,0.3460226187033439,0.9331739992904904,0.3322767411242295,0.3631588083719583,0.4757711747939981,0.4422779795037254,0.3972733177878932,0.8417091472460634,0.4260994540907961,0.7812411082050787,0.9497928791527156,0.7145854287153774,0.4203933683984737,0.4511056726189796,0.5374573680425769,0.3768363135768338,0.5740148629520007,0.4566455941271703,0.4338905472397841,0.5131833671344801,0.4005936097581783,0.5194566799500738,0.3777842446026392,1.1645507917388096,0.7694932972102075,0.4643448216835805,0.6169410722083528,0.4547114591086474,0.9618983649859204,0.0,0.5610260853117318,0.6697613690755111,0.5282643687625157,0.4968810936266195,0.827256409120594,0.3103423431641252,0.6546814576660955,0.7237157065208837,0.4203700920461835,0.6906731564985005,0.599651352255594,0.5183299075506251,0.3069492400938708,0.3923494708409035,0.3075554757755364,1.1478009505979083,0.6113291813568322,0.4928302407341076,0.5019927917256478,0.4128338716426162,0.5027510860314114,0.3038550576945807
MZ,0.4907341587480713,0.6533947109992255,0.5281199309702544,0.6192170845968866,0.8837178478784118,0.5286174655674164,0.5831391554244,0.6201028462081456,0.6324187419428737,0.5367161784588655,0.6225344862282839,0.6339159034389331,0.7947276007094093,0.9586857489890592,0.9924074537789334,0.639249437868503,0.5977486654873618,0.6593403918191968,0.6209990067449136,0.7110490614458663,0.735097542028032,0.6170534828575582,0.6863641960133074,0.6765078765769257,0.7133823817645202,0.5750520003322044,1.1462234068077597,0.8103958412078169,0.5011243514156715,0.720377924017066,0.6296063700272911,0.9496613688837836,0.5610260853117318,1.460009659995543e-07,0.7557565887619999,0.7154683877566133,0.667524864751021,0.7928737222876698,0.6176768159866618,0.7505841669668816,0.6944768986285834,0.621716899193257,0.7813053299591569,0.662677191195312,0.5622489613000025,0.520015447278352,0.6720260786492931,0.577539459081909,1.1076696082648565,0.7862139995981938,0.5684800707392761,0.6705062902822349,0.6005864816771743,0.6066308530152547,0.5343197506920998
NA,0.8484262188804655,0.6314676515025452,0.6360587362487399,0.6540443438479409,0.7884193861922508,0.6768755582675745,0.6410449793407333,0.7248862130694401,0.6115178913070076,0.583773109307135,0.782360731363521,0.6954023937192269,0.8017130028780096,0.9312390770575756,0.9790254010296372,0.7258291056079722,0.6076827486064826,0.6312614321388548,0.6785399669413182,0.6159866858930724,0.8616216192549551,0.7880451551348499,0.6398941026779714,0.8537640749528557,0.6603278750928131,0.7007949638380081,1.102252897847014,0.7927420093585998,0.686760185672719,0.7999947449365138,0.7059583696144587,0.7994050022011073,0.6697613690755111,0.7557565887619999,0.0,0.6777673113929884,0.6190361759136148,0.779751154773848,0.6663879716571155,0.6826735441257679,0.7832742017776808,0.7271563106179054,0.7798047317139467,0.710905426867732,0.8024257065258845,0.6810689299420459,0.7427400783166475,0.6632291212072938,1.1403023719769465,0.7360040521318251,0.6147801509882784,0.6909909453106093,0.5497707476300953,0.6576900063857475,0.6103431144247005
NE,0.8204331285325885,0.3587554937899231,0.4894794173776626,0.381057694505289,0.9826627514373484,0.5054398394286725,0.4262351690964222,0.5640833149196475,0.3622326371542672,0.4256193566299248,0.8177541124473666,0.4699916847328478,0.7372650568213106,0.9195960071173394,0.7494466950022519,0.5577829573467883,0.4412349909795371,0.528406328850569,0.4154618027754686,0.3622802482833072,0.6330471036644479,0.5564294857507626,0.578747916998591,0.6474953006563516,0.4573116756974457,0.6642684435556133,1.1133661881600958,0.7368984719623696,0.6365125450388145,0.5955018588306303,0.4701282060231272,0.9035172936065328,0.5282643687625157,0.7154683877566133,0.6777673113929884,1.837138534477048e-07,0.4504877022591454,0.8232885849077088,0.4509280340470261,0.6891515144298521,0.7108892572045619,0.4325132920093719,0.6266918090126481,0.5946583979291494,0.6488219994297345,0.5946694731729218,0.4272482160505619,0.4094138862589901,1.0954092401965023,0.5814663082392364,0.5801251260693292,0.5210637536799501,0.5908430109191747,0.6015442337461818,0.4896386149223402
NG,0.7849859676113363,0.4701858787239124,0.4664863404999337,0.4315764149967607,0.8727769680806802,0.5010200753108555,0.4374151122336966,0.5957623218924913,0.4197580778049448,0.4202924680828857,0.7749548738685083,0.5206662494418287,0.7185623704253734,0.8746634987172756,0.7736929620505291,0.5275708858818199,0.4813083348204646,0.4198147724851259,0.4551496990308919,0.4631609409904706,0.6572798374337002,0.5885530480146589,0.5379830241114586,0.6648847386518582,0.467847372715365,0.597401051859762,1.0995709811127723,0.7408704516030995,0.5561827208543284,0.6309148125778401,0.5387269160363335,0.8661978177698585,0.4968810936266195,0.667524864751021,0.6190361759136148,0.4504877022591454,8.429369702178808e-08,0.8116836306212056,0.440626466268418,0.6280842243545104,0.6376860338346751,0.541607325083091,0.6322721462787332,0.5518112761816758,0.6472756191072638,0.554679341564729,0.5364781098309219,0.4502436289698052,1.1193122399386517,0.5539638133919842,0.5005756881552254,0.5451661509856612,0.5448327254477485,0.5627067688442601,0.4446105278347443
RE,0.88443012045781,0.7820302712601287,0.7841829663637534,0.7669928726055001,0.9610488971876702,0.805741369802751,0.7891488339016829,0.8535969572343844,0.7287938369365965,0.7133095082912874,0.8273888746505741,0.7962625281740232,0.8174321068581842,0.925476491328812,1.0970815006134491,0.868110053557282,0.7193199013447822,0.8151364106781552,0.8547992402789641,0.7808658148945959,0.9719322500727764,0.9064929768797227,0.8268143268400683,0.9567774081601969,0.8089572924125502,0.8747786161882002,1.129498211845962,0.8187839889540633,0.7717784063476503,0.8464675514839599,0.8216161524416993,0.6919560760859417,0.827256409120594,0.7928737222876697,0.779751154773848,0.8232885849077088,0.8116836306212056,0.0,0.8310760361406607,0.7112917738587702,0.9101315391033826,0.7898954782038932,0.881930416652177,0.8686251727908141,0.872221238810216,0.8440142114771049,0.8806678144876574,0.8087866977791244,1.0413799625935891,0.9135035053235,0.7740319585568836,0.7153766026351615,0.7351594800975163,0.7809265327190762,0.8110042515852897
