ISO_CODE,AE,AF,AM,AZ,BD,BH,BN,BT,CN,GE,HK,ID,IL,IN,IQ,JO,JP,KG,KH,KR,KW,KZ,LA,LB,LK,MM,MN,MO,MV,MY,NP,OM,PH,PK,PS,QA,SA,SG,TH,TJ,TM,TR,TW,UZ,VN,YE
AE,9.8843121241194e-08,0.5660909663785783,0.526594588201919,0.4305122821565909,0.4736799414246507,0.2314754330719162,0.7608580275876985,0.610886185351516,0.7124900910604308,0.5448275017564292,1.2555029905749069,0.5262990064293946,0.8988046403496893,0.5964064087280992,0.7547468008239289,1.6201007844699458,0.5716915177221563,0.4722421901652827,0.6525105266066099,0.7393703476327774,0.243248126672579,0.6856969948498963,0.6916167344621139,0.5874415351223281,0.4451024538162372,0.5095487651947261,0.6040450555642238,1.37029112313027,0.8197895183466183,1.1978748192737938,0.5345998586440859,0.4484514599496245,0.5022226386092974,0.4340945927033127,1.2932617921289935,0.2545579334688692,0.3634224722322074,0.6081352672122581,1.3612624081760645,0.5437267730049332,0.8828342059715067,0.4588785040622151,1.4480985633386805,0.4304581998802598,1.322545132213674,0.56079422688585
AF,0.5660909663785783,8.560065398421926e-08,0.6861186032759933,0.557422682593109,0.4520400022765818,0.5845416450713559,1.0223172477645672,0.438092062505479,0.5393457093472502,0.6249392196134862,1.4321456853363337,0.4371697340268666,1.1083521700811942,0.4783661428568688,0.8269253847500562,1.8791828535119184,0.4498939779319515,0.4900401676718093,0.7932717679553072,0.7721274245249123,0.544261247915078,0.688061106075473,0.7700817052010683,0.9358760185634296,0.4928500577293891,0.5140072582597974,0.6821532964006918,1.5605244595678152,1.0381831937864625,1.39680075437645,0.4878990987478069,0.4607844892643067,0.6208872778529051,0.5631405861926421,1.518498339973948,0.5934238034258454,0.4380532376257059,0.8710653971376673,1.4908899673255662,0.4445656641126271,0.728422905459899,0.5228867318631957,1.5856223508662324,0.5071485053540367,1.415460353582027,0.409127946168535
AM,0.526594588201919,0.6861186032759933,1.1638178938488149e-07,0.3731950495247405,0.5368221658588048,0.5335150398798575,0.949139035141139,0.6255603996012977,0.6726245843982325,0.3838922162010906,1.4188487934487626,0.6038541470537303,0.9642153884223096,0.6068205415424566,0.8798840021974971,1.8228532432006264,0.5585160919460911,0.4642202064693514,0.6161166533709942,0.7788208585807895,0.520650208044081,0.6371322090400167,0.7386712579188853,0.7384490414385152,0.5171789277507762,0.4755353748571822,0.5274913741869057,1.5118305838135968,0.9527293899812964,1.4074572081137202,0.4797046122622128,0.5273234576153999,0.5966891668191047,0.613132823890143,1.3946915887133944,0.5830153414793302,0.5119094618601663,0.7594682380986006,1.5174600380239796,0.555520236428778,0.8549972378391254,0.5178261626786044,1.6128720187947083,0.4415119217349453,1.4373860099998907,0.589986877824746
AZ,0.4305122821565909,0.557422682593109,0.3731950495247405,8.815645848363067e-08,0.3813734452303157,0.4539667430280684,0.947342639045112,0.4957742999662775,0.5470008413299219,0.3360843289405618,1.432382789293903,0.4723237230550662,1.031112455940736,0.4840393349446475,0.8748536051668233,1.8339943172232744,0.4444594803770047,0.3781027580797867,0.6253945531594033,0.7710162357806075,0.4267431275410198,0.5871853422971844,0.747626204410643,0.7682965784151103,0.4160423467734789,0.4142193691854187,0.4929704960463996,1.5365729445629308,0.954895098000553,1.3953464451569149,0.4330727908270133,0.3860345528726042,0.5362342298177306,0.4524206088833239,1.4366397664506383,0.4843593784197489,0.3772226933191845,0.7689888284944341,1.5286037438814088,0.4175016277587952,0.7505196443986959,0.3638593677415912,1.6223406792199224,0.3619719887406784,1.4617473434872166,0.4739434215165779
BD,0.4736799414246507,0.4520400022765818,0.5368221658588048,0.3813734452303157,0.0,0.5014536421258241,1.0025045502399466,0.3056775674579866,0.3530147309316461,0.4861167527293201,1.5107072303345113,0.3330607286931868,1.1576349465194868,0.2873169647211346,0.921937985007481,1.9298702924998763,0.3261610971599088,0.3892439114820269,0.7381497447102252,0.8398057140856281,0.4532094108545714,0.6140417481838961,0.8385392743586567,0.9055176951053752,0.3395936170668618,0.4090735505952375,0.526613837705142,1.6196099621483075,1.0305612032837026,1.468898575127723,0.3940706012653553,0.2341167021755243,0.5606286560517842,0.3923441264835889,1.5527738695802662,0.5149931536491745,0.2947158708151665,0.8743039571051693,1.6064302664548298,0.3058556757979614,0.5886885196281733,0.3826381231203715,1.6904621809375873,0.4073023898146514,1.5366021237192573,0.3372832693977892
BH,0.2314754330719162,0.5845416450713559,0.5335150398798575,0.4539667430280684,0.5014536421258241,0.0,0.7932554074385305,0.617919527843695,0.7138739322834096,0.5596367509957196,1.295925417333989,0.5381631911661828,0.9190247857029108,0.6027034357598446,0.7774645542562209,1.6634207561764074,0.5788790198305183,0.4788639718480684,0.705122482919781,0.7793265778664178,0.2551048722671706,0.682815852779026,0.7218756922140606,0.6139107535758571,0.4905082990830994,0.5472660840377317,0.6204885009677862,1.4084605004766686,0.8388382220454554,1.2310453174640952,0.5532451693684605,0.4351567956915759,0.551927130213569,0.4722571684725501,1.3250940971309777,0.2603855517799602,0.3751456002864926,0.6417918903059031,1.389823822661154,0.5525232655539387,0.8816828999923165,0.5018978458125545,1.492641864043902,0.4420046689736089,1.3624576534101815,0.5708018738619022
BN,0.7608580275876986,1.0223172477645672,0.9491390351411388,0.947342639045112,1.0025045502399466,0.7932554074385306,1.6323404237781945e-07,1.118663358819734,1.221568827160631,1.004585162476079,1.0750905698491422,0.9794702238415692,0.9053053585396164,1.1172223400880337,0.9265210425228076,1.5001870814113512,1.0651281120987997,0.9547385891439276,0.9088885603605588,0.9366919192078834,0.8038119829473932,1.08140127784878,0.869755270634053,0.7686541946849259,0.9280760261789976,0.9603195042406112,0.9676414519977166,1.1807211664876136,0.8746906662805021,0.841159791912494,1.0217726405435943,1.0142598497883266,0.8431117494546829,0.9500675734620472,1.226611758131865,0.7884994295534438,0.9313985329967324,0.6336544687484748,1.1530349010077576,1.0571675050133442,1.332560449453358,0.9771520246267168,1.2692638076165617,0.8986721086278575,1.193292946819703,1.0620655244441324
BT,0.610886185351516,0.438092062505479,0.6255603996012977,0.4957742999662774,0.3056775674579866,0.617919527843695,1.118663358819734,0.0,0.250405616462713,0.5556585332034496,1.6015819521377237,0.3585390156501884,1.2453287885764717,0.2481778944446617,0.9936590604028496,2.054853942183484,0.2639605687574413,0.4362154490544435,0.8333984808997149,0.8883324370309184,0.5739647909428255,0.637329070465817,0.8971728806274086,1.0312152992083827,0.4319374791948522,0.4770607221601441,0.6041171374631038,1.7131169655926917,1.1540032559747744,1.5796981852617358,0.4177797683311902,0.2955905547733035,0.6475293632620375,0.5310953535372948,1.6655290148493465,0.6368706865119074,0.3838333533672791,0.9725880678045308,1.6861846389632198,0.2848931904024232,0.5366563695797135,0.4912145735457376,1.7698998591651771,0.4860025309303117,1.6051206402404274,0.2996256505423781
CN,0.7124900910604308,0.5393457093472502,0.6726245843982325,0.5470008413299219,0.3530147309316462,0.7138739322834096,1.221568827160631,0.250405616462713,0.0,0.5846152490805295,1.7005797655480714,0.4018345358550762,1.3506265863347158,0.2266284897291227,1.0891001392159534,2.157517258463905,0.2901266399323565,0.4929588888072791,0.8967284857537678,0.9708686590461622,0.676099694598038,0.6696284170813361,0.9810688753870308,1.1249605888499234,0.4971263248828211,0.5240114209533605,0.6456728073051875,1.810650412124724,1.259107691638074,1.6836877303087925,0.4856577497987708,0.3300472998163917,0.7176403624744809,0.5907633315682393,1.7593301616555788,0.7336405166696055,0.4533462686007415,1.070454520561808,1.7911826892689318,0.3200137963062542,0.4432301830832413,0.5499839490530605,1.8719998657292616,0.5543273011959924,1.7089754857728472,0.3450617098918172
GE,0.5448275017564292,0.6249392196134862,0.3838922162010906,0.3360843289405618,0.4861167527293201,0.5596367509957196,1.004585162476079,0.5556585332034496,0.5846152490805295,9.996002811937585e-08,1.4404310633560025,0.5390808872485395,1.0356718517147732,0.5307310561930857,0.9214866687286865,1.880715396412663,0.4942141092407568,0.4656377015300837,0.6318313919924742,0.7766511403797592,0.5318233480088673,0.6569867457976556,0.7800370987337546,0.8119517399707128,0.4811637125843221,0.4351958811091932,0.5114709312867113,1.546627770362162,1.0052608262171987,1.4264249428046385,0.4503052977459912,0.4812181711019874,0.5443706567039929,0.5349891583738234,1.4721364235446406,0.5891011865660131,0.4735495862343594,0.7941569755310718,1.552182271468071,0.4938803491014497,0.7835172602280428,0.4936954458637713,1.6347277723347815,0.4631653773798217,1.4820553520234276,0.5392060415502364
HK,1.2555029905749069,1.4321456853363337,1.4188487934487626,1.432382789293903,1.5107072303345113,1.295925417333989,1.0750905698491422,1.6015819521377237,1.7005797655480714,1.4404310633560025,3.19594302617419e-07,1.4657706906787284,0.9997924911034638,1.6076533355029536,1.205754594119863,1.3674089584891878,1.5069978038757086,1.4132599350239283,1.2076310266613448,1.1273411418564454,1.315645679778586,1.494694364565439,1.1153184257989557,1.0859400965189785,1.4167040948420164,1.390755178458459,1.4714662850513118,0.5210405094011796,1.2547860873250436,0.852040880108945,1.460725396808913,1.546619115043501,1.2652082836990068,1.4497686125664806,1.245219603242893,1.2761307782867235,1.426344687223178,0.9100735608793687,0.8641307967370179,1.5379947749092238,1.793681489727711,1.4567294601724907,0.5763763854390758,1.3371664945167026,0.9633222198322252,1.5311700418214047
ID,0.5262990064293946,0.4371697340268666,0.6038541470537303,0.4723237230550662,0.3330607286931868,0.5381631911661828,0.9794702238415692,0.3585390156501884,0.4018345358550762,0.5390808872485395,1.4657706906787284,4.828528090125218e-08,1.1262994214632371,0.3232960951320386,0.8723130015879358,1.9381835723129728,0.3379079028335154,0.4163093385566946,0.7539605130210194,0.7652834181167059,0.4934177871552906,0.6318448281821754,0.7891324116927475,0.9125806630930472,0.3948732459815737,0.4490475931025831,0.6076010099969927,1.5944645872418322,1.019558291086722,1.3932314039049731,0.45259017347461,0.3347124331232133,0.540011293110801,0.457538331475521,1.5539976744676411,0.5695871880026024,0.3283200409787959,0.8526370901144811,1.538412021160089,0.3571933487310438,0.6094130988083595,0.4546517745477824,1.633608378442483,0.4503067475435658,1.4691855584251294,0.3503459255490771
IL,0.8988046403496893,1.1083521700811942,0.9642153884223096,1.031112455940736,1.1576349465194868,0.9190247857029108,0.9053053585396164,1.2453287885764717,1.3506265863347158,1.0356718517147732,0.9997924911034638,1.1262994214632371,0.0,1.2484063638779956,0.8182050972068864,1.2578616422708098,1.1646472683120843,1.0220243014619554,0.9067859297054852,0.8976924142284431,0.924384068545442,1.1313989714384065,0.8277853105602206,0.6612223449758272,1.0599021165000797,1.0343454409810742,1.0916849032377325,1.1310114189446854,0.909910074054862,1.0218767345824171,1.0652462074922142,1.1629660308802772,0.9590253225468994,1.0976824279074056,0.8356234753396661,0.9088442629939564,1.0399942687200374,0.750498660117209,1.0329250486376396,1.156714925298206,1.4444742726157251,1.0522972078999269,1.1828673719279557,0.953128008502076,1.0586840892751157,1.1485968660310986
IN,0.5964064087280992,0.4783661428568688,0.6068205415424566,0.4840393349446475,0.2873169647211346,0.6027034357598446,1.1172223400880337,0.2481778944446617,0.2266284897291227,0.5307310561930857,1.6076533355029536,0.3232960951320386,1.2484063638779956,0.0,0.9941942692984796,2.0528530863659813,0.2840405251066835,0.4297489437693624,0.8332844223875024,0.891739853942929,0.5614566515716941,0.6317740628118403,0.902899416744248,1.021105878734296,0.3868429630099983,0.4670025577845763,0.5929285512358262,1.721639086538029,1.1477547351494588,1.566136553057463,0.421719737953342,0.2645922618462306,0.5991359778303399,0.489287194087377,1.6653502211106792,0.6256928385791016,0.3531067743192534,0.9632217558493988,1.6948235197728077,0.296469052088683,0.5042738172826485,0.49061014606623,1.7734477306768246,0.4845181751023031,1.604689647554955,0.3183127976082192
IQ,0.7547468008239289,0.8269253847500562,0.8798840021974971,0.8748536051668233,0.921937985007481,0.7774645542562207,0.9265210425228076,0.9936590604028496,1.0891001392159534,0.9214866687286865,1.205754594119863,0.8723130015879358,0.8182050972068864,0.9941942692984796,1.6726511955740786e-07,1.4245919606930593,0.940718300317513,0.8583174002798766,0.9026961558552052,0.8402899021895581,0.746034316693365,0.9871103435531936,0.7827500030412532,0.7709573113711885,0.8754942340882226,0.8626501201167782,0.936340471086624,1.36513716105441,0.911211545995899,1.141632919657536,0.9018429748386304,0.9147906416117662,0.850311899527636,0.9150319571623238,1.0643929507576562,0.7669857949067543,0.8191609472715301,0.8451481004790506,1.2058780373783928,0.9287334649046916,1.1922595579824389,0.842720933447925,1.3623059102735298,0.7994628211152499,1.187428725276235,0.8541014568864906
JO,1.6201007844699458,1.8791828535119184,1.8228532432006264,1.8339943172232744,1.9298702924998767,1.6634207561764074,1.5001870814113512,2.054853942183484,2.157517258463905,1.880715396412663,1.3674089584891878,1.9381835723129728,1.2578616422708098,2.0528530863659813,1.4245919606930593,3.371747880871523e-07,1.994462961884456,1.848429375407388,1.7293886769288225,1.7005658175183886,1.6600727860837623,1.921665217120028,1.6393380284148766,1.3418764843281947,1.8575504913119203,1.8542862270386251,1.8822238266018776,1.4453021550280802,1.517362090774835,1.3507716117253643,1.9047420352037516,1.9455788343761569,1.7537689911081196,1.832218755837423,1.0296830726074822,1.612535522865124,1.8220326867050516,1.5051275785436466,1.379566211355713,1.9559557413306,2.210760342516793,1.813271645649693,1.4496000558400797,1.767001057506386,1.5237151610890762,1.9302825577175855
JP,0.5716915177221563,0.4498939779319515,0.5585160919460911,0.4444594803770047,0.3261610971599088,0.5788790198305183,1.0651281120987997,0.2639605687574413,0.2901266399323565,0.4942141092407568,1.5069978038757086,0.3379079028335154,1.1646472683120843,0.2840405251066835,0.940718300317513,1.994462961884456,7.068241373080863e-08,0.3784819253459391,0.7437772126774428,0.7897028892775018,0.54072751837498,0.6003094866664155,0.8098453583595314,0.9469402114915876,0.4237735971334354,0.4067510433677063,0.5585413906046642,1.6229291450587882,1.1108486375389954,1.5079960327205475,0.3951379671210394,0.3103417765607528,0.598694842925697,0.5254802328627024,1.5891685955410304,0.5918477956871182,0.3687006017058003,0.8842868702013501,1.6031524065933935,0.2876550944048993,0.5530041976793743,0.4505371791847558,1.6787503423652816,0.4170881808589688,1.5259422596612795,0.3022343411184459
KG,0.4722421901652827,0.4900401676718093,0.4642202064693514,0.3781027580797867,0.3892439114820269,0.4788639718480684,0.9547385891439276,0.4362154490544435,0.4929588888072791,0.4656377015300837,1.4132599350239283,0.4163093385566946,1.0220243014619554,0.4297489437693624,0.8583174002798766,1.848429375407388,0.3784819253459391,0.0,0.6957555104680234,0.7551109984931004,0.4558077810555448,0.453278096468675,0.7328336709690016,0.8091171185585837,0.4236050446007308,0.4169822364229395,0.5505935778285331,1.5302252983693052,1.0003306100363152,1.3961251853591197,0.4244664110994789,0.3733252279430127,0.5629207969774405,0.5056503592560176,1.456943084060381,0.5063980882054625,0.3642906275384218,0.782791532745353,1.4966849285181478,0.3513681304570485,0.6544065223742932,0.4296467254632216,1.5971848572353584,0.3116474468599353,1.4438555750545436,0.4089013893686403
KH,0.6525105266066099,0.7932717679553072,0.6161166533709942,0.6253945531594033,0.7381497447102252,0.705122482919781,0.9088885603605588,0.8333984808997149,0.8967284857537678,0.6318313919924742,1.2076310266613448,0.7539605130210194,0.9067859297054852,0.8332844223875024,0.9026961558552052,1.7293886769288225,0.7437772126774428,0.6957555104680235,0.0,0.7076090218744745,0.6858779582737128,0.853009769743138,0.5924547972931646,0.7808450102680502,0.6983082384829239,0.5577080382215303,0.6851120100955806,1.306293480626876,0.9678528458182044,1.247096659561101,0.6641201107362374,0.7791160447478387,0.6805250863523085,0.7612208914168731,1.2817560859266233,0.7112303118773068,0.7209551763129438,0.6850161056688088,1.2853928284379776,0.7779087164540381,1.0630034782428013,0.7083758861486069,1.3951144043146906,0.6600952864820152,1.2380010190175512,0.7902992735148326
KR,0.7393703476327774,0.7721274245249123,0.7788208585807895,0.7710162357806075,0.8398057140856281,0.7793265778664178,0.9366919192078834,0.8883324370309184,0.9708686590461622,0.7766511403797592,1.1273411418564454,0.7652834181167059,0.8976924142284431,0.891739853942929,0.8402899021895581,1.7005658175183886,0.7897028892775018,0.7551109984931004,0.7076090218744745,1.3978528260658472e-07,0.7554948294750073,0.8976498277166637,0.6460825867719597,0.8302784569491729,0.7741930919989097,0.7158517219456948,0.852546786084458,1.2633561532194948,0.9892703702399104,1.1614552373137172,0.7656069774225479,0.8613459138893627,0.7189081274139705,0.8441869578037697,1.3110290841179375,0.792227951531637,0.7781440256782721,0.7387654492844778,1.2120002027717434,0.8399700731238685,1.1117654203880116,0.8074761630429582,1.285584716174914,0.7308394902341258,1.1358228141999616,0.8313674238282498
KW,0.243248126672579,0.544261247915078,0.520650208044081,0.4267431275410198,0.4532094108545714,0.2551048722671706,0.8038119829473932,0.5739647909428255,0.676099694598038,0.5318233480088673,1.315645679778586,0.4934177871552906,0.924384068545442,0.5614566515716941,0.746034316693365,1.6600727860837623,0.54072751837498,0.4558077810555448,0.6858779582737128,0.7554948294750073,9.541398640621973e-08,0.6666085044964459,0.7101437680472725,0.6270401129368665,0.453266055863502,0.5099553111565005,0.5946511105749598,1.4299326264813217,0.8464253173157954,1.236219508706493,0.5174271234630398,0.4163047927129186,0.5123175459360351,0.4320694898249484,1.3184247080274405,0.3021284302746151,0.3164875777267495,0.6657923428695872,1.397740795008887,0.512653820440569,0.8496467601578919,0.4496299461814919,1.5059145591620642,0.4154382486034316,1.369385139265964,0.5158065847371783
KZ,0.6856969948498963,0.688061106075473,0.6371322090400167,0.5871853422971844,0.6140417481838961,0.682815852779026,1.08140127784878,0.637329070465817,0.6696284170813361,0.6569867457976556,1.494694364565439,0.6318448281821754,1.1313989714384065,0.6317740628118403,0.9871103435531936,1.921665217120028,0.6003094866664155,0.453278096468675,0.853009769743138,0.8976498277166637,0.6666085044964459,8.560065398421926e-08,0.8925959841719845,0.9506036123366194,0.6325947196070569,0.6393832563003378,0.7339530456189042,1.6056586422162014,1.1162213882875245,1.4881920754500415,0.6368410403035395,0.6042466075155287,0.7368855848142326,0.694486581260094,1.5460207962310382,0.7072097357661027,0.5974205034020368,0.9254891892304228,1.5819310792421588,0.592202951182902,0.744666881602782,0.6451983670521382,1.6717119101260784,0.5201676286353049,1.528508854001342,0.6195435159696605
LA,0.6916167344621139,0.7700817052010683,0.7386712579188853,0.747626204410643,0.8385392743586567,0.7218756922140606,0.869755270634053,0.8971728806274086,0.9810688753870308,0.7800370987337546,1.1153184257989557,0.7891324116927475,0.8277853105602206,0.902899416744248,0.7827500030412532,1.6393380284148766,0.8098453583595314,0.7328336709690016,0.5924547972931646,0.6460825867719597,0.7101437680472725,0.8925959841719845,1.299053115707837e-07,0.7587784507484951,0.7887919928403723,0.6709445443772423,0.8256264636510743,1.2385063286560614,0.9720208747753514,1.1448367728030642,0.760270944240795,0.8523237735385872,0.7412576312842186,0.8652363606110886,1.2332449361428244,0.742865873357478,0.7645790519995734,0.6767177430098484,1.0267538884680047,0.8374547153306362,1.1254879203115122,0.7925421768332027,1.2773639014807776,0.683458077610018,1.099309831980702,0.8251341167696876
LB,0.5874415351223282,0.9358760185634296,0.7384490414385151,0.7682965784151103,0.9055176951053752,0.6139107535758572,0.7686541946849259,1.0312152992083827,1.1249605888499234,0.8119517399707128,1.0859400965189785,0.9125806630930472,0.6612223449758272,1.021105878734296,0.7709573113711885,1.3418764843281947,0.9469402114915876,0.8091171185585837,0.7808450102680502,0.8302784569491729,0.6270401129368663,0.9506036123366194,0.7587784507484951,0.0,0.8305811683924766,0.826842283772881,0.8763935387310717,1.2080908003218926,0.8286754728069008,1.0517344042108452,0.869347402185955,0.8945099353391655,0.7676427371314533,0.8358939671403272,1.0404557486560964,0.6021887053079823,0.788855511518595,0.589185062530635,1.185203254170922,0.9421338860762698,1.245983247704809,0.803266582298533,1.313686338897264,0.7296068504567906,1.2046430266695811,0.9318072354136212
LK,0.4451024538162372,0.4928500577293891,0.5171789277507762,0.4160423467734789,0.3395936170668618,0.4905082990830994,0.9280760261789976,0.4319374791948522,0.4971263248828211,0.4811637125843221,1.4167040948420164,0.3948732459815737,1.0599021165000797,0.3868429630099983,0.8754942340882226,1.8575504913119203,0.4237735971334354,0.4236050446007308,0.6983082384829239,0.7741930919989097,0.453266055863502,0.6325947196070569,0.7887919928403723,0.8305811683924766,0.0,0.4044215498103536,0.5332153063197651,1.5297200289892456,0.9351755336407018,1.3681954600236073,0.4217704277193417,0.3525699040665822,0.4988744588416361,0.4004047484385412,1.4848930720343416,0.4995748862654572,0.3394014178745034,0.7651740275947931,1.5167370310945272,0.4022634478597205,0.6894068749489612,0.4086715368062668,1.599034771690307,0.4345638606831966,1.4343557152986723,0.4264487564540387
MM,0.5095487651947261,0.5140072582597974,0.4755353748571822,0.4142193691854187,0.4090735505952375,0.5472660840377317,0.9603195042406112,0.4770607221601441,0.5240114209533605,0.4351958811091932,1.390755178458459,0.4490475931025831,1.0343454409810742,0.4670025577845762,0.8626501201167782,1.8542862270386251,0.4067510433677063,0.4169822364229395,0.5577080382215303,0.7158517219456948,0.5099553111565005,0.6393832563003378,0.6709445443772423,0.826842283772881,0.4044215498103536,5.960464477539064e-08,0.4897503880309917,1.5025432565478978,0.9888099382621032,1.3784751876516244,0.3835349275758334,0.4344757235251114,0.5458673216569446,0.5255348030356966,1.453908701319098,0.5492816057034504,0.4186357211412769,0.7593631762648572,1.464347700509524,0.4338067369165271,0.725355373827763,0.4396503883245489,1.5779530537956248,0.4308521589435903,1.393937792504635,0.4529627875784314
MN,0.6040450555642238,0.6821532964006918,0.5274913741869057,0.4929704960463996,0.526613837705142,0.6204885009677862,0.9676414519977165,0.6041171374631038,0.6456728073051875,0.5114709312867113,1.4714662850513118,0.6076010099969927,1.0916849032377325,0.5929285512358262,0.936340471086624,1.8822238266018776,0.5585413906046642,0.5505935778285331,0.6851120100955806,0.852546786084458,0.5946511105749598,0.7339530456189042,0.8256264636510743,0.8763935387310718,0.5332153063197651,0.4897503880309917,2.5809568279517847e-08,1.5784328513182744,1.035687067224934,1.4438927451268082,0.5462514510308675,0.538342095450633,0.6430067238903934,0.6074812001030463,1.456660082045385,0.6371582718664096,0.5483499115940369,0.8440968923964666,1.550744202490422,0.5748302648390688,0.8303238364836464,0.5397669642986402,1.6559046440090714,0.5572289512083158,1.4784298940473293,0.5762890311464788
MO,1.37029112313027,1.5605244595678152,1.5118305838135968,1.5365729445629308,1.6196099621483078,1.4084605004766686,1.1807211664876136,1.7131169655926917,1.810650412124724,1.546627770362162,0.5210405094011796,1.594464587241832,1.1310114189446854,1.721639086538029,1.36513716105441,1.4453021550280802,1.6229291450587882,1.5302252983693052,1.306293480626876,1.2633561532194948,1.4299326264813217,1.6056586422162014,1.2385063286560614,1.2080908003218926,1.5297200289892456,1.5025432565478978,1.5784328513182744,0.0,1.3499941351242604,0.9671447131361802,1.5692927544965534,1.6578722003885524,1.378214235616812,1.5635016851303376,1.339485031303526,1.3833798818616414,1.5474222884427993,1.0229175820972654,1.0005039369049735,1.646196826885297,1.9016663750709824,1.5694226561792914,0.6828392308835994,1.4522848960874144,1.078577144361345,1.6533393946606134
MV,0.8197895183466183,1.0381831937864625,0.9527293899812964,0.954895098000553,1.0305612032837026,0.8388382220454556,0.8746906662805021,1.1540032559747744,1.259107691638074,1.0052608262171987,1.2547860873250436,1.019558291086722,0.909910074054862,1.1477547351494586,0.911211545995899,1.517362090774835,1.1108486375389954,1.0003306100363152,0.9678528458182044,0.9892703702399104,0.8464253173157953,1.1162213882875245,0.9720208747753514,0.8286754728069008,0.9351755336407018,0.9888099382621032,1.035687067224934,1.3499941351242604,1.812804499357408e-07,1.142255251763173,1.0292780522891665,1.0401294639615084,0.934885222931298,0.933447303996326,1.2521813422514336,0.8463403273420196,0.95884735564901,0.8579052923989029,1.292628310346336,1.0704642571042384,1.3575142253268366,0.9406501489282318,1.4037885808268362,0.9345559796020436,1.300786404333844,1.0842435119038183
MY,1.1978748192737938,1.39680075437645,1.4074572081137202,1.3953464451569149,1.468898575127723,1.2310453174640952,0.841159791912494,1.5796981852617358,1.6836877303087925,1.4264249428046385,0.852040880108945,1.3932314039049731,1.0218767345824171,1.566136553057463,1.141632919657536,1.3507716117253643,1.5079960327205475,1.3961251853591197,1.2470966595611008,1.1614552373137172,1.236219508706493,1.4881920754500415,1.1448367728030642,1.0517344042108452,1.3681954600236073,1.3784751876516244,1.4438927451268082,0.9671447131361802,1.142255251763173,0.0,1.4483327461252489,1.4962974854818791,1.2036575322239595,1.3698920812441548,1.2241103791924033,1.2166447037653,1.3746232732663937,0.8833876226975824,0.9533572870900844,1.516760257499037,1.7659582497843302,1.41062739761529,0.970174273137956,1.3345306243413413,1.0558614636117143,1.5005966418711367
NP,0.5345998586440859,0.4878990987478069,0.4797046122622128,0.4330727908270133,0.3940706012653553,0.5532451693684605,1.0217726405435943,0.4177797683311902,0.4856577497987708,0.4503052977459912,1.460725396808913,0.45259017347461,1.0652462074922142,0.421719737953342,0.9018429748386304,1.9047420352037516,0.3951379671210394,0.4244664110994789,0.6641201107362374,0.7656069774225479,0.5174271234630398,0.6368410403035395,0.760270944240795,0.8693474021859551,0.4217704277193417,0.3835349275758334,0.5462514510308675,1.5692927544965534,1.0292780522891665,1.4483327461252489,9.125060374972142e-08,0.4128057821987326,0.5712959468217571,0.5243225961930081,1.5021873840346534,0.5706302007290682,0.4225322945891513,0.8187319322841575,1.551648007095533,0.4087618310251746,0.704564930653388,0.4791594963592179,1.6347219661320318,0.4398782750789671,1.467014352554228,0.4218195134936916
OM,0.4484514599496245,0.4607844892643067,0.5273234576153999,0.3860345528726042,0.2341167021755243,0.435156795691576,1.0142598497883266,0.2955905547733035,0.3300472998163917,0.4812181711019874,1.546619115043501,0.3347124331232133,1.1629660308802772,0.2645922618462306,0.9147906416117662,1.9455788343761569,0.3103417765607528,0.3733252279430127,0.7791160447478387,0.8613459138893627,0.4163047927129187,0.6042466075155287,0.8523237735385872,0.8945099353391655,0.3525699040665822,0.4344757235251114,0.538342095450633,1.6578722003885524,1.0401294639615084,1.4962974854818794,0.4128057821987326,0.0,0.5780376286495816,0.4111257775187539,1.5692157886975382,0.471501422830835,0.2347251594883671,0.8840219341684437,1.635206904416214,0.280732847292636,0.5744487606720602,0.391405642405129,1.7286192740844633,0.4101985747848902,1.570039731398549,0.3104419512213214
PH,0.5022226386092974,0.6208872778529051,0.5966891668191047,0.5362342298177306,0.5606286560517842,0.551927130213569,0.8431117494546829,0.6475293632620375,0.7176403624744809,0.5443706567039929,1.2652082836990068,0.540011293110801,0.9590253225468994,0.5991359778303399,0.850311899527636,1.7537689911081196,0.598694842925697,0.5629207969774406,0.6805250863523085,0.7189081274139705,0.5123175459360351,0.7368855848142326,0.7412576312842186,0.7676427371314533,0.4988744588416361,0.5458673216569446,0.6430067238903934,1.378214235616812,0.934885222931298,1.2036575322239598,0.5712959468217571,0.5780376286495815,7.742870483855356e-08,0.5486290618428461,1.3826972810943587,0.5548353070365916,0.4936090445099641,0.671622874124531,1.3840928215610409,0.6018954439024519,0.8679304419017322,0.5856775416584498,1.4330234261995554,0.5434418324063262,1.3020256016788976,0.6140622924361966
PK,0.4340945927033127,0.5631405861926421,0.613132823890143,0.4524206088833239,0.3923441264835889,0.4722571684725501,0.9500675734620472,0.5310953535372948,0.5907633315682393,0.5349891583738234,1.4497686125664806,0.457538331475521,1.0976824279074056,0.489287194087377,0.9150319571623238,1.832218755837423,0.5254802328627024,0.5056503592560176,0.7612208914168731,0.8441869578037697,0.4320694898249484,0.694486581260094,0.8652363606110886,0.835893967140327,0.4004047484385412,0.5255348030356966,0.6074812001030463,1.5635016851303376,0.9334473039963262,1.3698920812441548,0.5243225961930081,0.4111257775187539,0.5486290618428461,4.712160915387242e-08,1.4902223461004114,0.4903375047764522,0.3843503398295966,0.8264926837788865,1.5516370307059215,0.4798572404796474,0.7503849811711049,0.4757617941560388,1.6315225269029017,0.50190351516436,1.4954147757766665,0.5313360557147437
PS,1.2932617921289935,1.518498339973948,1.3946915887133944,1.4366397664506383,1.5527738695802662,1.3250940971309777,1.226611758131865,1.6655290148493465,1.7593301616555783,1.4721364235446406,1.245219603242893,1.5539976744676411,0.8356234753396661,1.6653502211106792,1.0643929507576562,1.029683072607482,1.5891685955410302,1.4569430840603812,1.281756085926623,1.3110290841179375,1.3184247080274405,1.5460207962310382,1.2332449361428244,1.0404557486560964,1.4848930720343416,1.453908701319098,1.456660082045385,1.339485031303526,1.2521813422514336,1.2241103791924033,1.5021873840346534,1.5692157886975382,1.3826972810943587,1.4902223461004114,0.0,1.284292259543346,1.454993331444762,1.1847937142554883,1.2115259896974668,1.5800369121738724,1.8325946255655223,1.4421038818358864,1.371965155363034,1.39147058491426,1.2756706805624998,1.5362037339655914
QA,0.2545579334688692,0.5934238034258454,0.5830153414793302,0.4843593784197489,0.5149931536491745,0.2603855517799602,0.7884994295534439,0.6368706865119074,0.7336405166696055,0.5891011865660131,1.2761307782867235,0.5695871880026024,0.9088442629939564,0.6256928385791016,0.7669857949067544,1.612535522865124,0.5918477956871182,0.5063980882054626,0.7112303118773068,0.792227951531637,0.3021284302746151,0.7072097357661027,0.742865873357478,0.6021887053079824,0.4995748862654572,0.5492816057034504,0.6371582718664096,1.3833798818616414,0.8463403273420197,1.2166447037653,0.5706302007290682,0.4715014228308349,0.5548353070365916,0.4903375047764522,1.284292259543346,0.0,0.4178667604803833,0.6400025875342102,1.3769320842588753,0.5672508037770734,0.8830695760066013,0.5001040369337071,1.4682853279631995,0.4654965329811643,1.346134901553895,0.5728819693940469
SA,0.3634224722322074,0.4380532376257059,0.5119094618601663,0.3772226933191845,0.2947158708151665,0.3751456002864926,0.9313985329967324,0.3838333533672791,0.4533462686007415,0.4735495862343594,1.426344687223178,0.3283200409787959,1.0399942687200374,0.3531067743192534,0.8191609472715301,1.8220326867050516,0.3687006017058003,0.3642906275384218,0.7209551763129438,0.7781440256782721,0.3164875777267495,0.5974205034020368,0.7645790519995734,0.788855511518595,0.3394014178745034,0.4186357211412769,0.5483499115940369,1.5474222884427993,0.95884735564901,1.3746232732663937,0.4225322945891513,0.2347251594883671,0.4936090445099641,0.3843503398295966,1.454993331444762,0.4178667604803833,2.5809568279517847e-08,0.7863887365789184,1.5119664011239202,0.3319305427065983,0.6640428394777284,0.3695523405889196,1.6134950416456026,0.3666149060769699,1.463234787898149,0.3345369215066536
SG,0.6081352672122582,0.8710653971376673,0.7594682380986008,0.7689888284944341,0.8743039571051693,0.6417918903059032,0.6336544687484748,0.9725880678045308,1.070454520561808,0.7941569755310718,0.9100735608793686,0.8526370901144811,0.750498660117209,0.9632217558493988,0.8451481004790506,1.5051275785436466,0.8842868702013501,0.782791532745353,0.6850161056688088,0.7387654492844778,0.6657923428695871,0.9254891892304228,0.6767177430098484,0.589185062530635,0.7651740275947931,0.7593631762648572,0.8440968923964666,1.0229175820972654,0.8579052923989029,0.8833876226975823,0.8187319322841576,0.8840219341684437,0.671622874124531,0.8264926837788864,1.1847937142554883,0.6400025875342102,0.7863887365789184,0.0,1.08387968408352,0.9086501432332126,1.2092854776073243,0.829291296713219,1.1341297463972873,0.7245644346787726,1.0934035845962995,0.9191263757569712
TH,1.3612624081760645,1.4908899673255662,1.5174600380239796,1.5286037438814088,1.6064302664548298,1.389823822661154,1.1530349010077576,1.6861846389632198,1.7911826892689318,1.552182271468071,0.8641307967370179,1.538412021160089,1.0329250486376396,1.6948235197728077,1.2058780373783928,1.379566211355713,1.6031524065933935,1.4966849285181478,1.2853928284379776,1.2120002027717434,1.397740795008887,1.5819310792421588,1.0267538884680047,1.185203254170922,1.5167370310945272,1.464347700509524,1.550744202490422,1.0005039369049735,1.292628310346336,0.9533572870900844,1.551648007095533,1.635206904416214,1.3840928215610406,1.5516370307059215,1.2115259896974668,1.3769320842588753,1.5119664011239202,1.08387968408352,1.0323827311807142e-07,1.6171946560824888,1.864916456397044,1.5382810629980972,0.9388074049709224,1.4245926582600483,0.966074564938263,1.591905130439428
TJ,0.5437267730049332,0.4445656641126271,0.555520236428778,0.4175016277587952,0.3058556757979614,0.5525232655539387,1.0571675050133442,0.2848931904024232,0.3200137963062541,0.4938803491014497,1.5379947749092235,0.3571933487310438,1.156714925298206,0.296469052088683,0.9287334649046916,1.9559557413306,0.2876550944048993,0.3513681304570485,0.7779087164540381,0.8399700731238685,0.512653820440569,0.592202951182902,0.8374547153306362,0.9421338860762698,0.4022634478597205,0.4338067369165271,0.5748302648390688,1.6461968268852964,1.0704642571042384,1.516760257499037,0.4087618310251746,0.280732847292636,0.6018954439024519,0.4798572404796474,1.5800369121738724,0.5672508037770734,0.3319305427065983,0.9086501432332126,1.6171946560824886,1.4901161193847656e-08,0.5444689264533181,0.4194529818149444,1.71095921407578,0.3726720568890859,1.5487984465765443,0.2973176349040571
TM,0.8828342059715067,0.728422905459899,0.8549972378391254,0.7505196443986959,0.5886885196281733,0.8816828999923165,1.332560449453358,0.5366563695797135,0.4432301830832413,0.7835172602280428,1.793681489727711,0.6094130988083595,1.4444742726157251,0.5042738172826485,1.1922595579824389,2.210760342516793,0.5530041976793743,0.6544065223742932,1.0630034782428013,1.1117654203880116,0.8496467601578919,0.744666881602782,1.1254879203115122,1.2459832477048087,0.6894068749489612,0.725355373827763,0.8303238364836464,1.9016663750709824,1.3575142253268366,1.7659582497843302,0.704564930653388,0.5744487606720602,0.8679304419017322,0.7503849811711049,1.8325946255655223,0.8830695760066013,0.6640428394777284,1.2092854776073243,1.864916456397044,0.5444689264533181,0.0,0.7301625197859052,1.957142184734732,0.7205457041116753,1.7949065694146549,0.5675573305669406
TR,0.4588785040622151,0.5228867318631957,0.5178261626786044,0.3638593677415912,0.3826381231203715,0.5018978458125545,0.9771520246267168,0.4912145735457376,0.5499839490530605,0.4936954458637713,1.4567294601724907,0.4546517745477824,1.0522972078999269,0.4906101460662301,0.842720933447925,1.813271645649693,0.4505371791847558,0.4296467254632216,0.7083758861486069,0.8074761630429582,0.4496299461814919,0.6451983670521382,0.7925421768332027,0.803266582298533,0.4086715368062668,0.4396503883245489,0.5397669642986402,1.5694226561792914,0.9406501489282318,1.41062739761529,0.4791594963592179,0.391405642405129,0.5856775416584498,0.4757617941560388,1.4421038818358864,0.5001040369337071,0.3695523405889196,0.829291296713219,1.5382810629980972,0.4194529818149444,0.7301625197859052,3.332000937312528e-08,1.6318814896930476,0.4226355204252546,1.4658420427819348,0.4297157482291883
TW,1.4480985633386805,1.5856223508662324,1.6128720187947083,1.6223406792199224,1.6904621809375877,1.492641864043902,1.2692638076165617,1.7698998591651771,1.8719998657292616,1.6347277723347815,0.5763763854390762,1.633608378442483,1.1828673719279557,1.7734477306768246,1.3623059102735298,1.4496000558400797,1.6787503423652816,1.5971848572353584,1.3951144043146906,1.285584716174914,1.5059145591620642,1.6717119101260784,1.2773639014807776,1.313686338897264,1.599034771690307,1.5779530537956248,1.6559046440090714,0.6828392308835994,1.4037885808268362,0.970174273137956,1.6347219661320318,1.728619274084463,1.4330234261995554,1.6315225269029017,1.371965155363034,1.4682853279631995,1.6134950416456026,1.1341297463972877,0.9388074049709224,1.71095921407578,1.957142184734732,1.6318814896930476,1.1151007970493857e-07,1.5251011181043883,0.9860055203478272,1.699535765619675
UZ,0.4304581998802598,0.5071485053540367,0.4415119217349453,0.3619719887406784,0.4073023898146514,0.4420046689736089,0.8986721086278574,0.4860025309303117,0.5543273011959924,0.4631653773798217,1.3371664945167026,0.4503067475435658,0.953128008502076,0.4845181751023031,0.79946282111525,1.767001057506386,0.4170881808589688,0.3116474468599353,0.6600952864820152,0.7308394902341258,0.4154382486034316,0.5201676286353049,0.683458077610018,0.7296068504567905,0.4345638606831966,0.4308521589435903,0.5572289512083158,1.4522848960874144,0.9345559796020438,1.3345306243413413,0.4398782750789671,0.4101985747848902,0.5434418324063262,0.50190351516436,1.39147058491426,0.4654965329811643,0.3666149060769699,0.7245644346787726,1.4245926582600483,0.3726720568890859,0.7205457041116753,0.4226355204252546,1.5251011181043883,9.541398640621973e-08,1.3745865862287503,0.4306839884852133
VN,1.322545132213674,1.415460353582027,1.4373860099998907,1.4617473434872166,1.5366021237192573,1.3624576534101815,1.193292946819703,1.6051206402404274,1.7089754857728472,1.4820553520234276,0.9633222198322252,1.4691855584251294,1.0586840892751157,1.604689647554955,1.187428725276235,1.5237151610890762,1.5259422596612795,1.443855575054544,1.2380010190175512,1.1358228141999616,1.369385139265964,1.528508854001342,1.099309831980702,1.2046430266695811,1.4343557152986723,1.393937792504635,1.4784298940473293,1.078577144361345,1.300786404333844,1.0558614636117143,1.467014352554228,1.570039731398549,1.3020256016788974,1.4954147757766665,1.2756706805624998,1.346134901553895,1.463234787898149,1.0934035845963,0.966074564938263,1.5487984465765448,1.7949065694146549,1.4658420427819348,0.9860055203478272,1.3745865862287503,0.0,1.528280060345809
YE,0.56079422688585,0.409127946168535,0.589986877824746,0.4739434215165779,0.3372832693977892,0.5708018738619022,1.0620655244441324,0.2996256505423781,0.3450617098918172,0.5392060415502364,1.5311700418214047,0.3503459255490771,1.1485968660310986,0.3183127976082192,0.8541014568864906,1.9302825577175855,0.3022343411184459,0.4089013893686403,0.7902992735148326,0.8313674238282498,0.5158065847371783,0.6195435159696605,0.8251341167696876,0.9318072354136212,0.4264487564540387,0.4529627875784314,0.5762890311464788,1.6533393946606132,1.0842435119038183,1.5005966418711367,0.4218195134936916,0.3104419512213214,0.6140622924361966,0.5313360557147437,1.5362037339655912,0.5728819693940469,0.3345369215066536,0.9191263757569712,1.591905130439428,0.2973176349040571,0.5675573305669406,0.4297157482291883,1.6995357656196748,0.4306839884852133,1.528280060345809,2.1073424255447017e-08
