ISO_CODE,AE,AF,AM,AZ,BD,BH,BN,BT,CN,GE,HK,ID,IL,IN,IQ,JO,JP,KG,KH,KR,KW,KZ,LA,LB,LK,MM,MN,MO,MV,MY,NP,OM,PH,PK,PS,QA,SA,SG,TH,TJ,TM,TR,TW,UZ,VN,YE
AE,1.737759081973225e-07,0.9900301891279554,0.8240066392935753,0.8478693534807474,0.6956162127918517,0.4375513548488956,0.7834068317678201,0.9651203472610562,0.785770801117086,0.7499198064984751,1.0441691835304028,0.7355166576638182,0.9195471198992164,0.5886029730365202,1.09214237873065,1.2178570939095807,0.8100344881518354,0.692788033421078,0.9470239592277464,0.7459576240745288,0.4883700905329888,0.6867601739644025,0.8626876554374223,0.6969348951518073,0.8479662281394409,0.6640814994133953,0.9447989464747478,1.0685076305998868,0.724078089009385,1.2863693949972934,0.9027397096288804,0.4869192047543528,0.6838166323894943,0.7127484185998506,1.1794630345774004,0.4073635665244777,0.4126185461528968,0.679967110980442,1.186279328969274,0.7065737109379252,0.9146927602859094,0.8097902448419446,1.1842820220741168,0.7097291238703957,1.2316622687584369,0.6670862768150666
AF,0.9900301891279554,0.0,1.203514351831827,1.1772517632614643,1.12261664822231,1.0050689510374384,1.1260760998486383,1.2748676086135962,1.2115182604859551,1.177951792677136,1.3376860013173717,1.1327584361542626,1.1650314567969446,1.0926196620899302,1.210452090303011,1.3890110057668603,1.2380336830962675,1.065745447783316,1.3063152246396716,1.1689434571325168,1.0326164371322477,1.1145165205017893,1.2653447340767203,1.026270426929771,1.2771930501810669,1.1346807102522476,1.3110810646138222,1.349918250011913,1.0318572996464768,1.460356209176274,1.2434174963754694,1.0621471252403982,1.162159222976541,0.9997070360948016,1.2465034315920314,0.9925632963953996,0.968474428015048,1.1086223748657098,1.449035515943303,1.046099193281245,1.2957837252083635,1.1109020590753222,1.421189253660294,1.0935558244245476,1.454114033590457,0.994491187542961
AM,0.8240066392935753,1.203514351831827,0.0,0.7623762253834081,0.8630590481977457,0.8039744535539384,0.9727527217220628,1.0861595216567128,0.7914820170681927,0.6770623492327924,1.0779004472203342,0.8234234945484118,1.0050945351533338,0.8352810061297907,1.2488980421623812,1.4209178291221478,0.8024217622815487,0.5957583678743817,0.9810301039017016,0.7829513413035959,0.7929036819542221,0.5894134351923266,0.9011640400792388,0.862232813508422,0.9495659569394224,0.7819159752502187,0.9521518331442502,1.0914743272216791,0.9557921408609042,1.4501345178155065,1.0631852789141292,0.7802795201226912,0.813656367229481,1.0643133336924644,1.3269376812151912,0.7634645554942969,0.7418787412920395,0.7966120250955585,1.251600612860443,0.6474294669146055,0.9344531099311736,0.8840972248400959,1.2303960011857016,0.625187287758986,1.3120014503827402,0.7800480858511826
AZ,0.8478693534807474,1.1772517632614643,0.7623762253834081,1.519626234052415e-07,0.8632979662678744,0.8492757740408569,0.971577242514279,1.1618490580230427,0.7576262218718667,0.7318246369480366,1.1314259588873783,0.8279494722383364,1.0649175132965276,0.8479984875691546,1.218685551992278,1.3824395574468231,0.7844862385541937,0.6358541562645964,1.017610972135036,0.837640509164616,0.7825403718173239,0.6197100558584558,0.9340648058468471,0.9165715382127908,1.0218055951242604,0.7906189205224737,0.968733336550451,1.1495132282580265,1.018781214882742,1.4446557261100084,1.1150675883960195,0.7604926852117044,0.8472859515174898,1.062319459828739,1.3084026914928586,0.7944803315937344,0.7321050838236007,0.8601771184696764,1.2892060133177283,0.6483498675072856,0.886224061939742,0.747317499993474,1.293747752317543,0.6301246232303318,1.362366226643876,0.7638474306635558
BD,0.6956162127918517,1.12261664822231,0.8630590481977457,0.8632979662678744,0.0,0.6285405564099523,0.9291416909783752,1.035931505792521,0.7275998488366328,0.7825944857739926,1.1362467778774736,0.7859635509577033,1.0799254655491477,0.6274694357924625,1.2317446793212794,1.404845067527564,0.7756458667478481,0.7293695418895635,0.9501282460320732,0.7867941327355946,0.6551793619248822,0.7023262930467418,0.8611339793691235,0.8832052149683796,0.8944245092563644,0.6769592882138353,0.9366044549055752,1.1593988401394468,0.8490008857575831,1.4074729607148453,0.9608961308334414,0.5217075540001427,0.746031805437282,0.8972042435383863,1.3458243391097924,0.6149326444240696,0.5791298917826889,0.7846479571702346,1.2489801570578194,0.7320135295806399,0.8807140107031564,0.8551269438367213,1.2794127425863353,0.7234351030833955,1.2989136965360182,0.7336041058773228
BH,0.4375513548488956,1.0050689510374384,0.8039744535539384,0.8492757740408569,0.6285405564099523,0.0,0.7797354772497509,0.95357327637052,0.8023052763473939,0.7473225542477668,1.037876024515732,0.7317532704665427,0.8773692862379912,0.5653700686306802,0.9774420463436672,1.0864181164668762,0.8171901189570467,0.6605546414112856,0.9270169486357032,0.7340124552980194,0.3657017694784272,0.6639072557554171,0.8486542898014765,0.6804794342719546,0.829721618548695,0.6315194392014702,0.9458157347251984,1.058853859809037,0.706763180834247,1.2842733367761094,0.9174649374127418,0.4382122507717223,0.6931746922727644,0.7626408254580134,1.1192939459110192,0.3453071239569437,0.3895178751802245,0.6717572359367965,1.1637648841688633,0.6958151595513352,0.9286961590569504,0.8073196988373099,1.1730470501445578,0.6962910556039759,1.2228064696677965,0.6386603934560249
BN,0.7834068317678201,1.1260760998486383,0.9727527217220628,0.971577242514279,0.9291416909783752,0.7797354772497509,1.3657139822709086e-07,1.098901994264239,0.9614844572219532,0.9333801095030434,1.008822609597335,0.7030142421154936,0.9895358954512534,0.9149820589892504,1.158081006794358,1.2683951564497695,0.9547485884596943,0.8505837336703733,1.063349935644742,0.8416617909154774,0.785129643293073,0.8539972892019725,0.9857683981023444,0.8340814241672206,1.0261444692556492,0.8322105525830426,1.0859960036679606,1.0188096640662003,0.853959225848513,0.8391201906668274,1.115203031101036,0.8274259532002843,0.8449449712218631,1.0032955083610886,1.218553886180754,0.7453787276295246,0.7553636581554539,0.6853720181060768,1.212353785426002,0.8846487267185782,1.089801631511323,0.9242484418772742,1.1466851300911605,0.8799906107772099,1.27190490182361,0.8390685468050236
BT,0.9651203472610562,1.2748676086135962,1.0861595216567128,1.1618490580230427,1.035931505792521,0.95357327637052,1.098901994264239,1.9314112360500879e-07,1.0903014003186813,1.0514080524345408,1.21991872263195,1.0338746551285027,1.14070989365459,0.9586572673358572,1.3482001175418583,1.5120259193981498,1.1026637686081908,0.990517013387152,1.14938515418203,1.018990239636799,0.9856612125601368,0.9996705456701688,1.102401585033805,1.020743604943668,1.0661455391724,0.9424710019248675,1.177023410046017,1.2524302635901752,1.012469788528462,1.470247390595378,0.998828428634,0.9731188338097418,1.0131307014328688,1.1610427956716065,1.425531865422747,0.9136075063632496,0.9432445406442314,0.9498021456936352,1.3282431769551388,1.0144475660676433,1.1697799903710993,1.1156216377567914,1.3054263468230654,1.0203696218744531,1.327030396738954,0.998924988748184
CN,0.785770801117086,1.2115182604859551,0.7914820170681927,0.7576262218718667,0.7275998488366328,0.8023052763473939,0.9614844572219532,1.0903014003186813,0.0,0.6558060837642039,1.11581874829297,0.5914166730453181,1.120384656440002,0.6446954737397083,1.2878563064911446,1.5103424432445556,0.2787156068199675,0.6371078163379114,0.8975341286914998,0.683982350001756,0.7093561364121924,0.5384272794713834,0.7836697791678071,0.934085858530842,0.919244475315041,0.6789520385903276,0.8439843506775686,1.1135478615973506,1.0418914160380504,1.4915218689587266,1.0230718293622725,0.5765767514154833,0.6871079810440641,1.0164369571361176,1.4338886702573552,0.6945659621735016,0.5669120239416879,0.7593095151605329,1.265146672973891,0.5484446535630548,0.5304992836266436,0.7707169531410238,1.2782765267220664,0.5296213593446996,1.3372245591534886,0.6094612483936224
GE,0.7499198064984751,1.177951792677136,0.6770623492327924,0.7318246369480366,0.7825944857739926,0.7473225542477668,0.9333801095030434,1.0514080524345408,0.6558060837642039,1.1348386266624793e-07,1.0899258729913697,0.7319461664257463,0.9822377000066256,0.7340943132274068,1.2230811736689284,1.4033032162976664,0.687491236390207,0.6102754638783471,0.9244928009616828,0.7263796719423943,0.7085866484977854,0.5729885466626968,0.8458799446479481,0.8205273085905312,0.9049819102715208,0.691913984966743,0.879921735926654,1.0992906451053337,0.9187446877108792,1.4409949769979462,1.0212408243666136,0.6627400474922073,0.7100792981845858,1.000815929069263,1.3158175242142738,0.6793472193216257,0.6362207967394435,0.7498819367300146,1.2314242628173375,0.615717709563617,0.827499364712935,0.7922879330102542,1.2434681067405848,0.596108277641054,1.2809226746495803,0.7009498300926854
HK,1.0441691835304028,1.3376860013173717,1.0779004472203342,1.1314259588873783,1.1362467778774736,1.037876024515732,1.008822609597335,1.21991872263195,1.11581874829297,1.0899258729913697,2.6151431761360534e-07,1.01962057647314,1.048712251050062,1.1325673760536636,1.2866809256629588,1.3902460122688731,1.0448767343505063,0.9629863474944084,1.1709777979127989,0.8376140483179216,1.0556294988294772,0.9852648261171242,1.0601216506741336,1.024219940613737,1.1828185164363172,1.0003022454725763,1.2002273814542994,0.445396549101492,1.0394105536517204,1.2940296134913478,1.2248656324040723,1.122424111106667,1.0219264984591698,1.27636762170699,1.3492120470119362,1.0253073136417168,1.036104727681033,0.7570989677632516,1.1130629006939794,1.0389273092291458,1.245719243668951,1.1449941252154,0.6209567918883936,0.9954161806683064,1.141025237932196,1.070266944563401
ID,0.7355166576638182,1.1327584361542626,0.8234234945484118,0.8279494722383364,0.7859635509577033,0.7317532704665427,0.7030142421154936,1.0338746551285027,0.5914166730453181,0.7319461664257463,1.01962057647314,1.0536712127723508e-07,1.0061209312049657,0.7024517444151851,1.1887080963008103,1.391476676785857,0.6247171583180929,0.6746468538823026,0.9254417142765684,0.6952962999301235,0.6958486059345272,0.640726789873933,0.8119538382364235,0.8273057350463449,0.9290041853898314,0.6580744550049714,0.9287405580690378,1.052088487706706,0.926571325659875,1.256583013503188,1.0278268044933156,0.6380069408498945,0.7077742949314528,0.979038013943235,1.300478139293182,0.6532986066333443,0.5697667342756433,0.6654121721274783,1.1876234422840048,0.6533310226984774,0.7900487214070115,0.8002740129097755,1.1782583931047157,0.6479749226450187,1.265666084093079,0.6367416055362528
IL,0.9195471198992164,1.1650314567969446,1.0050945351533338,1.0649175132965276,1.0799254655491477,0.8773692862379912,0.9895358954512534,1.14070989365459,1.120384656440002,0.9822377000066256,1.048712251050062,1.0061209312049657,0.0,1.038602348261575,1.1258423369133843,1.162871062956614,1.093963063750983,0.9109616347868555,1.1764483648464132,0.9514265449750314,0.8904283325851199,0.9321160929962208,1.1095782349357823,0.7741876963275733,1.126264976075812,0.9987525040710844,1.190053618468871,1.0429256083421947,0.9331416939471866,1.3580518204069272,1.1907912798381972,0.9803317087520428,0.9976807940751508,1.1516959363899673,0.935014855114505,0.8558419326311674,0.8991634376358091,0.8292007873098992,1.2635933384928997,0.9718229283146528,1.2060477143524426,0.9928571552106356,1.130705665297641,0.956148494594945,1.2424953686381333,0.8767276458754681
IN,0.5886029730365202,1.0926196620899304,0.8352810061297907,0.8479984875691546,0.6274694357924625,0.5653700686306804,0.9149820589892504,0.958657267335857,0.6446954737397083,0.7340943132274068,1.1325673760536636,0.7024517444151851,1.038602348261575,0.0,1.2196038313859985,1.4185647879502583,0.7023977570358155,0.6837185071381878,0.921282790205778,0.7540879591558348,0.5860529239881065,0.6460829145848905,0.829654381628688,0.8405282710248888,0.7892134262533089,0.6231082287349977,0.917388989129349,1.1638640917115377,0.8374243026423605,1.4015683893141906,0.8348408301989948,0.4472733881221105,0.6769478050115496,0.827494545375717,1.350388621281255,0.4869376551407207,0.4843099776798857,0.7443844587365138,1.232919120651902,0.6694842513810237,0.7777894506490036,0.8154653666156686,1.2837564736808869,0.6693271785754695,1.2988661063100442,0.6741859843993845
IQ,1.09214237873065,1.210452090303011,1.2488980421623812,1.218685551992278,1.2317446793212794,0.9774420463436672,1.158081006794358,1.3482001175418583,1.2878563064911446,1.2230811736689284,1.2866809256629588,1.1887080963008103,1.1258423369133843,1.2196038313859985,1.999200562387517e-07,0.8757566864035036,1.2811764695987071,1.1278733434964512,1.345821911625284,1.1598746526346155,0.935365958312192,1.1456708365104389,1.2711949038221644,0.977221018573498,1.3191114858481785,1.1528490110742586,1.3620861709178815,1.2920751778652062,1.1508276514900802,1.4671722640034417,1.3831891877834896,1.1116208852398606,1.196807879817574,1.2519842267784842,0.9750543234669344,1.0570297931107275,1.0407080701237188,1.1286837516927544,1.4232576955534242,1.1696172784184826,1.3646249408499262,1.13446388525983,1.3612672369582022,1.1574398879344354,1.406255364638347,1.003427864717233
JO,1.2178570939095807,1.3890110057668603,1.4209178291221478,1.3824395574468231,1.404845067527564,1.0864181164668762,1.2683951564497695,1.5120259193981498,1.5103424432445556,1.4033032162976664,1.3902460122688731,1.391476676785857,1.162871062956614,1.4185647879502583,0.8757566864035036,3.2098083538618706e-07,1.4957052961598187,1.3179610232083652,1.511831049551318,1.3556535700438088,1.0342894596267105,1.337911380304523,1.4455708336818271,1.0935117172456343,1.4729385263308978,1.3401406058861056,1.5272239437820032,1.391327433177184,1.2573012637144183,1.5509422423048924,1.5250791244119686,1.2692770724015103,1.3808003883622093,1.4173178002131357,0.9098933438708616,1.1906266929876272,1.218839519822528,1.276396342185457,1.5271195520360168,1.3735935147982414,1.575069917893314,1.2979006938421678,1.4444333617539893,1.3537534613396216,1.5353841286286862,1.2247216917411854
JP,0.8100344881518354,1.2380336830962675,0.8024217622815487,0.7844862385541937,0.7756458667478481,0.8171901189570467,0.9547485884596943,1.1026637686081908,0.2787156068199675,0.687491236390207,1.0448767343505063,0.6247171583180929,1.093963063750983,0.7023977570358155,1.2811764695987071,1.4957052961598187,1.228781230931777e-07,0.6244338573084678,0.9192182128394308,0.6380396220865163,0.7377301493511322,0.5323659295812397,0.797686998990372,0.9403646642940836,0.940725953529594,0.7069428774869773,0.8587714410251198,1.034222488842787,1.0497692794563735,1.4768429188932857,1.049409397458109,0.6517256306345391,0.7162647773026433,1.0561238144961562,1.4328479306836603,0.733722831453153,0.6092179064612101,0.7095915291965201,1.2340524037731824,0.5796750142656854,0.6005476288083395,0.7926352755715153,1.202200417735528,0.530760450339894,1.3295072002170727,0.6503591747310923
KG,0.692788033421078,1.065745447783316,0.5957583678743817,0.6358541562645964,0.7293695418895635,0.6605546414112856,0.8505837336703733,0.990517013387152,0.6371078163379114,0.6102754638783471,0.9629863474944084,0.6746468538823026,0.9109616347868555,0.6837185071381878,1.1278733434964512,1.3179610232083652,0.6244338573084678,0.0,0.8742421021427135,0.6013547389393188,0.6280202716820877,0.259841126752449,0.7514814814728136,0.7546457434212618,0.8692203225071639,0.5715754215954654,0.8354384798246729,0.9814262045763568,0.8896420285718103,1.3577830699940092,1.0003464510430724,0.6095054358890836,0.7152686125049521,0.9588984260239932,1.2421383408358675,0.6123554993669403,0.5448277899131214,0.6553842433636986,1.1261900548506492,0.3239298862051515,0.7665404603553084,0.7327826215838927,1.1166421877607853,0.2783141217855284,1.2148234442844836,0.5877111473811462
KH,0.9470239592277464,1.3063152246396716,0.9810301039017016,1.017610972135036,0.9501282460320732,0.9270169486357032,1.063349935644742,1.14938515418203,0.8975341286914998,0.9244928009616828,1.1709777979127989,0.9254417142765684,1.1764483648464132,0.921282790205778,1.345821911625284,1.511831049551318,0.9192182128394308,0.8742421021427135,0.0,0.8995281691397561,0.9248948596754069,0.8609115606737996,0.9261454835340184,1.0296394882362911,1.033858666904682,0.8244647885163835,1.0551373687796703,1.1792130902630555,1.0609523868251844,1.4815817225841166,1.1168488461248691,0.8755299060995206,0.9111499916329152,1.1482885377543937,1.454613821363817,0.8825048977304014,0.8631562127408645,0.909966010590058,1.2564935539621698,0.8902854832689462,1.0296712390104523,1.030943058318432,1.300775895339072,0.8748721468432835,1.320443085121806,0.9119188221019708
KR,0.7459576240745288,1.1689434571325168,0.7829513413035959,0.837640509164616,0.7867941327355946,0.7340124552980194,0.8416617909154774,1.018990239636799,0.683982350001756,0.7263796719423943,0.8376140483179216,0.6952962999301235,0.9514265449750314,0.7540879591558348,1.1598746526346155,1.3556535700438088,0.6380396220865163,0.6013547389393188,0.8995281691397561,1.9542689693874122e-07,0.7111717042541044,0.5746088275899199,0.7426532191727445,0.813076301951422,0.904413398850112,0.611023489910122,0.8897609088534993,0.8693024522108673,0.9206173975231776,1.3103121023814526,1.0306102738599563,0.6969427950433834,0.7039211343708272,1.008233609608701,1.2936078631271968,0.6877788127119376,0.6334294067639218,0.6079117551952944,1.0628030052430113,0.6522916486409346,0.8660724281323235,0.7947064196657749,0.9643428316184924,0.6202907259059338,1.1367090933474753,0.6924180433950335
KW,0.4883700905329888,1.0326164371322477,0.7929036819542221,0.7825403718173239,0.6551793619248822,0.3657017694784272,0.785129643293073,0.9856612125601368,0.7093561364121924,0.7085866484977854,1.0556294988294772,0.6958486059345272,0.8904283325851199,0.5860529239881065,0.935365958312192,1.0342894596267105,0.7377301493511322,0.6280202716820877,0.9248948596754069,0.7111717042541044,0.0,0.588650995583021,0.8123865185906481,0.6830566266548682,0.8306862660970395,0.6045613407200605,0.9020446745363656,1.0784506061727996,0.7797832666637255,1.314371441863721,0.9511878007810328,0.41710831314096,0.6496692773984024,0.8375869126655695,1.0900157097765013,0.4221925122292011,0.3666713788194525,0.6884732545340067,1.1756134052255245,0.6410704932820229,0.841162228793424,0.7305645468379489,1.2107703335744018,0.6380598059446291,1.2478100358819448,0.5705606157891753
KZ,0.6867601739644025,1.1145165205017893,0.5894134351923266,0.6197100558584558,0.7023262930467418,0.6639072557554171,0.8539972892019725,0.9996705456701688,0.5384272794713834,0.5729885466626968,0.9852648261171242,0.640726789873933,0.9321160929962208,0.6460829145848905,1.1456708365104389,1.337911380304523,0.5323659295812397,0.259841126752449,0.8609115606737996,0.5746088275899199,0.588650995583021,1.1920928955078125e-07,0.7216903267649701,0.7664145937717729,0.8578961011901318,0.5518644673975486,0.810039241420135,1.010653863895521,0.9212851988292716,1.376709343769569,1.006556082737191,0.5578992810021034,0.680905441343125,0.959566741555236,1.2797889918886038,0.6066081929788127,0.5116743349864104,0.6571040660541552,1.1490794767890082,0.3179099687122403,0.6861374231283716,0.7123552718674395,1.1535794127429395,0.2634536217771264,1.2506332185622495,0.5621089341245952
LA,0.8626876554374223,1.2653447340767203,0.9011640400792388,0.9340648058468471,0.8611339793691235,0.8486542898014765,0.9857683981023444,1.102401585033805,0.7836697791678071,0.8458799446479481,1.0601216506741336,0.8119538382364235,1.1095782349357823,0.829654381628688,1.2711949038221644,1.4455708336818271,0.797686998990372,0.7514814814728136,0.9261454835340184,0.7426532191727445,0.8123865185906481,0.7216903267649701,1.3328003749250113e-07,0.9353232931609888,0.979325237013032,0.6694216061449964,0.972673215870786,1.0849540198905865,1.028529892129059,1.4116021098309566,1.1201924831996033,0.7614118604764412,0.8244610699923808,1.0845074430684627,1.4102343246726343,0.8020200175083512,0.7484957473668539,0.8174491394582425,0.6965844058905547,0.7727728125009278,0.9191851792283988,0.9057706225162964,1.2038829961885884,0.7472450862730786,1.2587103909676296,0.8112060975277942
LB,0.6969348951518073,1.026270426929771,0.862232813508422,0.9165715382127908,0.8832052149683796,0.6804794342719546,0.8340814241672206,1.020743604943668,0.934085858530842,0.8205273085905312,1.024219940613737,0.8273057350463449,0.7741876963275733,0.8405282710248888,0.977221018573498,1.0935117172456343,0.9403646642940836,0.7546457434212618,1.0296394882362911,0.813076301951422,0.6830566266548682,0.7664145937717729,0.9353232931609888,0.0,0.9712627619103869,0.7819974319132953,1.027870714899053,1.0380823862438424,0.8050584831563233,1.2654308891215214,1.070180624087674,0.7454426195908549,0.8041783013774756,0.984501403640166,0.9581261021925096,0.6185009479918228,0.6633920229042463,0.7505631798847184,1.1711968343145622,0.8107354265954512,1.0312978842136709,0.801441929232243,1.1360141337094607,0.796535033081214,1.2165875445193175,0.6662402504888555
LK,0.8479662281394409,1.2771930501810669,0.9495659569394224,1.0218055951242604,0.8944245092563644,0.829721618548695,1.0261444692556492,1.0661455391724,0.919244475315041,0.9049819102715208,1.1828185164363172,0.9290041853898314,1.126264976075812,0.7892134262533089,1.3191114858481785,1.4729385263308978,0.940725953529594,0.8692203225071639,1.033858666904682,0.904413398850112,0.8306862660970395,0.8578961011901318,0.979325237013032,0.9712627619103869,0.0,0.8091611880932554,1.0406231151701693,1.1898097488852075,0.9541003155775114,1.45402361262713,1.0327705493626953,0.7979443633273373,0.8891478817988898,1.0770665820283194,1.4193147865784854,0.7700015217225007,0.8071036670528312,0.8599965694848346,1.290196151661231,0.8939080627955488,1.0289709442095571,1.001563803908886,1.3067887369876745,0.8752111657372512,1.3318259538938513,0.9057757284690192
MM,0.6640814994133953,1.1346807102522476,0.7819159752502187,0.7906189205224737,0.6769592882138353,0.6315194392014702,0.8322105525830426,0.9424710019248675,0.6789520385903276,0.691913984966743,1.0003022454725763,0.6580744550049714,0.9987525040710844,0.6231082287349977,1.1528490110742586,1.3401406058861056,0.7069428774869773,0.5715754215954654,0.8244647885163835,0.611023489910122,0.6045613407200605,0.5518644673975486,0.6694216061449964,0.7819974319132953,0.8091611880932554,0.0,0.8438219444394537,1.0461172998898518,0.8681949821196553,1.3312552921444116,0.964294744937748,0.5122006496682563,0.6361766141561513,0.9136499368991674,1.2963658660852433,0.5794787205001007,0.511270981095209,0.6785858853623182,1.063574854192586,0.6168980570537322,0.8139037182646596,0.7794179911177198,1.1673285864560246,0.5960339589428261,1.163073678209637,0.6345780221946122
MN,0.9447989464747478,1.3110810646138222,0.9521518331442502,0.968733336550451,0.9366044549055752,0.9458157347251984,1.0859960036679606,1.177023410046017,0.8439843506775686,0.879921735926654,1.2002273814542994,0.9287405580690378,1.190053618468871,0.917388989129349,1.3620861709178815,1.5272239437820032,0.8587714410251198,0.8354384798246729,1.0551373687796703,0.8897609088534993,0.9020446745363656,0.810039241420135,0.972673215870786,1.027870714899053,1.0406231151701693,0.8438219444394537,1.812804499357408e-07,1.2088648225915335,1.0871913682938488,1.5326774295850736,1.1351641441699334,0.8597230647390125,0.8983067756478953,1.1435438623480398,1.4710870222338408,0.8903564752753177,0.8517484525180015,0.93306710843761,1.32861007985422,0.8364923218037563,0.9868710203425756,0.9717351485560438,1.342489330805624,0.8219840901819031,1.3836681726851987,0.9152716356558712
MO,1.0685076305998868,1.349918250011913,1.0914743272216791,1.1495132282580265,1.1593988401394468,1.058853859809037,1.0188096640662003,1.2524302635901752,1.1135478615973506,1.0992906451053337,0.445396549101492,1.052088487706706,1.0429256083421947,1.1638640917115377,1.2920751778652062,1.391327433177184,1.034222488842787,0.9814262045763568,1.1792130902630555,0.8693024522108673,1.0784506061727996,1.010653863895521,1.0849540198905865,1.0380823862438424,1.1898097488852075,1.0461172998898518,1.2088648225915335,0.0,1.0562794045813773,1.307084317921222,1.2271067198894334,1.154818664989041,1.04405308602111,1.3028978706257448,1.3486853640574208,1.0375424177287804,1.0637436550960182,0.7477797023004628,1.1374248597606096,1.0594373990482415,1.258031095183436,1.160545792442753,0.6244499422684587,1.0119661662995816,1.1458830076540736,1.0839881470054582
MV,0.724078089009385,1.0318572996464768,0.9557921408609042,1.018781214882742,0.8490008857575831,0.706763180834247,0.853959225848513,1.012469788528462,1.0418914160380504,0.918744687710879,1.0394105536517204,0.926571325659875,0.9331416939471866,0.8374243026423603,1.1508276514900802,1.2573012637144183,1.0497692794563735,0.8896420285718103,1.0609523868251844,0.9206173975231776,0.7797832666637255,0.9212851988292716,1.028529892129059,0.8050584831563233,0.9541003155775114,0.8681949821196553,1.0871913682938488,1.0562794045813773,1.812804499357408e-07,1.285571141943554,0.9761831780512374,0.8319900989131893,0.8537678047539544,0.915474897193992,1.1583261642949658,0.6943146273471347,0.7604290694238344,0.7491013915192474,1.2138744588874146,0.929603674392508,1.1534746572970125,0.9738662504499022,1.1511405536679364,0.9365338218114342,1.2158501484407875,0.8654224784362815
MY,1.2863693949972934,1.460356209176274,1.4501345178155065,1.4446557261100084,1.4074729607148453,1.2842733367761094,0.8391201906668274,1.470247390595378,1.4915218689587266,1.4409949769979462,1.2940296134913478,1.256583013503188,1.3580518204069272,1.4015683893141906,1.4671722640034417,1.5509422423048924,1.4768429188932857,1.3577830699940092,1.4815817225841166,1.3103121023814526,1.314371441863721,1.376709343769569,1.4116021098309566,1.2654308891215214,1.45402361262713,1.3312552921444116,1.5326774295850736,1.307084317921222,1.285571141943554,0.0,1.4838705738573554,1.3648542532118315,1.357904834014282,1.4221296732253357,1.515010718420667,1.2726619500324516,1.302208270785256,1.150217654441266,1.488047242260231,1.3990600379116136,1.567688587127642,1.394980129918805,1.354678543279735,1.388808635599543,1.50628543332849,1.3558969877160827
NP,0.9027397096288804,1.2434174963754694,1.0631852789141292,1.1150675883960195,0.9608961308334414,0.9174649374127418,1.115203031101036,0.998828428634,1.0230718293622725,1.0212408243666136,1.2248656324040723,1.0278268044933156,1.1907912798381972,0.8348408301989947,1.3831891877834896,1.5250791244119686,1.049409397458109,1.0003464510430724,1.1168488461248691,1.0306102738599563,0.9511878007810328,1.006556082737191,1.1201924831996033,1.070180624087674,1.0327705493626953,0.964294744937748,1.1351641441699334,1.2271067198894334,0.9761831780512374,1.4838705738573554,0.0,0.9232766437587218,0.9655971133658244,1.09016647355218,1.4427973278982935,0.8242962156934529,0.916747388904454,0.9492339361443464,1.3770388843925447,1.0270271054251636,1.1221195367169083,1.1137636080265882,1.3387365575406864,1.0151357580270453,1.3339887619534376,1.0265251784916898
OM,0.4869192047543531,1.0621471252403984,0.7802795201226912,0.7604926852117044,0.5217075540001427,0.4382122507717226,0.8274259532002843,0.9731188338097416,0.5765767514154833,0.6627400474922073,1.122424111106667,0.6380069408498945,0.9803317087520428,0.4472733881221105,1.1116208852398606,1.2692770724015103,0.6517256306345391,0.6095054358890836,0.8755299060995206,0.6969427950433834,0.41710831314096,0.5578992810021034,0.7614118604764412,0.745442619590855,0.7979443633273373,0.5122006496682563,0.8597230647390125,1.154818664989041,0.8319900989131894,1.3648542532118315,0.9232766437587218,0.0,0.6174955315052174,0.7641368245101844,1.2460216336812084,0.3859041670899678,0.2996344734697888,0.7243832088319687,1.1994186943008405,0.5816293511015905,0.7265034742509422,0.7310484626553189,1.2851148413452036,0.5859788555151637,1.253301158108088,0.5515056628104477
PH,0.6838166323894943,1.162159222976541,0.813656367229481,0.8472859515174898,0.746031805437282,0.6931746922727644,0.8449449712218631,1.0131307014328688,0.6871079810440641,0.7100792981845858,1.0219264984591698,0.7077742949314528,0.9976807940751508,0.6769478050115496,1.196807879817574,1.3808003883622093,0.7162647773026433,0.7152686125049521,0.9111499916329152,0.7039211343708272,0.6496692773984024,0.680905441343125,0.8244610699923808,0.8041783013774756,0.8891478817988898,0.6361766141561513,0.8983067756478953,1.04405308602111,0.8537678047539544,1.357904834014282,0.9655971133658244,0.6174955315052174,1.0323827311807142e-07,0.95463820991715,1.303585395505892,0.6191804072001325,0.6002104156860244,0.6812224170684223,1.184010576043642,0.72042283610397,0.835436407410118,0.8162018176860175,1.1867910818186749,0.7040357968864936,1.2084833837894775,0.7267591038339637
PK,0.7127484185998506,0.9997070360948016,1.0643133336924644,1.062319459828739,0.8972042435383863,0.7626408254580134,1.0032955083610886,1.1610427956716065,1.0164369571361176,1.000815929069263,1.27636762170699,0.979038013943235,1.1516959363899673,0.8274945453757169,1.2519842267784842,1.4173178002131357,1.0561238144961562,0.9588984260239932,1.1482885377543937,1.008233609608701,0.8375869126655695,0.959566741555236,1.0845074430684627,0.984501403640166,1.0770665820283194,0.9136499368991674,1.1435438623480398,1.3028978706257448,0.915474897193992,1.4221296732253357,1.09016647355218,0.7641368245101843,0.95463820991715,1.0323827311807142e-07,1.3367969219298106,0.7808400021097535,0.7079639600973221,0.9693841009840568,1.380188784845283,0.9519346518126588,1.1219239696959007,1.0069985366674037,1.39507038398714,0.9711466552931488,1.411495758540516,0.9105984787219984
PS,1.1794630345774004,1.2465034315920314,1.3269376812151912,1.3084026914928586,1.3458243391097924,1.1192939459110192,1.218553886180754,1.425531865422747,1.4338886702573552,1.3158175242142736,1.3492120470119362,1.300478139293182,0.935014855114505,1.350388621281255,0.9750543234669344,0.9098933438708616,1.4328479306836603,1.2421383408358675,1.454613821363817,1.2936078631271968,1.0900157097765013,1.2797889918886038,1.4102343246726343,0.9581261021925096,1.4193147865784854,1.2963658660852433,1.4710870222338408,1.3486853640574208,1.1583261642949658,1.515010718420667,1.4427973278982935,1.2460216336812084,1.303585395505892,1.3367969219298106,4.214684851089404e-08,1.1407440811049738,1.1552745511466762,1.2103456080782389,1.5016385601048787,1.2975816891993697,1.513241594127883,1.1949108016414385,1.4097976694614498,1.2940429410165408,1.4722628906910775,1.066718692340866
QA,0.4073635665244777,0.9925632963953996,0.7634645554942969,0.7944803315937344,0.6149326444240696,0.3453071239569437,0.7453787276295246,0.9136075063632496,0.6945659621735016,0.6793472193216257,1.0253073136417168,0.6532986066333443,0.8558419326311674,0.4869376551407207,1.0570297931107275,1.1906266929876272,0.733722831453153,0.6123554993669403,0.8825048977304014,0.6877788127119376,0.4221925122292011,0.6066081929788127,0.8020200175083512,0.6185009479918228,0.7700015217225007,0.5794787205001007,0.8903564752753177,1.0375424177287804,0.6943146273471347,1.2726619500324516,0.8242962156934529,0.3859041670899675,0.6191804072001325,0.7808400021097535,1.1407440811049738,1.299053115707837e-07,0.3272457944624393,0.6266710921680244,1.146210278339168,0.6257316579012732,0.8216305505109283,0.7392353651439225,1.158999909869349,0.624790700736406,1.2090715441090356,0.546719809964495
SA,0.4126185461528968,0.968474428015048,0.7418787412920395,0.7321050838236007,0.5791298917826889,0.3895178751802245,0.7553636581554539,0.9432445406442314,0.5669120239416879,0.6362207967394435,1.036104727681033,0.5697667342756433,0.8991634376358091,0.4843099776798857,1.0407080701237188,1.218839519822528,0.6092179064612101,0.5448277899131214,0.8631562127408645,0.6334294067639218,0.3666713788194525,0.5116743349864104,0.7484957473668539,0.6633920229042463,0.8071036670528312,0.511270981095209,0.8517484525180015,1.0637436550960182,0.7604290694238344,1.302208270785256,0.916747388904454,0.2996344734697888,0.6002104156860244,0.7079639600973221,1.1552745511466762,0.3272457944624393,0.0,0.6497088060967451,1.1496342121313106,0.5309885236785508,0.7309076120563671,0.6871025341483852,1.1915137352515857,0.5342332585378933,1.230208278672542,0.44616944586849
SG,0.679967110980442,1.1086223748657098,0.7966120250955585,0.8601771184696764,0.7846479571702346,0.6717572359367965,0.6853720181060768,0.9498021456936352,0.7593095151605329,0.7498819367300146,0.7570989677632516,0.6654121721274783,0.8292007873098992,0.7443844587365138,1.1286837516927544,1.276396342185457,0.7095915291965201,0.6553842433636986,0.909966010590058,0.6079117551952944,0.6884732545340067,0.6571040660541552,0.8174491394582425,0.7505631798847184,0.8599965694848346,0.6785858853623182,0.93306710843761,0.7477797023004628,0.7491013915192474,1.150217654441266,0.9492339361443464,0.7243832088319687,0.6812224170684223,0.9693841009840568,1.2103456080782389,0.6266710921680244,0.6497088060967451,0.0,1.0546312872141874,0.7140142195413689,0.9236898511970818,0.8386486179341325,0.8822377928238495,0.6768041618324712,1.1157018197665576,0.7310552602368299
TH,1.186279328969274,1.449035515943303,1.251600612860443,1.2892060133177283,1.2489801570578194,1.1637648841688633,1.212353785426002,1.3282431769551388,1.265146672973891,1.2314242628173375,1.1130629006939794,1.1876234422840048,1.2635933384928997,1.232919120651902,1.4232576955534242,1.5271195520360168,1.2340524037731824,1.1261900548506492,1.2564935539621698,1.0628030052430113,1.1756134052255245,1.1490794767890082,0.6965844058905547,1.1711968343145622,1.290196151661231,1.063574854192586,1.32861007985422,1.1374248597606096,1.2138744588874146,1.488047242260231,1.3770388843925447,1.1994186943008405,1.184010576043642,1.380188784845283,1.5016385601048787,1.146210278339168,1.1496342121313106,1.0546312872141874,1.4901161193847656e-07,1.1824390205802562,1.3502502303277366,1.244374943784543,1.1776697125605498,1.149902562354564,1.3173929554406116,1.1913762452922123
TJ,0.7065737109379252,1.046099193281245,0.6474294669146055,0.6483498675072856,0.7320135295806399,0.6958151595513352,0.8846487267185782,1.0144475660676433,0.5484446535630548,0.615717709563617,1.0389273092291458,0.6533310226984774,0.9718229283146528,0.6694842513810237,1.1696172784184826,1.3735935147982414,0.5796750142656854,0.3239298862051515,0.8902854832689462,0.6522916486409346,0.6410704932820229,0.3179099687122403,0.7727728125009278,0.8107354265954512,0.8939080627955488,0.6168980570537322,0.8364923218037563,1.0594373990482415,0.9296036743925078,1.3990600379116134,1.0270271054251636,0.5816293511015905,0.72042283610397,0.9519346518126588,1.2975816891993697,0.6257316579012732,0.5309885236785508,0.7140142195413689,1.1824390205802562,0.0,0.692624589062626,0.7482322247786094,1.1968650439926785,0.2623952857480084,1.2814035621127626,0.5708319803980122
TM,0.9146927602859094,1.2957837252083635,0.9344531099311736,0.886224061939742,0.8807140107031564,0.9286961590569504,1.089801631511323,1.1697799903710993,0.5304992836266436,0.827499364712935,1.245719243668951,0.7900487214070115,1.2060477143524426,0.7777894506490036,1.3646249408499262,1.575069917893314,0.6005476288083395,0.7665404603553084,1.0296712390104523,0.8660724281323235,0.841162228793424,0.6861374231283716,0.9191851792283988,1.0312978842136709,1.0289709442095571,0.8139037182646596,0.9868710203425756,1.258031095183436,1.1534746572970125,1.567688587127642,1.1221195367169083,0.7265034742509422,0.835436407410118,1.1219239696959007,1.513241594127883,0.8216305505109283,0.7309076120563671,0.9236898511970818,1.3502502303277366,0.692624589062626,3.6500241499888574e-08,0.8940715520040404,1.3955292170672893,0.6748323146800754,1.4305938155250462,0.7575846177235546
TR,0.8097902448419446,1.1109020590753222,0.8840972248400959,0.747317499993474,0.8551269438367213,0.8073196988373099,0.9242484418772742,1.1156216377567914,0.7707169531410238,0.7922879330102542,1.1449941252154,0.8002740129097755,0.9928571552106356,0.8154653666156686,1.13446388525983,1.2979006938421678,0.7926352755715153,0.7327826215838927,1.030943058318432,0.7947064196657749,0.7305645468379489,0.7123552718674395,0.9057706225162964,0.801441929232243,1.001563803908886,0.7794179911177198,0.9717351485560438,1.160545792442753,0.9738662504499022,1.394980129918805,1.1137636080265882,0.7310484626553189,0.8162018176860175,1.0069985366674037,1.1949108016414385,0.7392353651439225,0.6871025341483852,0.8386486179341325,1.244374943784543,0.7482322247786094,0.8940715520040404,0.0,1.287362166838829,0.7268565116292114,1.3241689702600072,0.7098770069377883
TW,1.1842820220741168,1.421189253660294,1.2303960011857016,1.293747752317543,1.2794127425863353,1.1730470501445578,1.1466851300911605,1.3054263468230654,1.2782765267220664,1.2434681067405848,0.6209567918883936,1.1782583931047157,1.130705665297641,1.2837564736808869,1.3612672369582022,1.4444333617539893,1.2022004177355277,1.1166421877607853,1.300775895339072,0.9643428316184924,1.2107703335744018,1.1535794127429395,1.2038829961885884,1.1360141337094607,1.3067887369876745,1.1673285864560246,1.342489330805624,0.6244499422684587,1.1511405536679364,1.354678543279735,1.3387365575406864,1.2851148413452036,1.1867910818186749,1.39507038398714,1.4097976694614498,1.158999909869349,1.1915137352515857,0.8822377928238495,1.1776697125605498,1.1968650439926785,1.3955292170672893,1.287362166838829,1.837138534477048e-07,1.1464632857572263,1.1709905017630813,1.2131433916768088
UZ,0.7097291238703957,1.0935558244245476,0.625187287758986,0.6301246232303318,0.7234351030833955,0.6962910556039759,0.8799906107772099,1.0203696218744531,0.5296213593446996,0.596108277641054,0.9954161806683064,0.6479749226450187,0.956148494594945,0.6693271785754695,1.1574398879344354,1.3537534613396216,0.530760450339894,0.2783141217855284,0.8748721468432835,0.6202907259059338,0.6380598059446291,0.2634536217771264,0.7472450862730786,0.796535033081214,0.8752111657372512,0.5960339589428261,0.8219840901819031,1.0119661662995816,0.9365338218114342,1.388808635599543,1.0151357580270453,0.5859788555151637,0.7040357968864936,0.9711466552931488,1.2940429410165408,0.624790700736406,0.5342332585378933,0.6768041618324712,1.149902562354564,0.2623952857480084,0.6748323146800754,0.7268565116292114,1.1464632857572263,0.0,1.247155518020303,0.5735013154039026
VN,1.2316622687584369,1.454114033590457,1.3120014503827402,1.362366226643876,1.2989136965360182,1.2228064696677965,1.27190490182361,1.327030396738954,1.3372245591534886,1.2809226746495803,1.141025237932196,1.265666084093079,1.2424953686381333,1.2988661063100442,1.406255364638347,1.5353841286286862,1.3295072002170727,1.2148234442844836,1.320443085121806,1.1367090933474753,1.2478100358819448,1.2506332185622495,1.2587103909676296,1.2165875445193175,1.3318259538938513,1.163073678209637,1.3836681726851987,1.1458830076540736,1.2158501484407875,1.50628543332849,1.3339887619534376,1.2533011581080875,1.2084833837894775,1.411495758540516,1.4722628906910775,1.2090715441090356,1.230208278672542,1.1157018197665576,1.3173929554406116,1.2814035621127624,1.4305938155250462,1.3241689702600072,1.1709905017630813,1.247155518020303,8.429369702178808e-08,1.2540659132935708
YE,0.6670862768150666,0.9944911875429608,0.7800480858511826,0.7638474306635558,0.7336041058773228,0.6386603934560247,0.8390685468050236,0.998924988748184,0.6094612483936224,0.7009498300926854,1.070266944563401,0.6367416055362528,0.876727645875468,0.6741859843993845,1.0034278647172328,1.2247216917411852,0.6503591747310923,0.5877111473811462,0.9119188221019708,0.6924180433950335,0.5705606157891753,0.5621089341245952,0.8112060975277942,0.6662402504888553,0.9057757284690192,0.6345780221946122,0.9152716356558712,1.0839881470054582,0.8654224784362814,1.3558969877160825,1.0265251784916898,0.5515056628104477,0.7267591038339637,0.9105984787219984,1.066718692340866,0.546719809964495,0.44616944586849,0.7310552602368299,1.1913762452922123,0.5708319803980122,0.7575846177235546,0.7098770069377883,1.2131433916768088,0.5735013154039026,1.2540659132935708,1.0950072449966573e-07
