ISO_CODE,AD,AL,AT,BA,BE,BG,BY,CH,CY,CZ,DE,DK,EE,ES,FI,FO,FR,GB,GI,GR,HR,HU,IE,IM,IS,IT,LI,LT,LU,LV,MC,MD,ME,MK,MT,NL,NO,PL,PT,RO,RS,RU,SE,SI,SK,SM,UA
AD,0.0,0.6066265812088509,0.5243776822988422,0.8349251525753316,0.4825348664912899,1.1975205996668912,0.6089248895510507,0.4692164640663889,0.8552441297825115,0.5766736938390651,0.5009060907382241,0.5528361741229698,0.4983521547648307,0.5100695702906035,0.560432900406092,0.6012805014973027,0.4712354845891236,0.4938687512202479,0.884648906976516,0.974761434920542,0.9156158231305136,0.7271563998876592,0.7557376790897201,0.6402280126770502,0.5518752898995135,0.6470417300158702,0.9209318074350404,0.8650233878245082,0.4503752683425865,0.4942891187301667,0.9249509698407063,0.5192306481875991,0.6600039088057578,0.822905745880311,0.8532497196961862,0.5268579243935718,0.567836571662444,0.7197388106184247,0.6750173391048364,0.9981600337592992,0.7872466849841129,0.5782057531940589,0.5337149547689869,0.6642562597193197,0.7646558203913014,1.6787522133498245,0.556472484391553
AL,0.6066265812088509,0.0,0.5551346860269452,0.5764108903916095,0.5461743401569198,0.9954793406927388,0.7422754056140141,0.5648657812109227,0.6597144624796131,0.5544553978465555,0.5879088673542598,0.5774309264079174,0.5737554113196007,0.4677994042695864,0.6646226380941874,0.7811100491092775,0.6026879876401939,0.5325060356592497,0.984844081387328,0.7598047971588883,0.7080817789826628,0.6085740261543073,0.6625185417619409,0.7240074641409967,0.5991525935828358,0.4767074190250867,1.0424507475729086,0.7553077301360703,0.4972649806462861,0.5099534068498766,1.059643231804366,0.4605710038143322,0.4266733899371017,0.5640448068082438,0.7304178583182154,0.5463569557270241,0.6814768162317637,0.5686397944291566,0.6033249044773638,0.7808312020365317,0.5295955181661767,0.7067296024729728,0.6213781104076053,0.5484139853021262,0.6153816051500762,1.699806775698543,0.5193026487087983
AT,0.5243776822988422,0.5551346860269452,1.0106459234841569e-07,0.745691153045332,0.3256573393642061,1.1273638908607235,0.6348264254598069,0.317813468084648,0.7567037524275941,0.4473905862131279,0.2619656779039513,0.4331754587327681,0.4719104693704517,0.4004836127706113,0.4713655850332723,0.6371143337909909,0.3917991722043644,0.4182762428215456,0.9455345693997964,0.877374932777282,0.7825455140067125,0.5686338669492522,0.63674568826721,0.6452736763966025,0.5056534311945539,0.5381841624777546,0.9245252231174028,0.7448202295062767,0.3569988425053433,0.4292531721138862,1.0236989531244138,0.4641345070839341,0.6129072012421755,0.7409965192721513,0.7781994952927029,0.3777742819654042,0.4813787423897296,0.580193272393317,0.5905146838786729,0.9158245245457758,0.7131337155718934,0.5982204455357544,0.4064715046737345,0.5083458206220812,0.624336254534978,1.7110996987621905,0.4987394723413263
BA,0.8349251525753316,0.5764108903916095,0.745691153045332,8.940696716308595e-08,0.7714012449556266,0.8331434842679158,1.0158153584729783,0.8189236243152579,0.604422385424349,0.6389070956723076,0.8215098710831683,0.7672181251007457,0.7852135256467689,0.6237063103073789,0.902788979135178,1.0049326344411371,0.8597031350947849,0.6958576369980995,1.0516950403425904,0.6665613548366088,0.5405922300188712,0.5873632788185994,0.6261796962854143,0.8782032623905722,0.8221328397525268,0.5923630252640768,1.1225291784365776,0.660159831326683,0.7075952433762753,0.6660150135275827,1.18276295338566,0.6295640141687303,0.4493024107873805,0.4960891470707827,0.7144196188077482,0.7450698354166766,0.9142429545612082,0.5194658908869593,0.6193514826367611,0.6564386095058624,0.3862812883844874,0.977785797161166,0.811718113260597,0.5698909390452894,0.5858162324425557,1.6593639883378557,0.651143941294431
BE,0.4825348664912899,0.5461743401569198,0.3256573393642061,0.7714012449556266,0.0,1.163832571672384,0.532572402373452,0.2434127540992962,0.7883831573766574,0.472962029048269,0.3058695036892169,0.3710828758251109,0.4053123978092355,0.3992919577741247,0.3903422047986056,0.5899949876406743,0.3006395094341214,0.3973856980568889,0.9199899558855862,0.9227835750225312,0.8405210989345921,0.623615910553014,0.6651220343832995,0.6217064361493011,0.4666915684410614,0.5538229935207548,0.9555277325410698,0.7715034564805718,0.3044183730599249,0.3833448658073626,0.9923173577602972,0.4245837068345077,0.6071155594113985,0.7645559193335377,0.807250845513098,0.2659152521770277,0.4004366936507563,0.5879722707102831,0.6234875889635433,0.9537546636709312,0.7236367890685524,0.4960801888539504,0.3441130312120218,0.5656524026888732,0.6808166529400362,1.7377255207774307,0.4817502416705111
BG,1.1975205996668912,0.9954793406927388,1.1273638908607235,0.8331434842679158,1.163832571672384,0.0,1.4463666847719032,1.229635789449614,0.8572866588552508,0.987763792007015,1.2003464782374764,1.1398562653823137,1.2300421963361308,1.0137804303625235,1.3088656841866573,1.3363536529975282,1.2397419189082046,1.0796583527923216,1.2301024749972629,0.5944862008484675,0.7413541728210801,0.8246326170202845,0.9686566984292052,1.2237870124086845,1.2377244866763677,0.8964710832421539,1.329443385450275,0.9098496748101208,1.0960558583177913,1.1071648239812009,1.3503433472688795,1.093108322150909,0.9118831839926136,0.8000841077765031,0.9502866976205576,1.091382940617527,1.3152298623003034,0.8289798940148417,0.9059321540836034,0.6297218529339872,0.7648387832369468,1.3937165064723172,1.191359737152518,0.9370378308215914,0.8076281783942412,1.590484495379842,1.002736109790247
BY,0.6089248895510507,0.7422754056140141,0.6348264254598069,1.0158153584729783,0.532572402373452,1.4463666847719032,2.356080457693621e-08,0.4779621773706263,1.0848734999501717,0.6875798717516628,0.5270906896013089,0.6175978982685153,0.433551880705161,0.675780260836393,0.4816820447836287,0.6035280793719902,0.4523701384064378,0.60879833992122,1.1223054983152945,1.235321451625498,1.122819939854779,0.9258147690442744,0.9630307827804968,0.7535056950809854,0.5209810125634365,0.8824995840312885,1.1048355181753535,1.036736381668287,0.5693814588808893,0.5169506112433575,1.1183757239544003,0.5244647349734686,0.8337280404032688,1.0203621300495818,1.1015273655818734,0.6247297101260224,0.5024474591349758,0.8842615994631611,0.9393818470124934,1.2340822711122628,0.9730037789516224,0.1254972839835788,0.5427895822979464,0.8369969685002004,0.9302104586427846,1.9283562608015672,0.6044644514699836
CH,0.4692164640663889,0.5648657812109228,0.3178134680846482,0.8189236243152579,0.2434127540992964,1.229635789449614,0.4779621773706263,8.161702118890974e-08,0.8220272783307035,0.5067861709829448,0.278389074772818,0.417162151937026,0.3668302572288577,0.4277964425584374,0.3940358182157312,0.5670686186879716,0.3106057154490986,0.3835104025803427,0.9435553705601748,0.9861382448126722,0.897998632034248,0.6629032164795234,0.6968079591701094,0.6174749898692862,0.4263432870594815,0.5778459965776158,0.9368916294708156,0.8198390124285715,0.3290778368714953,0.3737170992531514,1.0031250212821976,0.427674226688336,0.6491045746314036,0.8088477318124492,0.8467583744110913,0.3691035763540184,0.39259340128113,0.6497157052837214,0.6679213550055557,1.015893305840875,0.7826435693678097,0.4477875867274291,0.3696609314891709,0.6123258608001191,0.7360299276156091,1.7577764557776228,0.4987146866410768
CY,0.8552441297825115,0.6597144624796131,0.7567037524275941,0.604422385424349,0.7883831573766574,0.8572866588552508,1.0848734999501717,0.8220272783307034,0.0,0.7105859531613666,0.87356036559217,0.8091666906393642,0.8502062537534848,0.61913026910714,0.939905569061104,1.0426856734593506,0.8859909785712778,0.7142379691041719,0.96700425278799,0.5590679880229977,0.6158147938640471,0.5815000815367349,0.5901353384128116,0.8720111626777112,0.8851241713461061,0.555974755772726,1.095534655885653,0.5545834673363776,0.7103998000167946,0.7393951657501571,1.1522928910419543,0.6711455593428524,0.5767982991514106,0.5584052914504584,0.5105131754257985,0.7585389019301612,0.9609349145203904,0.6251081183553576,0.5595143045470519,0.6832433724517422,0.5982851785602121,1.0440525417402464,0.871250812638921,0.6079428146900183,0.6207518534588624,1.5830280708015272,0.6946564207096502
CZ,0.5766736938390651,0.5544553978465555,0.4473905862131279,0.6389070956723076,0.472962029048269,0.987763792007015,0.6875798717516628,0.5067861709829447,0.7105859531613666,3.6500241499888574e-08,0.4750371806267828,0.4665211871963763,0.5019125374829957,0.4167985729746118,0.546131799718558,0.6714303856629451,0.4988201432017667,0.4208830612915045,0.928273025077322,0.7710798262135128,0.6741848428801883,0.4614988473734522,0.5870632536344388,0.6619088828334276,0.5392781244356697,0.5365333003096071,0.96488107274262,0.6714957066557181,0.4221867819092783,0.4236034371940352,1.0274195246774824,0.4416029059773827,0.5226787894704381,0.6778568166104538,0.7372452495912986,0.4654004949775402,0.5623854393141811,0.4998493437002638,0.5221943934576898,0.7842056046425709,0.5733080203609056,0.638241583038585,0.4580510685798911,0.4501452025101175,0.3994629048407336,1.6778518652627554,0.4121836546007332
DE,0.5009060907382241,0.5879088673542598,0.2619656779039513,0.8215098710831683,0.3058695036892169,1.2003464782374764,0.5270906896013089,0.278389074772818,0.87356036559217,0.4750371806267828,5.575503985246929e-08,0.4129019659337795,0.427237369153548,0.4304336586773106,0.3808742957650573,0.5772359819604629,0.3081847600543894,0.4274516474140426,0.9774051149416324,0.9655239743678308,0.8790681575549097,0.6540874820509847,0.7282035980675706,0.6729588420397938,0.4770777027910252,0.6135653971297504,0.9533434026923192,0.8512537936398415,0.3903001308690985,0.4265865983833184,1.0291451213271217,0.4884822643335688,0.6778984413235895,0.8286090099676097,0.8968672393239137,0.3620396706277118,0.4090204343645442,0.6463826683295346,0.6766110880001273,0.9936308922086472,0.7818020285142324,0.4864102641190032,0.3582931951623067,0.5928120215725119,0.7001176346436983,1.7690174205375535,0.5280111848726577
DK,0.5528361741229698,0.5774309264079174,0.4331754587327681,0.7672181251007457,0.3710828758251109,1.1398562653823137,0.6175978982685153,0.4171621519370259,0.8091666906393642,0.4665211871963763,0.4129019659337795,6.322027276634104e-08,0.4516965223512317,0.4633662681050525,0.3699397453459538,0.6235768338667728,0.4376561008473066,0.4631282545387553,0.9567550894701204,0.89617353633895,0.8195197315588723,0.6240429428178491,0.6937917258439343,0.6624568856911192,0.5386053586076679,0.5967369637005268,0.979829268403116,0.8055312115951109,0.4126341664493063,0.4183916568361334,1.034912040865987,0.4876847346154145,0.6189948479136435,0.7710862319853479,0.8390291472415089,0.3871609324916913,0.3588288569773015,0.5910695028812506,0.6449266396700194,0.9275599572523252,0.7105355002541712,0.5805043946848477,0.3368079247493564,0.566550503519802,0.6529432464857956,1.7366998271167795,0.4924752552683092
EE,0.4983521547648307,0.5737554113196006,0.4719104693704516,0.7852135256467689,0.4053123978092355,1.2300421963361308,0.433551880705161,0.3668302572288577,0.8502062537534847,0.5019125374829956,0.427237369153548,0.4516965223512315,8.296615425989065e-08,0.4924078273409131,0.4042894188661133,0.6108914981718397,0.3958889795308191,0.4347479155641384,0.9752159679607528,1.0115978952997056,0.9152554271972088,0.7095539531262858,0.7384458539747856,0.6265374830920075,0.4399031470773333,0.6572450671658305,0.9804666349690696,0.8183098663984923,0.3840716032340279,0.2959880994802071,1.0327469087710863,0.390108606285996,0.6190483867960638,0.800760770818629,0.8653336798476902,0.4610210513658943,0.4381175660536091,0.684768002578809,0.7083789543976527,1.0133498360153483,0.7518917810155753,0.4022519932226466,0.4133820450877412,0.621383883222031,0.7355985146998266,1.784209514305418,0.4707851753635502
ES,0.5100695702906035,0.4677994042695864,0.4004836127706113,0.6237063103073789,0.3992919577741247,1.0137804303625235,0.675780260836393,0.4277964425584373,0.61913026910714,0.4167985729746118,0.4304336586773106,0.4633662681050525,0.4924078273409132,0.0,0.5357610674197,0.6803151316779875,0.4476128399664907,0.4050560613692769,0.919709630174023,0.7351341857871299,0.679092168834116,0.5254763456045984,0.5711969886947762,0.6680230660622959,0.5262553640004823,0.4176234963616749,0.9753599243995016,0.6613217732767265,0.4003695897350488,0.3920101282303811,1.0172823272531664,0.4069076363695277,0.4950521193712027,0.642065186283231,0.6968973688448828,0.4020189803073579,0.5559899924296635,0.5100884083385172,0.4312283894231791,0.7947979802684524,0.5674070975214068,0.6291616736466218,0.4768214744556071,0.4416497074608119,0.5557775903524758,1.6566775993608374,0.4405914753871347
FI,0.560432900406092,0.6646226380941874,0.4713655850332725,0.902788979135178,0.3903422047986056,1.3088656841866573,0.4816820447836287,0.3940358182157312,0.939905569061104,0.5461317997185581,0.3808742957650573,0.3699397453459539,0.4042894188661133,0.5357610674197001,0.0,0.5920042408976145,0.3799829287053141,0.5263019371622304,1.0335207063835266,1.0677961642787686,0.9811054974090612,0.7625755200952448,0.8122761141691038,0.7267740061311067,0.4932485177808567,0.7404774403329406,1.0363416798647431,0.9264690483389108,0.4752600350497827,0.4478299068213702,1.0794096712762753,0.5351349740854833,0.7511764753423372,0.9224356979057764,0.9780526973502928,0.426600821392985,0.3061470172802815,0.7294363162778261,0.7650223454317852,1.09033269274737,0.8603104250789558,0.4452054851215631,0.3335671580416791,0.6738328275213862,0.7900364322552501,1.832208863244792,0.5645928386632887
FO,0.6012805014973027,0.7811100491092775,0.6371143337909909,1.0049326344411371,0.5899949876406743,1.3363536529975282,0.6035280793719902,0.5670686186879716,1.0426856734593506,0.6714303856629451,0.5772359819604629,0.6235768338667728,0.6108914981718397,0.6803151316779875,0.5920042408976145,1.021572142899192e-07,0.5393879090699747,0.5959287957039052,1.0327398707928688,1.113264373134611,1.055147938446666,0.8609738610923249,0.8982693753839699,0.7258311492052695,0.5509172482074741,0.8321607564871077,0.97685870768702,1.0362552526347506,0.6023652481248492,0.6274269358505877,0.999976936992926,0.6748137045982097,0.8607170880702435,1.0057439232651832,1.049746636980494,0.6416758958130715,0.5721445167164088,0.8399949206504281,0.85955435132947,1.1632838358958717,0.9444901698314954,0.5825920539662306,0.5755937194781167,0.8224607191484289,0.8828769108886455,1.7460795394365956,0.6729008261420241
FR,0.4712354845891236,0.6026879876401938,0.3917991722043643,0.8597031350947848,0.3006395094341216,1.2397419189082046,0.4523701384064378,0.3106057154490986,0.8859909785712777,0.4988201432017666,0.3081847600543894,0.4376561008473068,0.3958889795308191,0.4476128399664906,0.3799829287053141,0.5393879090699747,6.664001874625056e-08,0.4291015959871443,0.9712251587273468,0.9998941006156744,0.919590361637908,0.706683571068303,0.7585286051279099,0.6617484820028908,0.4357470539556132,0.6410054652729383,0.985881353694479,0.8620022078472608,0.3598219900530069,0.4099296216738364,0.9940990336327922,0.4685205487323378,0.6826570586624625,0.851052500581826,0.9037962722195844,0.4061243626773488,0.412710569442189,0.6750194545948657,0.6809683710432726,1.026882773075015,0.8008412457845393,0.4140313294487227,0.3872861863860414,0.619228641674646,0.7410667764120867,1.7795916864337094,0.5172950363915034
GB,0.4938687512202479,0.5325060356592497,0.4182762428215456,0.6958576369980995,0.3973856980568889,1.0796583527923216,0.60879833992122,0.3835104025803425,0.7142379691041719,0.4208830612915045,0.4274516474140426,0.4631282545387553,0.4347479155641385,0.4050560613692769,0.5263019371622305,0.5959287957039052,0.4291015959871444,0.0,0.8455499081666302,0.8437769564909307,0.7792351896458338,0.5422155051611749,0.4932981925722401,0.5362004410105365,0.4651534524076778,0.5429149008846251,0.9203906337877678,0.7210098535198298,0.354357407489284,0.3780103864553412,0.9685412124264788,0.401955508241649,0.5477278567178597,0.6957744048007696,0.7056257268818077,0.4353078651483222,0.5298555601118854,0.5697580687230436,0.5772918530943384,0.877678071069672,0.6624844971555698,0.5708911236287733,0.4552782351284737,0.5377214393422408,0.6089420328390591,1.6591416642822738,0.4310166654047483
GI,0.884648906976516,0.984844081387328,0.9455345693997964,1.0516950403425904,0.9199899558855862,1.2301024749972629,1.1223054983152945,0.9435553705601748,0.96700425278799,0.928273025077322,0.9774051149416324,0.9567550894701204,0.9752159679607528,0.919709630174023,1.0335207063835266,1.0327398707928688,0.9712251587273468,0.8455499081666302,0.0,1.0614763577348747,1.0619673422672309,0.9459303417735612,0.9096414470669556,0.9165950416565024,1.0225773096994757,0.9310890460489564,1.0880805923469647,1.0141136822088914,0.8708588438499321,0.9358428415216176,1.0338998322140929,0.932852283882818,0.956846022874716,1.0036658580307376,0.9229383375052288,0.9231365193762152,1.035184614545142,1.010587394607944,0.9660641583680972,1.11574528716165,1.026135461086261,1.0846466324873196,0.9815843598078636,0.955178281665157,1.0146010907355938,1.6037510935321029,0.9347782883666376
GR,0.974761434920542,0.7598047971588883,0.877374932777282,0.6665613548366088,0.9227835750225312,0.5944862008484675,1.235321451625498,0.9861382448126722,0.5590679880229977,0.7710798262135128,0.9655239743678308,0.89617353633895,1.0115978952997056,0.7351341857871299,1.0677961642787686,1.113264373134611,0.9998941006156744,0.8437769564909307,1.0614763577348747,0.0,0.5482007669626904,0.6159365458009479,0.7570713697709932,1.0108433393879184,1.0103305957357682,0.6203266817267725,1.1784700553908751,0.70384883288687,0.8659974982834179,0.8716690341959803,1.2028007868745891,0.8502958784262469,0.6987264768951614,0.6188937724174803,0.7193142531102856,0.8540083489468655,1.074648550570476,0.6414416818168265,0.6252685821558585,0.5361247055041387,0.5779377912928019,1.1839328866685637,0.9544056762944472,0.6769962804793117,0.6460591840678964,1.5629571349246385,0.7838801830621965
HR,0.9156158231305136,0.7080817789826628,0.7825455140067125,0.5405922300188712,0.8405210989345921,0.7413541728210801,1.122819939854779,0.897998632034248,0.6158147938640471,0.6741848428801883,0.8790681575549097,0.8195197315588723,0.9152554271972088,0.679092168834116,0.981105497409061,1.055147938446666,0.919590361637908,0.7792351896458338,1.0619673422672309,0.5482007669626904,0.0,0.5375995707936987,0.6884753446182639,0.9365477491128916,0.9075975886403628,0.6192258351911002,1.1303628616606112,0.6855521471798394,0.7768189076266753,0.7924456341340916,1.2092170223207162,0.7385032835035911,0.5758441673371201,0.577259680041804,0.7098496116390062,0.8010615604984948,0.9858002795787832,0.5639206772535236,0.6039898604082333,0.5669005169495922,0.4916726002332417,1.08470584113442,0.882430271892019,0.5498678587804784,0.556758939910526,1.599517047080128,0.7359619039337824
HU,0.7271563998876592,0.6085740261543073,0.5686338669492522,0.5873632788185994,0.623615910553014,0.8246326170202845,0.9258147690442744,0.6629032164795233,0.5815000815367349,0.4614988473734522,0.6540874820509847,0.6240429428178491,0.7095539531262858,0.5254763456045984,0.7625755200952448,0.8609738610923249,0.7066835710683032,0.5422155051611749,0.9459303417735612,0.6159365458009479,0.5375995707936987,8.429369702178808e-08,0.5253798151055804,0.7515756675423766,0.7243267868374854,0.5282796025316299,1.0043149741658737,0.599640819148452,0.5675962475994699,0.5816564711673679,1.0889232171273968,0.5846239115628469,0.5668096385123208,0.6015748811444249,0.6429257871472371,0.5996862422430869,0.7797071404148211,0.4665700325318448,0.5238659756793671,0.6625810492217321,0.5715136427561759,0.8801207283088098,0.6793632840798524,0.4618403863907191,0.4229719060429586,1.6187205677292391,0.5606362111578592
IE,0.7557376790897201,0.6625185417619409,0.63674568826721,0.6261796962854143,0.6651220343832995,0.9686566984292052,0.9630307827804968,0.6968079591701093,0.5901353384128116,0.5870632536344388,0.7282035980675706,0.6937917258439343,0.7384458539747857,0.5711969886947762,0.8122761141691038,0.8982693753839699,0.7585286051279099,0.4932981925722401,0.9096414470669556,0.7570713697709932,0.6884753446182639,0.5253798151055804,1.2644054553268208e-07,0.7290163187921891,0.7544195935314773,0.6053894258826851,1.0044674829062945,0.6491278304076015,0.5971719956634072,0.6503070796497963,1.0791864769117732,0.620612308927362,0.5892996824743696,0.6697137301866343,0.5676190839968942,0.6516339112748107,0.8387208110287412,0.5780675305836876,0.5491883149345491,0.7682887207926451,0.6494699236427907,0.9285739644455864,0.7526793207522939,0.5535666211541954,0.5849614163106246,1.5994682478851832,0.6357971690763273
IM,0.6402280126770502,0.7240074641409967,0.6452736763966025,0.8782032623905722,0.6217064361493011,1.2237870124086845,0.7535056950809854,0.6174749898692861,0.8720111626777112,0.6619088828334276,0.6729588420397938,0.6624568856911192,0.6265374830920075,0.6680230660622959,0.7267740061311068,0.7258311492052695,0.6617484820028907,0.5362004410105365,0.9165950416565024,1.0108433393879184,0.9365477491128916,0.7515756675423766,0.7290163187921891,6.989264130329236e-08,0.7038415330243647,0.7215236719628666,0.9393107812195493,0.8547573352120665,0.5546153176525013,0.6141336734441188,1.0119556831637957,0.5962762590468859,0.7152554606074604,0.8356666894145913,0.792771533848437,0.6811067957662408,0.7204373530592602,0.7876641500889309,0.7714350480039072,1.022286709871339,0.8510721637387744,0.7346962595389648,0.675441233509499,0.7451731470636797,0.7897374965517023,1.67727468444479,0.6368284712640015
IS,0.5518752898995135,0.5991525935828358,0.5056534311945539,0.8221328397525268,0.4666915684410614,1.2377244866763677,0.5209810125634365,0.4263432870594815,0.8851241713461061,0.5392781244356697,0.4770777027910252,0.5386053586076679,0.4399031470773333,0.5262553640004823,0.4932485177808567,0.5509172482074741,0.4357470539556132,0.4651534524076778,1.0225773096994757,1.0103305957357682,0.9075975886403628,0.7243267868374854,0.7544195935314773,0.7038415330243647,5.575503985246929e-08,0.6915189968941026,1.0018155002921338,0.8832587106444353,0.4608299620048073,0.4669609156436878,1.0408610961885394,0.5169670462796246,0.6849635735551496,0.846065845088382,0.9167828601671868,0.5189636829306925,0.4796226578030401,0.6818549858595416,0.7239923480447773,1.048054165696127,0.7751976692560306,0.493544504277356,0.4463402587755529,0.6652581683654755,0.7498607812226608,1.775917554561026,0.5537939477119735
IT,0.6470417300158702,0.4767074190250867,0.5381841624777546,0.5923630252640768,0.5538229935207548,0.8964710832421539,0.8824995840312885,0.5778459965776157,0.555974755772726,0.5365333003096071,0.6135653971297504,0.5967369637005268,0.6572450671658306,0.4176234963616749,0.7404774403329406,0.8321607564871077,0.6410054652729384,0.5429149008846251,0.9310890460489564,0.6203266817267725,0.6192258351911002,0.5282796025316299,0.6053894258826851,0.7215236719628666,0.6915189968941026,5.960464477539064e-08,0.980064820908491,0.627124625535965,0.5235875674213646,0.5501356227248027,1.029102910606176,0.5420567181005628,0.4868539640428587,0.5760349777592568,0.6160055734460049,0.5471773438045623,0.7406301431599239,0.4934221382369208,0.4601123973374889,0.6988357752878496,0.524925637590643,0.8363013737956625,0.6507419302274494,0.5106987235202274,0.5624343094278501,1.5386968265277872,0.5652106628015604
LI,0.9209318074350404,1.0424507475729086,0.9245252231174028,1.1225291784365776,0.9555277325410698,1.329443385450275,1.1048355181753535,0.9368916294708156,1.095534655885653,0.96488107274262,0.9533434026923192,0.979829268403116,0.9804666349690696,0.9753599243995016,1.0363416798647431,0.97685870768702,0.9858813536944792,0.9203906337877678,1.0880805923469647,1.1784700553908751,1.1303628616606112,1.0043149741658737,1.0044674829062945,0.9393107812195493,1.0018155002921338,0.980064820908491,4.214684851089404e-08,1.1004299733694112,0.9116807440001782,0.9705146062316484,1.1073404844836077,0.9771291350388605,1.043955072873425,1.1120311112179877,1.0486177407148785,0.9805283362999484,1.0301531332150802,1.0344190953343977,1.0115686484530793,1.199789500803765,1.1131902075740925,1.079406545176942,0.9914671786445304,1.0142161466116375,1.0352613421214647,1.619164076279211,0.986209789310194
LT,0.8650233878245082,0.7553077301360703,0.7448202295062767,0.660159831326683,0.7715034564805718,0.9098496748101208,1.036736381668287,0.8198390124285714,0.5545834673363776,0.6714957066557181,0.8512537936398415,0.8055312115951109,0.8183098663984925,0.6613217732767265,0.9264690483389108,1.0362552526347506,0.8620022078472609,0.7210098535198298,1.0141136822088914,0.70384883288687,0.6855521471798394,0.599640819148452,0.6491278304076015,0.8547573352120665,0.8832587106444353,0.627124625535965,1.1004299733694112,8.429369702178808e-08,0.7080472249230825,0.682371073082534,1.1726258625431571,0.6643291740431251,0.6519925171435197,0.6401185404214104,0.636020384611427,0.770792661102205,0.9518091393148372,0.6212755151821323,0.616489883920569,0.7632509641624388,0.6574218807761305,0.9943571517386072,0.8485662062530871,0.6191792515415714,0.6281176813868787,1.6386671222244769,0.6578712410771768
LU,0.4503752683425865,0.4972649806462861,0.3569988425053433,0.7075952433762753,0.3044183730599249,1.0960558583177913,0.5693814588808893,0.3290778368714951,0.7103998000167946,0.4221867819092783,0.3903001308690985,0.4126341664493063,0.3840716032340281,0.4003695897350488,0.4752600350497826,0.6023652481248492,0.3598219900530071,0.354357407489284,0.8708588438499321,0.8659974982834179,0.7768189076266753,0.5675962475994699,0.5971719956634072,0.5546153176525013,0.4608299620048073,0.5235875674213646,0.9116807440001782,0.7080472249230825,4.712160915387242e-08,0.3617649650174412,0.957239724960241,0.3644117423327748,0.5094970892174385,0.6879255741283749,0.7061434596531422,0.3822477687837569,0.4811342365852862,0.5691714566464401,0.5676783513230237,0.8846443725252348,0.6579933051077913,0.5339371694830569,0.4088839420156804,0.5143007055031741,0.6008694695121851,1.6882774596805197,0.425004404752564
LV,0.4942891187301667,0.5099534068498766,0.4292531721138862,0.666015013527583,0.3833448658073626,1.1071648239812006,0.5169506112433575,0.3737170992531513,0.7393951657501572,0.4236034371940352,0.4265865983833184,0.4183916568361334,0.2959880994802072,0.3920101282303811,0.4478299068213702,0.6274269358505877,0.4099296216738364,0.3780103864553412,0.9358428415216176,0.8716690341959802,0.7924456341340919,0.5816564711673679,0.6503070796497963,0.6141336734441188,0.4669609156436878,0.5501356227248027,0.9705146062316484,0.6823710730825339,0.3617649650174412,0.0,1.028715151531808,0.3145151064918933,0.5317618332804004,0.692137514441728,0.7916411206774813,0.427387533445996,0.4740330241204556,0.5607400248134977,0.6046791671012431,0.8915934776194075,0.6439165759832411,0.4745616497454283,0.4091603115467932,0.529965196134332,0.6368889911852619,1.727015883793044,0.3652555064023802
MC,0.9249509698407063,1.059643231804366,1.0236989531244138,1.18276295338566,0.9923173577602972,1.3503433472688795,1.1183757239544003,1.0031250212821976,1.1522928910419543,1.0274195246774824,1.0291451213271217,1.034912040865987,1.0327469087710863,1.0172823272531664,1.0794096712762753,0.999976936992926,0.9940990336327922,0.9685412124264788,1.0338998322140929,1.2028007868745891,1.2092170223207162,1.0889232171273968,1.0791864769117732,1.0119556831637957,1.0408610961885394,1.029102910606176,1.1073404844836077,1.1726258625431571,0.957239724960241,1.028715151531808,7.300048299977713e-08,1.0314695169737884,1.079308194651754,1.1496322475405008,1.126218920326228,1.017770719811668,1.0870039133163134,1.0968038601559655,1.07076005608672,1.2386475228788134,1.1447899728140731,1.0826372281840262,1.05316930227802,1.081322747079438,1.1037057715984593,1.6270212625440847,1.0367695093294966
MD,0.5192306481875991,0.4605710038143322,0.4641345070839341,0.6295640141687303,0.4245837068345077,1.093108322150909,0.5244647349734686,0.4276742266883359,0.6711455593428524,0.4416029059773827,0.4884822643335688,0.4876847346154145,0.3901086062859962,0.4069076363695277,0.5351349740854833,0.6748137045982097,0.4685205487323376,0.401955508241649,0.932852283882818,0.8502958784262469,0.7385032835035911,0.5846239115628469,0.620612308927362,0.5962762590468859,0.5169670462796246,0.5420567181005628,0.9771291350388605,0.6643291740431251,0.3644117423327748,0.3145151064918933,1.0314695169737884,0.0,0.4414316637192654,0.6371862185857979,0.7047004483687223,0.4773590461859524,0.5563247700307455,0.5516896753599264,0.597548178009418,0.8389996065781142,0.598068176068907,0.496833381069779,0.5029677445836526,0.4858716286532241,0.5978298471450246,1.7085295562815608,0.3318170104270217
ME,0.6600039088057578,0.4266733899371017,0.6129072012421755,0.4493024107873805,0.6071155594113985,0.9118831839926136,0.8337280404032688,0.6491045746314035,0.5767982991514106,0.5226787894704381,0.6778984413235895,0.6189948479136435,0.6190483867960639,0.4950521193712027,0.7511764753423371,0.8607170880702435,0.6826570586624625,0.5477278567178597,0.956846022874716,0.6987264768951614,0.5758441673371201,0.5668096385123208,0.5892996824743696,0.7152554606074604,0.6849635735551496,0.4868539640428587,1.043955072873425,0.6519925171435197,0.5094970892174385,0.5317618332804004,1.079308194651754,0.4414316637192654,1.548574096771071e-07,0.4336841696780087,0.61774094516793,0.594186263146456,0.7578870407704821,0.5066221952181297,0.5486155754597694,0.6739893186098418,0.3530922562704088,0.8008787604874965,0.6690394621540908,0.4884726400271738,0.539075254968164,1.6486365044589373,0.5041864104270118
MK,0.822905745880311,0.5640448068082438,0.7409965192721513,0.4960891470707827,0.7645559193335377,0.8000841077765031,1.0203621300495818,0.8088477318124492,0.5584052914504584,0.6778568166104538,0.8286090099676097,0.7710862319853479,0.8007607708186291,0.642065186283231,0.9224356979057764,1.0057439232651832,0.8510525005818261,0.6957744048007696,1.0036658580307376,0.6188937724174803,0.577259680041804,0.6015748811444249,0.6697137301866343,0.8356666894145913,0.846065845088382,0.5760349777592568,1.1120311112179877,0.6401185404214104,0.6879255741283749,0.6921375144417281,1.1496322475405008,0.6371862185857979,0.4336841696780087,0.0,0.6429796002249911,0.7274892282367835,0.9202451160369688,0.5830487469748843,0.6110533851174719,0.6326847856560965,0.4590473705797546,0.9825585318019616,0.8158853861125761,0.59895211358977,0.6178216318256976,1.6399079144322293,0.6187179433834779
MT,0.8532497196961862,0.7304178583182154,0.7781994952927029,0.7144196188077482,0.807250845513098,0.9502866976205576,1.1015273655818734,0.8467583744110911,0.5105131754257985,0.7372452495912986,0.8968672393239137,0.8390291472415089,0.8653336798476902,0.6968973688448828,0.9780526973502928,1.049746636980494,0.9037962722195844,0.7056257268818077,0.9229383375052288,0.7193142531102856,0.7098496116390062,0.6429257871472371,0.5676190839968942,0.7927715338484371,0.9167828601671868,0.6160055734460049,1.0486177407148785,0.636020384611427,0.7061434596531422,0.7916411206774812,1.126218920326228,0.7047004483687223,0.61774094516793,0.6429796002249911,0.0,0.79621053629666,0.9978662282069648,0.7151169578939596,0.6188249945263143,0.7579531578948047,0.693810867938844,1.0690761266720927,0.9115356011678508,0.6376181303565883,0.6701335689468234,1.5618471086826653,0.7524569881175955
NL,0.5268579243935718,0.5463569557270241,0.3777742819654042,0.7450698354166766,0.2659152521770277,1.091382940617527,0.6247297101260224,0.3691035763540182,0.7585389019301609,0.4654004949775402,0.3620396706277118,0.3871609324916913,0.4610210513658941,0.4020189803073579,0.4266008213929849,0.6416758958130715,0.4061243626773489,0.4353078651483222,0.9231365193762152,0.8540083489468656,0.8010615604984945,0.5996862422430869,0.6516339112748107,0.6811067957662408,0.5189636829306925,0.5471773438045623,0.9805283362999484,0.770792661102205,0.3822477687837569,0.427387533445996,1.017770719811668,0.4773590461859524,0.594186263146456,0.7274892282367835,0.7962105362966602,0.0,0.4528697956631267,0.5592188725965465,0.5874509088667028,0.8899672298194806,0.6841193666742045,0.5790965932924446,0.3647828543322087,0.5327503556714449,0.649358289362457,1.7173453668791936,0.4828785497066262
NO,0.567836571662444,0.6814768162317637,0.4813787423897296,0.9142429545612082,0.4004366936507563,1.3152298623003036,0.5024474591349758,0.39259340128113,0.9609349145203904,0.5623854393141811,0.4090204343645442,0.3588288569773015,0.4381175660536091,0.5559899924296635,0.3061470172802815,0.5721445167164088,0.412710569442189,0.5298555601118854,1.035184614545142,1.074648550570476,0.9858002795787832,0.7797071404148211,0.8387208110287412,0.7204373530592602,0.4796226578030401,0.7406301431599239,1.0301531332150802,0.9518091393148372,0.4811342365852862,0.4740330241204556,1.0870039133163134,0.5563247700307455,0.7578870407704821,0.9202451160369688,0.9978662282069648,0.4528697956631267,1.1250129990683125e-07,0.7429806869678386,0.781220042106104,1.1027763065510106,0.8594754852251119,0.4715750230057074,0.3093616417302067,0.7144808473632349,0.8098299787922916,1.834740005392983,0.5660923174766236
PL,0.7197388106184247,0.5686397944291566,0.580193272393317,0.5194658908869593,0.5879722707102831,0.8289798940148417,0.8842615994631611,0.6497157052837212,0.6251081183553576,0.4998493437002638,0.6463826683295346,0.5910695028812506,0.6847680025788091,0.5100884083385172,0.729436316277826,0.8399949206504281,0.6750194545948658,0.5697580687230436,1.010587394607944,0.6414416818168265,0.5639206772535236,0.4665700325318448,0.5780675305836876,0.7876641500889309,0.6818549858595416,0.4934221382369208,1.0344190953343977,0.6212755151821323,0.5691714566464401,0.5607400248134977,1.0968038601559655,0.5516896753599264,0.5066221952181297,0.5830487469748843,0.7151169578939596,0.5592188725965465,0.7429806869678386,0.0,0.5444986548047368,0.6464586359157279,0.4812891714203606,0.8407551051851595,0.6308420753427584,0.5090511175114804,0.4865886589863759,1.5996643247537965,0.5294163126825698
PT,0.6750173391048364,0.6033249044773638,0.5905146838786729,0.6193514826367611,0.6234875889635433,0.9059321540836034,0.9393818470124934,0.6679213550055556,0.5595143045470519,0.5221943934576898,0.6766110880001273,0.6449266396700194,0.7083789543976529,0.4312283894231791,0.7650223454317852,0.85955435132947,0.6809683710432727,0.5772918530943384,0.9660641583680972,0.6252685821558585,0.6039898604082333,0.5238659756793671,0.5491883149345491,0.7714350480039072,0.7239923480447773,0.4601123973374889,1.0115686484530793,0.616489883920569,0.5676783513230237,0.6046791671012431,1.07076005608672,0.597548178009418,0.5486155754597694,0.6110533851174719,0.6188249945263143,0.5874509088667028,0.781220042106104,0.5444986548047368,0.0,0.6842775632096795,0.5456427256066537,0.8956678568914117,0.6790510518179238,0.4713717064174753,0.5368248091679079,1.5955526341140531,0.5855502037615822
RO,0.998160033759299,0.7808312020365317,0.9158245245457758,0.6564386095058624,0.9537546636709312,0.6297218529339872,1.2340822711122628,1.015893305840875,0.6832433724517422,0.7842056046425709,0.9936308922086472,0.9275599572523252,1.0133498360153483,0.7947979802684524,1.09033269274737,1.1632838358958717,1.026882773075015,0.877678071069672,1.11574528716165,0.5361247055041387,0.5669005169495922,0.6625810492217321,0.7682887207926451,1.022286709871339,1.0480541656961269,0.6988357752878496,1.199789500803765,0.7632509641624388,0.8846443725252348,0.8915934776194074,1.2386475228788134,0.8389996065781142,0.6739893186098418,0.6326847856560965,0.7579531578948047,0.8899672298194808,1.1027763065510106,0.6464586359157279,0.6842775632096795,8.940696716308595e-08,0.5679507048442172,1.1891348874495289,0.9951323199017542,0.6913129944993048,0.6519152798895745,1.5976530150312067,0.8028041565489918
RS,0.7872466849841129,0.5295955181661767,0.7131337155718934,0.3862812883844874,0.7236367890685524,0.7648387832369468,0.9730037789516224,0.7826435693678095,0.5982851785602121,0.5733080203609056,0.7818020285142324,0.7105355002541712,0.7518917810155753,0.5674070975214068,0.8603104250789557,0.9444901698314954,0.8008412457845394,0.6624844971555698,1.026135461086261,0.5779377912928019,0.4916726002332417,0.5715136427561759,0.6494699236427907,0.8510721637387744,0.7751976692560306,0.524925637590643,1.1131902075740925,0.6574218807761305,0.6579933051077913,0.6439165759832411,1.1447899728140731,0.598068176068907,0.3530922562704088,0.4590473705797546,0.693810867938844,0.6841193666742045,0.8594754852251119,0.4812891714203606,0.5456427256066537,0.5679507048442172,1.1151007970493857e-07,0.9345943650565084,0.748660931546474,0.5317639656385343,0.5345752043038015,1.632193406855663,0.5847384690800973
RU,0.5782057531940589,0.7067296024729728,0.5982204455357544,0.977785797161166,0.4960801888539504,1.3937165064723172,0.1254972839835788,0.4477875867274291,1.0440525417402464,0.638241583038585,0.4864102641190032,0.5805043946848477,0.4022519932226466,0.6291616736466218,0.4452054851215631,0.5825920539662306,0.4140313294487227,0.5708911236287733,1.0846466324873196,1.1839328866685637,1.08470584113442,0.8801207283088098,0.9285739644455864,0.7346962595389648,0.493544504277356,0.8363013737956625,1.079406545176942,0.9943571517386072,0.5339371694830569,0.4745616497454283,1.0826372281840262,0.496833381069779,0.8008787604874965,0.9825585318019616,1.0690761266720927,0.5790965932924446,0.4715750230057074,0.8407551051851595,0.8956678568914117,1.1891348874495289,0.9345943650565084,6.143906154658886e-08,0.4940854932325383,0.7976511783852348,0.8837575837727238,1.8930499493821675,0.5565433398186036
SE,0.5337149547689869,0.6213781104076053,0.4064715046737345,0.811718113260597,0.3441130312120218,1.1913597371525182,0.5427895822979464,0.3696609314891709,0.871250812638921,0.4580510685798911,0.3582931951623067,0.3368079247493564,0.4133820450877412,0.4768214744556071,0.3335671580416791,0.5755937194781167,0.3872861863860414,0.4552782351284737,0.9815843598078636,0.9544056762944472,0.882430271892019,0.6793632840798524,0.7526793207522939,0.675441233509499,0.4463402587755529,0.6507419302274494,0.9914671786445304,0.8485662062530871,0.4088839420156804,0.4091603115467932,1.05316930227802,0.5029677445836526,0.6690394621540908,0.8158853861125761,0.9115356011678508,0.3647828543322087,0.3093616417302067,0.6308420753427584,0.6790510518179238,0.995132319901754,0.748660931546474,0.4940854932325383,7.300048299977713e-08,0.6326417534102835,0.6965214777025573,1.7805049564674391,0.4684785685538587
SI,0.6642562597193197,0.5484139853021262,0.5083458206220812,0.5698909390452894,0.5656524026888732,0.9370378308215914,0.8369969685002004,0.612325860800119,0.6079428146900183,0.4501452025101175,0.5928120215725119,0.566550503519802,0.6213838832220311,0.4416497074608119,0.6738328275213861,0.8224607191484289,0.6192286416746461,0.5377214393422408,0.955178281665157,0.6769962804793117,0.5498678587804784,0.4618403863907191,0.5535666211541954,0.7451731470636797,0.6652581683654755,0.5106987235202274,1.0142161466116375,0.6191792515415714,0.5143007055031741,0.529965196134332,1.081322747079438,0.4858716286532241,0.4884726400271738,0.59895211358977,0.6376181303565883,0.5327503556714449,0.7144808473632349,0.5090511175114804,0.4713717064174753,0.6913129944993048,0.5317639656385343,0.7976511783852348,0.6326417534102835,1.2818463544611077e-07,0.5016565718769963,1.6508882025069276,0.5152880805905219
SK,0.7646558203913014,0.6153816051500762,0.624336254534978,0.5858162324425557,0.6808166529400362,0.8076281783942412,0.9302104586427846,0.736029927615609,0.6207518534588624,0.3994629048407336,0.7001176346436983,0.6529432464857956,0.7355985146998267,0.5557775903524758,0.79003643225525,0.8828769108886455,0.7410667764120868,0.6089420328390591,1.0146010907355938,0.6460591840678964,0.556758939910526,0.4229719060429586,0.5849614163106246,0.7897374965517023,0.7498607812226608,0.5624343094278501,1.0352613421214647,0.6281176813868787,0.6008694695121851,0.6368889911852619,1.1037057715984593,0.5978298471450246,0.539075254968164,0.6178216318256976,0.6701335689468234,0.649358289362457,0.8098299787922916,0.4865886589863759,0.5368248091679079,0.6519152798895745,0.5345752043038015,0.8837575837727238,0.6965214777025573,0.5016565718769963,1.2644054553268208e-07,1.6257350835145306,0.5560544175565066
