ISO_CODE,AD,AL,AT,BA,BE,BG,BY,CH,CY,CZ,DE,DK,EE,ES,FI,FO,FR,GB,GI,GR,HR,HU,IE,IM,IS,IT,LI,LT,LU,LV,MC,MD,ME,MK,MT,NL,NO,PL,PT,RO,RS,RU,SE,SI,SK,SM,UA
AD,2.0018643884356814e-06,3.873513403017395,3.3515231504667056,4.116219569343251,3.12784528991186,3.775920769921973,3.969059219307674,3.132567162455989,3.785000282576845,3.4414129195584726,3.3483724421741936,3.46815762025874,3.3510115788159625,2.826950169886313,3.3960492520397043,4.192953973160108,3.2022320472045656,3.2548518336525154,4.7411856929096965,3.7065818991360446,3.999786821050327,3.548566987579388,3.8386318628096014,4.369491009202307,3.685750960440428,3.550241049943346,5.323261376775351,4.409188170241445,3.0450096315140125,3.405097950706699,4.89272325417499,3.568697193390787,3.8519957363196826,4.02367946524827,4.176269710022607,3.333519764937288,3.4358799573713417,3.4252153182825027,3.559674003526537,3.793922309877995,3.8095776727181687,3.8910869179810494,3.391278268290774,3.536097147067645,3.523118025906057,8.9985030508007,3.633915012596725
AL,3.873513403017395,0.0,3.3001667993868526,3.412044963203144,3.220440840318133,3.3505700030078325,3.8886081456784254,3.1504950112126915,3.424100199790173,3.375508708626848,3.2684077192071728,3.5547009777796394,3.322529007056325,3.350471678033528,3.467757431317616,4.513509027117674,3.323781815883911,3.324549493248259,5.264493637429971,3.171894532045205,3.539521259765426,3.382048525731066,3.87766214410306,4.70473918175259,3.8648499212466336,3.320265783007306,5.659347001376144,4.2557185823927535,3.253261470354953,3.250073223884748,5.279316690587379,3.221581001653562,3.1323579360781606,2.892205380019845,4.121182936800179,3.361263903981365,3.530272526223614,3.3669595730665973,3.8311735950920376,3.481922799762577,3.136999590026834,3.810359300409473,3.4498993549906967,3.2896329745485597,3.3337593490948008,9.258920596122437,3.3423416850884085
AT,3.3515231504667056,3.3001667993868526,6.307962682401158e-07,3.3103742933520985,2.2927480782422704,3.0184814309625603,3.3280879514436617,1.958879723042132,3.2176619206613863,2.405317915954772,1.835033890125617,2.6184414547735706,2.555947803480923,2.6128382033122195,2.559705249592636,3.9639818879833566,2.443165912653124,2.364404176718576,4.887820661533442,3.007396490076833,3.1602595101612425,2.5473288992333925,3.1728656707436773,4.231104585712175,3.1551591994753627,2.9481744707288264,5.044546807837978,3.851843625501071,2.4082313133305555,2.531013507286377,4.910152048777621,2.7981269888912186,3.1921634642112138,3.388382079794681,3.8422608935744487,2.4248806374682563,2.684967457764506,2.603189902512161,3.424798804562496,3.0556667955836008,2.9957060187410707,3.222208782052276,2.535452266584717,2.5471243792013016,2.4528988683431567,9.207198867879768,2.810262794701564
BA,4.116219569343251,3.412044963203144,3.3103742933520985,0.0,3.432142458811036,3.2808457049139923,4.045816330392422,3.391752670977364,3.586777492087677,3.334509036517248,3.462399139054837,3.663612719925896,3.5285784203182757,3.4702664175487947,3.617105455181415,4.708070706203491,3.5856206812884723,3.437226475000668,5.361200094706558,3.3740642422867992,2.714925305580926,3.3146720575366477,3.9085731015613976,4.786672074495316,4.107627448587767,3.6744904368213223,5.765715684610486,4.225206296891836,3.502873826487546,3.405365381744984,5.483807748743577,3.368466660139477,2.4059862264063443,2.9547065789083784,4.271219506615346,3.530165739858268,3.7153434355879633,3.442509032024572,3.988028410708468,3.5090645645933334,2.206028371366993,3.9876079064825385,3.531433927924014,2.85019711067138,3.275670648369553,9.364359421086217,3.391247484163884
BE,3.12784528991186,3.220440840318133,2.2927480782422704,3.432142458811036,0.0,2.9335183882091243,2.86489815790458,1.884761000409476,3.1985937322056555,2.2832801681548824,2.0198368670493667,2.400523236924402,2.138859996334356,2.3035994087006504,2.2042077334203283,3.747402364283386,1.6915643649637873,2.0846380585675304,4.878511391710581,2.9152935954014296,3.3358525511269583,2.6174052644133163,3.146274546049429,4.171247618894324,2.87372206083576,2.8496191003202407,5.286682904879313,3.8878498257681766,1.996830830336159,2.2301956031305745,4.710424742147252,2.5216638273818712,3.194724952787208,3.445737931008372,3.872170788531053,1.717257127504611,2.359497499884798,2.303476503351896,3.3014151298699264,2.922545373144895,2.9780297492986594,2.7294521733175885,2.19125606111362,2.6560089431670293,2.481909317193027,9.27539488137626,2.586579265131536
BG,3.775920769921973,3.3505700030078325,3.0184814309625603,3.2808457049139923,2.9335183882091243,0.0,3.737663983324264,2.9898454950540048,3.1492295056555624,2.8256934984314133,3.002552491565784,3.191987419848436,2.9925083342076744,3.030792314069969,3.1479751355022905,4.43900640442392,3.059468988663753,2.9152668808665108,5.060995784936196,2.696843324975541,3.18755582258515,2.728761990877282,3.5286775039519824,4.483299625125016,3.734754899039251,3.1805045526510565,5.559732386189146,3.8084262959948503,3.106071646955658,2.877887162410225,5.1243413957201,2.8930639828586857,3.252036454719707,3.021586660069129,3.917473560900387,2.9910924466101982,3.288361019369767,2.7827542804704,3.555472436234881,2.727001399640649,2.9611266392670945,3.624980595009986,3.127043050737417,2.944322452941653,2.7631710283794924,9.195921071200363,2.894038015301233
BY,3.969059219307674,3.8886081456784254,3.3280879514436617,4.045816330392422,2.86489815790458,3.7376639833242633,0.0,2.73772000522029,4.262756221206712,2.793870387724722,2.5733789197043544,3.369101801927483,2.280598799378502,3.1022804925680068,2.5527505433683,4.139280673902517,2.466055852856468,3.0312656258387296,5.9305173364718495,3.867380246813086,4.351580153603808,3.52398686242988,4.406067384338542,5.2273053267232905,3.388216847529113,4.009271042860319,5.953324223207631,4.818413256502658,3.447506064107667,2.5491132586920107,5.35263188476041,2.488383996292274,3.873398022165037,4.411453500991426,5.2145346333216125,2.778380442884308,3.0044793560598357,2.923392744261002,4.550670475547385,3.690608653705928,3.565164159629718,1.258523231639943,2.8162798026611777,3.668724582913506,3.3814386812713395,10.039554375769464,2.477464359472449
CH,3.132567162455989,3.1504950112126915,1.958879723042132,3.391752670977364,1.884761000409476,2.9898454950540048,2.73772000522029,9.757700886574328e-07,3.2846383926909817,2.211949252053657,1.6737440890050252,2.402762990215023,2.1179384955284437,2.300218518986102,2.155747939863436,3.6879179147199017,1.7792566921511832,2.0791561053316023,4.947463427018373,2.981417670669206,3.347254344211564,2.6205409301701894,3.202999051068285,4.284081556534727,2.769443730263596,2.8304620478015368,5.029011662641824,3.995879361131928,2.249366040274766,2.204981897157738,4.739780164577043,2.5185710369021903,3.1689980399762545,3.438880071901011,4.0119327452594025,2.039949889673501,2.310736896579223,2.335054632094584,3.3636566491525053,2.9987408800733197,2.9440922551076683,2.589243938467681,2.1404790096388187,2.6431830385008794,2.493607698771635,9.318167907202556,2.5530720170221928
CY,3.785000282576845,3.424100199790173,3.2176619206613863,3.586777492087677,3.1985937322056555,3.1492295056555624,4.262756221206712,3.2846383926909817,0.0,3.323010373242289,3.441449210876146,3.364557791034536,3.4046322421176063,3.3152680879860243,3.5190044185009177,4.588509039197983,3.4599775636727244,3.094461809936009,4.758350862401269,2.4491727579445763,3.339679835216958,3.12406960257046,3.296014496229848,4.1633540557196325,3.914381077372136,3.2155639191097065,5.510063934837942,3.764299703328248,3.076554984635064,3.265589353748224,5.1591487353537655,3.284456068083107,3.431903672354614,3.2492617091684446,3.3476977114230144,3.3484368085060754,3.5379888450279204,3.3039311356799974,3.46026996982575,3.3440618150839985,3.4023791689825758,4.190626063485792,3.4593438242428483,3.185701321184932,3.182207455460753,9.015680133015175,3.376409294853912
CZ,3.4414129195584726,3.375508708626848,2.405317915954772,3.334509036517248,2.2832801681548824,2.8256934984314133,2.793870387724722,2.211949252053657,3.323010373242289,1.6603932711105489e-06,2.1927008275233253,2.5231736685962503,2.250053559089221,2.523495672506686,2.2781934110074227,3.928758199482742,2.224516309671368,2.271939057424281,5.062823305427129,2.9395972101384222,3.2126669953231395,2.4209255633874918,3.2964287289023164,4.338427034339145,3.096387185084072,3.044026649683899,5.360179071202235,3.845827772921384,2.722407245126912,2.272799633756341,4.952666971169778,2.538426790672399,3.258435221844483,3.509551017768211,4.096718028347651,2.31451672899574,2.517706165847392,2.296947037702289,3.555918224147719,2.898134144630224,2.964402828294906,2.7592034220945254,2.3631678243663945,2.618309804876508,1.7002769040500718,9.3581376325594,2.40657449195626
DE,3.3483724421741936,3.2684077192071728,1.835033890125617,3.462399139054837,2.0198368670493667,3.002552491565784,2.5733789197043544,1.6737440890050252,3.441449210876146,2.1927008275233253,0.0,2.487357371967112,2.0124930691707026,2.3832389155120275,2.086354663080654,3.692182893756108,1.8171344220953372,2.203784641614143,5.115494223595854,3.036067842073828,3.464704860486536,2.6586677814605397,3.44249133530514,4.4672764195598536,2.8617163814448965,3.0246813146644813,5.20414808521869,4.1591992556698125,2.4393650607991733,2.215186075998505,4.897640800828643,2.510806482279701,3.2908522959618733,3.6094351473400654,4.249435799859824,1.9770347745001735,2.373897344499583,2.241919638962195,3.632163352569151,2.9838345951213547,3.007698180806339,2.3919378164945218,2.21936413146178,2.79515172774524,2.5409613712769388,9.446001328154557,2.5881831299196905
DK,3.46815762025874,3.5547009777796394,2.6184414547735706,3.663612719925896,2.400523236924402,3.191987419848436,3.369101801927483,2.402762990215023,3.364557791034536,2.5231736685962503,2.487357371967112,9.499417215889232e-07,2.4921964020173686,2.7640174984296686,2.3912763332934555,3.631471469993009,2.5533196966807465,2.371432529409184,4.931092568034397,3.166747704714902,3.4296194484469127,2.765805583112145,3.1753165395507894,4.102780002394291,3.06484047714008,3.196446237436057,5.380380673015707,3.8590427883467626,2.6704843119979444,2.579382071128519,5.008518396003632,2.917365749406692,3.52938830229848,3.684880039950098,3.910135443582728,2.436150316264735,2.195008982891961,2.714209841148989,3.613656551929012,3.218042760179978,3.3246444416025445,3.2376274492111827,2.0934794341839145,2.9162368564911407,2.710387861630146,9.33910341653246,2.8959790857931
EE,3.3510115788159625,3.322529007056325,2.555947803480923,3.5285784203182757,2.138859996334356,2.9925083342076744,2.280598799378502,2.1179384955284437,3.4046322421176063,2.250053559089221,2.0124930691707026,2.4921964020173686,1.5196262340524151e-06,2.50101010059172,1.7351220183322975,3.720491442066652,1.97914906386304,2.332074453278418,5.17353469525213,3.045496949111673,3.543569364802798,2.68940945955924,3.488200291198109,4.400266341060728,2.827406678236808,3.188770030964339,5.423091980319809,3.8743546089009766,2.6176123718800017,1.622550475769402,4.924074178639798,2.2405788118410634,3.2977037440540884,3.664275791042271,4.230512167353775,2.1071125221352163,2.31807388936651,2.278070832630501,3.711166632395392,3.004479665003457,3.035102346231614,2.1193754632176898,2.114899949102192,2.847289705753442,2.579733450173988,9.501171701268472,2.327420142868425
ES,2.826950169886313,3.350471678033528,2.6128382033122195,3.4702664175487947,2.3035994087006504,3.030792314069969,3.1022804925680063,2.300218518986102,3.3152680879860243,2.523495672506686,2.3832389155120275,2.7640174984296686,2.50101010059172,0.0,2.5220271135771437,3.958029048019103,2.2327301147157907,2.451223303960944,4.814332733202365,2.9802990162438645,3.407140274770105,2.795060517790493,3.294823012064722,4.427546717028913,3.131656493814862,2.8260289053094487,5.454925506040572,4.030790848804988,2.6737711080187485,2.521619070374114,4.9241363271701335,2.7487060493096718,3.3454838267294766,3.566318154736712,4.034279506093453,2.443490547093412,2.7482096118685058,2.549127708844158,3.1137410379396777,3.0509879023701902,3.0576371115688654,2.9457765333297528,2.474859221032641,2.792103733960144,2.7254773313896496,9.248599767021968,2.759758120447632
FI,3.3960492520397043,3.467757431317616,2.559705249592636,3.617105455181415,2.2042077334203283,3.1479751355022905,2.5527505433683,2.155747939863436,3.5190044185009177,2.2781934110074227,2.086354663080654,2.3912763332934555,1.7351220183322975,2.5220271135771437,1.1182822608526778e-06,3.7610490498091775,2.085815334958811,2.34148831785038,5.206766444068855,3.159680821214687,3.5629002834733625,2.748326862810417,3.479858878991906,4.430453409160847,2.898354779394693,3.258773666631703,5.472125368275502,4.072518404420134,2.7496490705110626,2.1305191954253178,4.976246021598089,2.53743674738033,3.437216312566398,3.794082278835219,4.297429574607606,2.139545229208588,2.2044875357351774,2.4356843762843923,3.767946527691337,3.1439535482198293,3.1812636768561138,2.404587955755466,1.9651439496401948,2.901001069748472,2.6476976688748715,9.532731278111951,2.5647939519347407
FO,4.192953973160108,4.513509027117674,3.9639818879833566,4.708070706203491,3.747402364283386,4.43900640442392,4.139280673902517,3.6879179147199017,4.588509039197983,3.928758199482742,3.692182893756108,3.631471469993009,3.720491442066652,3.958029048019103,3.7610490498091775,0.0,3.6839289216812783,3.7053296996032494,5.232247240740819,4.325183832939164,4.6834949329432565,4.196320436969682,4.430407410971724,4.934491426765497,3.467455399770229,4.376492757938072,5.65193020147508,5.219350401055625,3.938226429941208,3.913317994192088,5.274891860525481,4.114400471932081,4.515639504556516,4.767242000156627,5.044667411618071,3.809245385443112,3.742866013598891,3.940494037498977,4.659593318299948,4.452312868925185,4.342889961778558,4.048811758681952,3.703515628409146,4.208513653319788,4.132546793501521,9.276653542341345,4.197048505915106
FR,3.2022320472045656,3.323781815883911,2.443165912653124,3.5856206812884723,1.6915643649637873,3.059468988663753,2.466055852856468,1.7792566921511832,3.4599775636727244,2.224516309671368,1.8171344220953372,2.5533196966807465,1.97914906386304,2.2327301147157907,2.085815334958811,3.6839289216812783,0.0,2.165903553680102,5.1060723926716,3.051627674799285,3.5475019746482555,2.7339135082975337,3.4115616878012225,4.453777920282831,2.776934273796605,2.9419330176671417,5.416251951673633,4.193955882531093,2.3523687385921384,2.191964380987005,4.629277527600956,2.476217126906044,3.3213877430127288,3.679834179910576,4.2496694593955135,2.019497409309678,2.3712219273231887,2.2390603762431223,3.492036683586739,3.0162601924869423,3.0525202928875363,2.274665097643283,2.211923254727749,2.85513713173208,2.618168840446643,9.440482241987326,2.5297960855778783
GB,3.2548518336525154,3.324549493248259,2.364404176718576,3.437226475000668,2.0846380585675304,2.9152668808665108,3.031265625838729,2.0791561053316023,3.094461809936009,2.271939057424281,2.203784641614143,2.371432529409184,2.332074453278418,2.451223303960944,2.34148831785038,3.7053296996032494,2.165903553680102,0.0,4.513010964464219,2.8750926033792585,3.287606550544663,2.591372620224294,2.4120767566610377,3.659048824469223,2.8215170050243734,2.917231947293201,5.245127983596727,3.8441304030958,2.4881307722972044,2.359501019610476,4.758397203024953,2.67956835505389,3.276752620554202,3.471762782966167,3.610767791737779,2.179010068916301,2.3995222495684323,2.377030748862982,3.32469406406417,2.962824458666271,3.058524000706388,2.9660753965550244,2.205367864520696,2.696741650589757,2.521111651277445,9.184376103896344,2.642015526668641
GI,4.7411856929096965,5.264493637429971,4.887820661533442,5.361200094706558,4.87851139171058,5.060995784936196,5.9305173364718495,4.947463427018373,4.758350862401269,5.062823305427129,5.115494223595854,4.931092568034397,5.17353469525213,4.814332733202365,5.206766444068855,5.232247240740819,5.1060723926716,4.513010964464219,2.9053825394997457e-06,4.877556143718111,5.037406666121143,4.908002341222865,4.534821976979521,4.631598345096265,5.166602521483756,4.813733304253072,5.876962739550417,5.399326322679498,4.680265901189058,5.145792169312871,5.640090049525032,5.285476205572733,5.207771413492752,5.102686911053045,4.580797379161139,5.063568772420228,5.152428839321555,5.096064257441246,4.899929231701874,5.185427443988684,5.2355618100756764,5.874147554801465,5.094715072991548,4.924893836708622,5.014341121545867,8.765027388370692,5.315304828056413
GR,3.7065818991360446,3.171894532045205,3.007396490076833,3.3740642422867992,2.9152935954014296,2.696843324975541,3.8673802468130862,2.981417670669206,2.4491727579445763,2.9395972101384222,3.036067842073828,3.166747704714902,3.045496949111673,2.9802990162438645,3.159680821214687,4.325183832939164,3.051627674799285,2.8750926033792585,4.877556143718111,0.0,3.1380587304375074,2.813193101451479,3.303102196296841,4.349043697327232,3.612638417255391,2.9569399997106776,5.543623824238662,3.903862022304073,3.0295449949487083,2.9705320065700795,5.0746288580786745,3.0262487262198285,3.2281246417158,3.04387560172378,3.700178183988496,3.0084230885314085,3.322118101876819,2.8970691341926558,3.3741059869332,2.954935855626402,3.029569456579872,3.7755065791197366,3.159705172340229,2.967628456697965,2.8951058229875675,9.1114515762347,3.0717799945164197
HR,3.999786821050327,3.539521259765426,3.1602595101612425,2.714925305580926,3.3358525511269583,3.18755582258515,4.351580153603808,3.347254344211564,3.339679835216958,3.2126669953231395,3.464704860486536,3.4296194484469127,3.543569364802798,3.407140274770105,3.5629002834733625,4.6834949329432565,3.5475019746482555,3.287606550544663,5.037406666121143,3.1380587304375074,1.962432579178134e-06,3.036321150185073,3.476764899690157,4.507694009785599,3.976058067809345,3.363064164500839,5.665054212852498,3.948068754935012,3.3345158033381304,3.387495648996269,5.351991620350822,3.4414825057161007,2.92338892324142,3.0738395894650066,3.887935876468592,3.4789849053261475,3.631361545489733,3.3604392710003523,3.684955079829413,3.420014788912099,2.8461042712348568,4.288782562017792,3.5169112717730227,2.6706325723947555,3.0727848567477447,9.154384159116049,3.427875756718235
HU,3.548566987579388,3.382048525731066,2.5473288992333925,3.3146720575366477,2.6174052644133163,2.728761990877282,3.52398686242988,2.6205409301701894,3.12406960257046,2.4209255633874918,2.6586677814605397,2.765805583112145,2.68940945955924,2.795060517790493,2.748326862810417,4.196320436969682,2.7339135082975337,2.591372620224294,4.908002341222865,2.813193101451479,3.036321150185073,3.013425984326491e-06,3.2140870983632355,4.200358986951425,3.4352359047407623,3.004480811414406,5.367932454192212,3.695719236525884,2.8046510211801885,2.645008146709928,5.0072985727341965,2.780033382759642,3.241777870077399,3.2927942267225063,3.815003500681054,2.6757168466765555,2.9181080123246907,2.592194010991137,3.432159462250723,2.784354935961808,2.9884528966692243,3.4198274331699894,2.7853545594889977,2.6678891448925204,2.356963596282168,9.187833135781476,2.7425224895035254
IE,3.8386318628096014,3.87766214410306,3.1728656707436773,3.9085731015613976,3.146274546049429,3.5286775039519824,4.406067384338542,3.202999051068285,3.296014496229848,3.2964287289023164,3.44249133530514,3.1753165395507894,3.488200291198109,3.294823012064722,3.479858878991906,4.430407410971724,3.4115616878012225,2.4120767566610377,4.534821976979521,3.303102196296841,3.476764899690157,3.2140870983632355,3.071808511430055e-06,3.722255660234072,3.6166453204324345,3.3321321721651587,5.5047390629472,3.972620274020392,3.153150959010244,3.3766888011505123,5.193924915634249,3.618025895025519,3.762964098873645,3.716837480427191,3.407069152221633,3.3101607030854443,3.441068761772414,3.363222267400261,3.4875009843091007,3.628885960141587,3.682602448337608,4.337215244207616,3.31846966208256,3.238247117267797,3.2314766262664434,9.052939166786734,3.5852657597626627
IM,4.369491009202307,4.70473918175259,4.231104585712175,4.786672074495316,4.171247618894324,4.483299625125016,5.2273053267232905,4.284081556534727,4.1633540557196325,4.338427034339145,4.4672764195598536,4.102780002394292,4.400266341060728,4.427546717028913,4.430453409160847,4.934491426765497,4.453777920282831,3.659048824469223,4.631598345096265,4.349043697327232,4.507694009785599,4.200358986951425,3.722255660234072,3.216442480857859e-06,4.588668373974673,4.293991415074198,5.657916745993163,4.659401580008288,3.949637832551713,4.390546081372773,5.496253005363127,4.544618779486446,4.663989871115569,4.573886156785008,3.959383889451496,4.325211126725967,4.375374461480835,4.408199990677619,4.464022133040211,4.546867046817575,4.680469571355358,5.172794097711998,4.352437841905863,4.315261202422864,4.332231108566657,9.020768216977856,4.578399995655476
IS,3.685750960440428,3.8648499212466336,3.1551591994753627,4.107627448587767,2.87372206083576,3.734754899039251,3.388216847529113,2.769443730263596,3.914381077372136,3.096387185084072,2.8617163814448965,3.06484047714008,2.827406678236808,3.131656493814862,2.898354779394693,3.467455399770229,2.776934273796605,2.8215170050243734,5.166602521483756,3.612638417255391,3.976058067809345,3.4352359047407623,3.6166453204324345,4.588668373974673,2.636116074025152e-06,3.649156415768912,5.59646876061448,4.611568120797548,3.165284744146967,3.0586382734269617,5.127355165906839,3.3333374767883392,3.825008122809826,4.128695702292263,4.444063704533344,2.9431107659011158,2.968297041770648,3.0827708329321206,3.98671391257179,3.7510722925887854,3.6369793941825694,3.2965224561016986,2.859309840132201,3.437732630045362,3.341008824278597,9.490360403279658,3.3950289972810683
IT,3.550241049943346,3.320265783007306,2.9481744707288264,3.6744904368213223,2.8496191003202407,3.1805045526510565,4.009271042860319,2.8304620478015368,3.2155639191097065,3.044026649683899,3.0246813146644813,3.196446237436057,3.188770030964339,2.8260289053094487,3.258773666631703,4.376492757938072,2.9419330176671417,2.917231947293201,4.813733304253072,2.9569399997106776,3.363064164500839,3.004480811414406,3.3321321721651587,4.293991415074198,3.649156415768912,0.0,5.422898826747918,4.025611102960789,2.8833414363666363,3.11058552530311,4.927649357204041,3.276460140240921,3.454931856789512,3.4349886769334934,3.5447379201100047,3.042175683310873,3.350668310467241,2.9577202971410954,3.221378420040073,3.215123166863316,3.369531894413236,3.91057508141368,3.2338636110034904,3.0544193806183144,3.044964044358757,8.564326765595611,3.3193563812526
LI,5.323261376775351,5.659347001376144,5.044546807837978,5.765715684610486,5.286682904879313,5.559732386189146,5.953324223207631,5.029011662641824,5.510063934837942,5.360179071202235,5.20414808521869,5.380380673015707,5.423091980319809,5.454925506040572,5.472125368275502,5.65193020147508,5.416251951673633,5.245127983596727,5.876962739550417,5.543623824238662,5.665054212852498,5.367932454192212,5.5047390629472,5.657916745993163,5.59646876061448,5.422898826747918,1.664667134734266e-06,5.917392554084743,5.125709491436803,5.481421288304795,5.962036886691068,5.577073590941195,5.681659910995712,5.663132419723799,5.646481764470504,5.398664513009809,5.429728215412505,5.440311801527223,5.646767581612216,5.615852154156598,5.645867265381723,5.8773699273516575,5.430074869391109,5.362386505070857,5.370833134671418,9.046644434486948,5.607944175400638
LT,4.409188170241445,4.2557185823927535,3.851843625501071,4.225206296891836,3.8878498257681766,3.8084262959948503,4.818413256502658,3.995879361131928,3.764299703328248,3.845827772921384,4.1591992556698125,3.8590427883467626,3.8743546089009766,4.030790848804988,4.072518404420134,5.219350401055625,4.193955882531093,3.8441304030958,5.399326322679498,3.903862022304073,3.948068754935012,3.695719236525884,3.972620274020392,4.659401580008288,4.611568120797548,4.025611102960789,5.917392554084743,0.0,3.815447735917003,3.510470286703153,5.667711778145781,3.914979614898377,4.181347724084815,4.045581792858528,4.135323761037386,4.0257114995119645,4.078549246271728,3.966156365555914,4.210663991102915,4.001312719792049,4.117877459483589,4.764785862756123,3.999215678714637,3.781635381582353,3.682274974966087,9.32850315968082,3.830825988372856
LU,3.0450096315140125,3.253261470354953,2.4082313133305555,3.502873826487546,1.996830830336159,3.106071646955658,3.447506064107667,2.249366040274766,3.076554984635064,2.722407245126912,2.4393650607991733,2.6704843119979444,2.6176123718800017,2.6737711080187485,2.7496490705110626,3.938226429941208,2.3523687385921384,2.4881307722972044,4.680265901189058,3.0295449949487083,3.3345158033381304,2.8046510211801885,3.153150959010244,3.949637832551713,3.165284744146967,2.8833414363666363,5.125709491436803,3.815447735917003,0.0,2.6472760518499325,4.688155917646137,2.8089691234715377,3.1974201173578254,3.373879746945288,3.5232009363229064,2.4961847884355346,2.7882886099984754,2.715812135388525,2.9818442933118043,3.124137022305129,3.140265646221063,3.34976598292537,2.693567762719743,2.804921215080963,2.7640020707064736,9.077449932148744,2.9620853177732305
LV,3.405097950706699,3.250073223884748,2.531013507286377,3.405365381744984,2.2301956031305745,2.877887162410225,2.5491132586920107,2.204981897157738,3.265589353748224,2.272799633756341,2.215186075998505,2.579382071128519,1.622550475769402,2.521619070374114,2.1305191954253178,3.913317994192088,2.191964380987005,2.359501019610476,5.145792169312871,2.9705320065700795,3.387495648996269,2.645008146709928,3.3766888011505123,4.390546081372773,3.0586382734269617,3.11058552530311,5.481421288304795,3.510470286703153,2.6472760518499325,2.2381524271391137e-06,4.971552806536559,2.1589407949520987,3.1745362764410627,3.4858215670801704,4.120604203948391,2.213383350735722,2.4828770609342845,2.337800530381796,3.621812468914522,2.9140023096342804,2.9796542222249136,2.3785612235233398,2.2724309582889237,2.7457098197792917,2.491997088890406,9.469403025027892,2.1715406361521943
MC,4.89272325417499,5.279316690587379,4.910152048777621,5.483807748743577,4.710424742147252,5.1243413957201,5.35263188476041,4.739780164577043,5.1591487353537655,4.952666971169778,4.897640800828643,5.008518396003632,4.924074178639798,4.9241363271701335,4.976246021598089,5.274891860525481,4.629277527600956,4.758397203024953,5.640090049525032,5.0746288580786745,5.351991620350822,5.0072985727341965,5.193924915634249,5.496253005363127,5.127355165906839,4.927649357204041,5.962036886691068,5.667711778145781,4.688155917646137,4.971552806536559,0.0,5.054822261014714,5.2778495319564565,5.36517997223276,5.428501668258313,4.9002596365352025,5.056279634131406,4.979617238248692,5.167459037078636,5.167428382671576,5.225505674903375,5.27919929048449,4.96735726156957,5.057967543775549,5.023097156635754,8.974887352567876,5.105781150148211
MD,3.568697193390787,3.221581001653562,2.7981269888912186,3.368466660139477,2.5216638273818712,2.8930639828586857,2.4883839962922742,2.5185710369021903,3.284456068083107,2.538426790672399,2.510806482279701,2.917365749406692,2.2405788118410634,2.7487060493096718,2.53743674738033,4.114400471932081,2.476217126906044,2.67956835505389,5.285476205572733,3.0262487262198285,3.4414825057161007,2.780033382759642,3.618025895025519,4.544618779486446,3.3333374767883392,3.276460140240921,5.577073590941195,3.914979614898377,2.8089691234715377,2.1589407949520987,5.054822261014714,0.0,3.138807020452369,3.441262468921792,4.215825397069754,2.549298346183812,2.824267291123693,2.5646002843051217,3.774101105070348,2.6563527495971795,2.963027662648257,2.3845522347563204,2.6510041694514705,2.953858989650238,2.7192354745662803,9.49278829470922,2.0090434636826693
ME,3.8519957363196826,3.1323579360781606,3.1921634642112138,2.4059862264063443,3.194724952787208,3.252036454719707,3.873398022165037,3.1689980399762545,3.431903672354614,3.258435221844483,3.2908522959618733,3.52938830229848,3.2977037440540884,3.3454838267294766,3.437216312566398,4.515639504556516,3.3213877430127288,3.276752620554202,5.207771413492752,3.2281246417158,2.92338892324142,3.241777870077399,3.762964098873645,4.663989871115569,3.825008122809826,3.454931856789512,5.681659910995712,4.181347724084815,3.1974201173578254,3.1745362764410627,5.2778495319564565,3.138807020452369,0.0,2.7704761484874387,4.101916691839129,3.314089843666173,3.5397096216370967,3.2876885343412234,3.835420890931973,3.425332288691678,2.064788773708694,3.807849822334081,3.434905415731992,2.881449668648891,3.184668356146898,9.296938254669996,3.240560328080213
MK,4.02367946524827,2.892205380019845,3.388382079794681,2.9547065789083784,3.445737931008372,3.021586660069129,4.411453500991426,3.438880071901011,3.2492617091684446,3.509551017768211,3.6094351473400654,3.684880039950098,3.664275791042271,3.566318154736712,3.794082278835219,4.767242000156627,3.679834179910576,3.471762782966167,5.102686911053045,3.04387560172378,3.0738395894650066,3.2927942267225063,3.716837480427191,4.573886156785008,4.128695702292263,3.4349886769334934,5.663132419723799,4.045581792858528,3.373879746945288,3.4858215670801704,5.36517997223276,3.441262468921792,2.7704761484874387,2.606297863611632e-06,3.828248101728685,3.5846767913478663,3.794617539442685,3.4617617070493805,3.692429172798779,3.3805331252889954,2.7547139981933912,4.341117729114115,3.702654451579785,3.046604576349643,3.32330395612608,9.107584544996206,3.54083804055404
MT,4.176269710022607,4.121182936800179,3.842260893574448,4.271219506615346,3.872170788531052,3.917473560900387,5.2145346333216125,4.011932745259402,3.3476977114230144,4.096718028347651,4.249435799859824,3.9101354435827287,4.230512167353775,4.034279506093453,4.297429574607606,5.044667411618071,4.2496694593955135,3.610767791737779,4.580797379161139,3.700178183988496,3.887935876468592,3.815003500681054,3.407069152221633,3.959383889451496,4.444063704533344,3.5447379201100047,5.646481764470504,4.135323761037386,3.5232009363229064,4.120604203948391,5.428501668258313,4.215825397069754,4.101916691839129,3.828248101728685,0.0,4.084895134020819,4.221813797887164,4.049169419906093,3.738109962559263,4.01037649373861,4.168806805355078,5.158486512549766,4.153705278378631,3.760368332509917,3.8820429603016735,8.830743765805037,4.310314842746382
NL,3.333519764937288,3.361263903981365,2.4248806374682563,3.530165739858268,1.717257127504611,2.9910924466101982,2.778380442884308,2.039949889673501,3.3484368085060754,2.31451672899574,1.9770347745001735,2.436150316264735,2.1071125221352163,2.443490547093412,2.139545229208588,3.809245385443112,2.019497409309678,2.179010068916301,5.063568772420228,3.0084230885314085,3.4789849053261475,2.6757168466765555,3.3101607030854443,4.325211126725967,2.9431107659011158,3.042175683310873,5.398664513009809,4.0257114995119645,2.4961847884355346,2.213383350735722,4.9002596365352025,2.549298346183812,3.314089843666173,3.5846767913478663,4.084895134020819,0.0,2.3077768946262798,2.274248567806049,3.545745624224125,2.953682312444282,3.073948366747385,2.611969504760552,2.1529038762381854,2.784746688523789,2.568938003512867,9.432895302813922,2.6145701435467266
NO,3.4358799573713417,3.530272526223614,2.684967457764506,3.7153434355879633,2.359497499884798,3.288361019369767,3.0044793560598357,2.310736896579223,3.5379888450279204,2.517706165847392,2.373897344499583,2.195008982891961,2.31807388936651,2.7482096118685058,2.2044875357351774,3.742866013598891,2.3712219273231887,2.3995222495684323,5.152428839321555,3.322118101876819,3.631361545489733,2.9181080123246907,3.441068761772414,4.375374461480835,2.968297041770648,3.350668310467241,5.429728215412505,4.078549246271728,2.7882886099984754,2.4828770609342845,5.056279634131406,2.824267291123693,3.5397096216370967,3.794617539442685,4.221813797887164,2.3077768946262798,0.0,2.617805237479479,3.755929402399724,3.2631019222852884,3.3148001966742773,2.835335506330282,1.9593153003611297,2.999933244226673,2.777042922916282,9.499349983803036,2.774628240995729
PL,3.4252153182825027,3.3669595730665973,2.603189902512161,3.442509032024572,2.303476503351896,2.7827542804704,2.9233927442610024,2.335054632094584,3.3039311356799974,2.296947037702289,2.241919638962195,2.714209841148989,2.278070832630501,2.549127708844158,2.4356843762843923,3.940494037498977,2.2390603762431223,2.377030748862982,5.096064257441246,2.8970691341926558,3.3604392710003523,2.592194010991137,3.363222267400261,4.408199990677619,3.0827708329321206,2.9577202971410954,5.440311801527223,3.966156365555914,2.715812135388525,2.337800530381796,4.979617238248692,2.5646002843051217,3.2876885343412234,3.4617617070493805,4.049169419906093,2.274248567806049,2.617805237479479,0.0,3.438253051393786,2.796163846033388,2.9955448897484134,2.770510708460758,2.5042394725611645,2.781493938732639,2.472791184307018,9.321568245129978,2.548071657608313
PT,3.559674003526537,3.8311735950920376,3.424798804562496,3.988028410708468,3.3014151298699264,3.555472436234881,4.550670475547385,3.3636566491525053,3.46026996982575,3.555918224147719,3.632163352569151,3.613656551929012,3.711166632395392,3.1137410379396777,3.767946527691337,4.659593318299948,3.492036683586739,3.32469406406417,4.899929231701874,3.3741059869332,3.684955079829413,3.432159462250723,3.4875009843091007,4.464022133040211,3.98671391257179,3.221378420040073,5.646767581612216,4.210663991102915,2.9818442933118043,3.621812468914522,5.167459037078636,3.774101105070348,3.835420890931973,3.692429172798779,3.738109962559263,3.545745624224125,3.755929402399724,3.438253051393786,0.0,3.6076501035987087,3.7644913023926,4.470624830348784,3.683295360639676,3.438198991502692,3.4538028391443105,8.986126058197835,3.7843034988953432
RO,3.793922309877995,3.481922799762577,3.0556667955836008,3.5090645645933334,2.922545373144895,2.727001399640649,3.690608653705928,2.9987408800733197,3.3440618150839985,2.898134144630224,2.9838345951213547,3.218042760179978,3.004479665003457,3.0509879023701902,3.1439535482198293,4.452312868925185,3.0162601924869423,2.962824458666271,5.185427443988684,2.954935855626402,3.420014788912099,2.784354935961808,3.628885960141587,4.546867046817575,3.7510722925887854,3.215123166863316,5.615852154156598,4.001312719792049,3.124137022305129,2.9140023096342804,5.167428382671576,2.6563527495971795,3.425332288691678,3.3805331252889954,4.010376493738609,2.953682312444282,3.2631019222852884,2.796163846033388,3.6076501035987087,0.0,3.152320892871893,3.5679148255854245,3.1456737496266545,3.06643711541732,2.8365945479542463,9.240122641239214,3.038046596412133
RS,3.8095776727181687,3.136999590026834,2.9957060187410707,2.206028371366993,2.9780297492986594,2.9611266392670945,3.5651641596297186,2.9440922551076683,3.4023791689825758,2.964402828294906,3.007698180806339,3.3246444416025445,3.035102346231614,3.0576371115688654,3.1812636768561138,4.342889961778558,3.0525202928875363,3.058524000706388,5.2355618100756764,3.029569456579872,2.846104271234857,2.9884528966692243,3.682602448337608,4.680469571355358,3.6369793941825694,3.369531894413236,5.645867265381723,4.117877459483589,3.140265646221063,2.9796542222249136,5.225505674903375,2.963027662648257,2.064788773708694,2.754713998193392,4.168806805355079,3.073948366747385,3.3148001966742773,2.9955448897484134,3.7644913023926,3.152320892871893,0.0,3.4408124142799514,3.0907861418034903,2.6455104369351155,2.9101342812034927,9.3125180339539,3.0072031701064423
RU,3.8910869179810494,3.810359300409473,3.222208782052276,3.9876079064825385,2.7294521733175885,3.624980595009986,1.258523231639943,2.589243938467681,4.190626063485792,2.7592034220945254,2.3919378164945218,3.2376274492111827,2.1193754632176898,2.9457765333297528,2.404587955755466,4.048811758681952,2.274665097643283,2.9660753965550244,5.874147554801465,3.7755065791197366,4.288782562017792,3.4198274331699894,4.337215244207616,5.172794097711998,3.2965224561016986,3.91057508141368,5.8773699273516575,4.764785862756123,3.34976598292537,2.3785612235233398,5.27919929048449,2.3845522347563204,3.807849822334081,4.341117729114115,5.158486512549766,2.611969504760552,2.835335506330282,2.770510708460758,4.470624830348784,3.5679148255854245,3.4408124142799514,9.647854600094942e-07,2.608639581688258,3.5361662458029564,3.2688442203478,9.984740433190648,2.3567555815980614
SE,3.391278268290774,3.4498993549906967,2.535452266584717,3.531433927924014,2.19125606111362,3.127043050737417,2.8162798026611777,2.1404790096388187,3.4593438242428483,2.3631678243663945,2.21936413146178,2.0934794341839145,2.114899949102192,2.474859221032641,1.9651439496401948,3.703515628409146,2.211923254727749,2.205367864520696,5.094715072991548,3.159705172340229,3.5169112717730227,2.7853545594889977,3.31846966208256,4.352437841905863,2.859309840132201,3.2338636110034904,5.430074869391109,3.999215678714637,2.693567762719743,2.2724309582889237,4.96735726156957,2.6510041694514705,3.434905415731992,3.702654451579785,4.153705278378631,2.1529038762381854,1.9593153003611297,2.5042394725611645,3.683295360639676,3.1456737496266545,3.0907861418034903,2.608639581688258,2.252393201314352e-06,2.783980522332157,2.655005241177743,9.457897075482494,2.5859605197826574
SI,3.536097147067645,3.2896329745485597,2.5471243792013016,2.85019711067138,2.6560089431670293,2.944322452941653,3.668724582913506,2.6431830385008794,3.185701321184932,2.618309804876508,2.79515172774524,2.9162368564911407,2.847289705753442,2.792103733960144,2.901001069748472,4.208513653319788,2.85513713173208,2.696741650589757,4.924893836708622,2.967628456697965,2.6706325723947555,2.6678891448925204,3.238247117267797,4.315261202422864,3.437732630045362,3.0544193806183144,5.362386505070857,3.781635381582353,2.804921215080963,2.7457098197792917,5.057967543775549,2.953858989650238,2.881449668648891,3.046604576349643,3.760368332509917,2.784746688523789,2.999933244226673,2.781493938732639,3.438198991502692,3.06643711541732,2.6455104369351155,3.5361662458029564,2.783980522332157,0.0,2.5224085821432616,9.09754392980457,2.9686433234188985
SK,3.523118025906057,3.3337593490948008,2.4528988683431567,3.275670648369553,2.481909317193027,2.7631710283794924,3.38143868127134,2.493607698771635,3.182207455460753,1.7002769040500718,2.5409613712769388,2.710387861630146,2.579733450173988,2.7254773313896496,2.6476976688748715,4.132546793501521,2.618168840446643,2.521111651277445,5.014341121545866,2.8951058229875675,3.0727848567477447,2.356963596282168,3.2314766262664434,4.332231108566657,3.341008824278597,3.044964044358757,5.370833134671418,3.682274974966088,2.7640020707064736,2.491997088890406,5.023097156635754,2.7192354745662803,3.184668356146898,3.32330395612608,3.882042960301674,2.568938003512867,2.777042922916282,2.472791184307018,3.4538028391443105,2.8365945479542463,2.9101342812034927,3.2688442203478,2.655005241177743,2.5224085821432616,2.11743350843568e-06,9.271844306071143,2.61440086094877
SM,8.9985030508007,9.258920596122437,9.207198867879768,9.364359421086217,9.27539488137626,9.195921071200363,10.039554375769464,9.318167907202556,9.015680133015175,9.3581376325594,9.446001328154557,9.33910341653246,9.501171701268472,9.248599767021968,9.532731278111951,9.276653542341345,9.440482241987326,9.184376103896344,8.765027388370692,9.1114515762347,9.154384159116049,9.187833135781476,9.052939166786734,9.020768216977856,9.490360403279658,8.564326765595611,9.046644434486948,9.32850315968082,9.077449932148744,9.46940302502789,8.974887352567876,9.49278829470922,9.296938254669996,9.107584544996206,8.830743765805037,9.432895302813922,9.499349983803036,9.321568245129978,8.986126058197835,9.240122641239214,9.3125180339539,9.984740433190648,9.457897075482496,9.09754392980457,9.271844306071143,0.0,9.529350780009844
