ISO_CODE,AO,BF,BI,BJ,BW,CD,CF,CG,CI,CM,CV,DJ,DZ,EG,ER,ET,GA,GH,GM,GN,GQ,GW,KE,KM,LR,LS,LY,MA,MG,ML,MR,MU,MW,MZ,NA,NE,NG,RE,RW,SC,SL,SN,SO,SS,ST,SZ,TD,TG,TN,TZ,UG,YT,ZA,ZM,ZW
AO,0.0,0.5769681940508019,0.4553530450345064,0.4601243139260851,0.8042549099996247,0.4499947172057696,0.4866452398096121,0.4541338790472921,0.5676319753464443,0.4986240590078626,0.5366894335037249,0.4933479645539597,0.6355450181257879,0.8529073478667245,0.6608225029209787,0.4928220208056693,0.4543721293425913,0.5292193273634468,0.4836381296470916,0.4941178003388714,0.6123099417316095,0.5215170062380045,0.5850228769230444,0.5779325407128394,0.4721922763608536,0.4877695376092673,0.8592165895716148,0.7387248912805633,0.5158130635032054,0.5062786428261646,0.4977591262061066,0.8847273855294991,0.4719425969524412,0.3909751279792768,0.5568913391169706,0.4830477399259016,0.5036843467132579,0.7339038540001157,0.4878636991464511,0.7380531318027695,0.7046509492949835,0.498209446750641,0.5377291228602789,0.5755389127551722,0.4917438072198827,0.5246541342271438,0.5297224063566648,0.4557869044005537,0.96098584845645,0.5463416762957983,0.5316415111470333,0.5643446519082882,0.4824630973094646,0.5158276893164624,0.4872505089890686
BF,0.5769681940508019,0.0,0.4269679218420898,0.3934605880496851,0.7903353789851905,0.4112275133472383,0.473495531827223,0.4132819984309075,0.3911891278984372,0.4325733136941701,0.6521395953288399,0.4656919062848051,0.5678160941122842,0.8261436018065395,0.6783545865456212,0.4821829060752906,0.3777264824817791,0.4980960000621033,0.4599250279319797,0.3717869867898363,0.61696340018442,0.541991068686781,0.5096890617062779,0.5650360989052314,0.4434255850444287,0.4645831769740355,0.7512215660699139,0.6528627638362047,0.4799600905169207,0.3785934996637761,0.4110042495920358,0.8368849459065423,0.4890170837958936,0.4871281235750051,0.4845374287059644,0.3637261494638577,0.452175480215843,0.7072516018516731,0.4735005064345695,0.6871306832827114,0.7043113490137367,0.4107746578367302,0.4573595583623296,0.5510368369744942,0.5668516196989111,0.5022010772840927,0.5354190314971362,0.4195772634896533,0.9029554154692332,0.5124218778782482,0.4800195554843889,0.5445432997227874,0.4501607564696977,0.471604989828651,0.4459379603298623
BI,0.4553530450345064,0.4269679218420898,9.8843121241194e-08,0.2579159468711033,0.8138520368581097,0.2178285259141306,0.248727734455167,0.2275535025581777,0.4594456026475473,0.3682381908189805,0.6117287437108085,0.3114134180367624,0.5814514865934126,0.8626107872538094,0.5130949698974477,0.3058902893646246,0.2831661033869613,0.4239242413852813,0.2977358146007832,0.332514238456405,0.4646970632041144,0.3454892228484765,0.5048727434821695,0.389337601480436,0.2648493338137972,0.3614155211585326,0.856275551011907,0.6763760002820027,0.3735825553320509,0.3366143426610971,0.303429834181318,0.9144611629390252,0.3136768909286807,0.3737203977247036,0.4963832548209714,0.2867945511194538,0.38200888422904,0.7213539840596555,0.2803001086053149,0.7004496902742338,0.6024323377735828,0.4045932603504403,0.3755727008229806,0.4308753300549984,0.3802006604126109,0.3888597225705688,0.3669926287261846,0.2211654127695315,0.9700956692906062,0.4053163156593634,0.4303599394978799,0.4393140155163817,0.3846918015122663,0.4353423062280799,0.372196395999687
BJ,0.4601243139260851,0.3934605880496851,0.2579159468711033,2.1073424255447017e-08,0.8589507678286673,0.2216670278089944,0.2676308451243785,0.252439920286632,0.377596184994655,0.3661126902077705,0.62077918912419,0.285868240485177,0.5395699357430991,0.8245487133688051,0.4494990419967318,0.2878730720381589,0.2444168711193899,0.4184312466077238,0.2836765332234994,0.3591159306468151,0.4070741603542212,0.3095733984207109,0.4571804507314588,0.3292755264533089,0.3421421016379989,0.3469739361425715,0.8422029223064335,0.6370038465677822,0.442247685026356,0.2984250282497346,0.267966701859202,0.9155777807241272,0.2775895537885259,0.3875558258871893,0.5005064998022931,0.2542308062786869,0.3351055322186608,0.7071494728771001,0.242265896476383,0.7170251239547073,0.679913002457787,0.3169334623823419,0.4103168326165762,0.4955491223017655,0.36291863885294,0.337492673548143,0.3051834678968123,0.1808758222737337,0.9458112814580892,0.3914510532425201,0.4726960691588474,0.3822037920362282,0.3117045947199124,0.445107244539031,0.3498309895084261
BW,0.8042549099996247,0.7903353789851905,0.8138520368581097,0.8589507678286673,0.0,0.8179124820777935,0.8842350096247963,0.8084684580622782,0.797051678417519,0.7426240680307866,0.7809480323446687,0.8927408898153714,0.8225783653667756,0.9284051061746912,1.1457980142905078,0.8694130485231681,0.7803799891341647,0.6204241013454932,0.8586686009183254,0.7242599971616278,1.0791988688285508,1.0176923635771973,0.7099677752904009,1.064156324200962,0.717005305437182,0.6838114301072737,0.7979853904596902,0.8924261534389412,0.6823256772307607,0.8112856108228199,0.8840259460214995,0.72053203679141,0.8258721441650737,0.71879364453701,0.5927502269436207,0.838557739668143,0.6985824882253641,0.83314717950335,0.8898969067572865,0.7160236410663189,0.6364300449200212,0.8466123155405393,0.7486453679632668,0.667061340369463,0.985670809921078,0.7742963452535137,1.0057282703787318,0.8729779779048951,0.9264240708097938,0.8009454178514287,0.5763376671991234,0.9732188653876463,0.7773121794762741,0.5627361063626055,0.7177786263781171
CD,0.4499947172057696,0.4112275133472383,0.2178285259141306,0.2216670278089944,0.8179124820777935,1.2818463544611077e-07,0.2618162143014088,0.185712020064842,0.4321795315765638,0.3470367867397417,0.6019573754069591,0.3088200371003328,0.586491617730915,0.8717908178505946,0.4899495210936225,0.2956432767209312,0.2477784602895287,0.4195373743432182,0.2952203196445129,0.3318059057644222,0.4439868561071078,0.3400132579255895,0.5021138432608122,0.3727111391773076,0.3006270217223558,0.3378976807884951,0.8540588739211689,0.6830391295567133,0.3926781359073674,0.3170239638148981,0.2980976477879954,0.9257715200959952,0.2908808436200131,0.3557998904650264,0.4831730418155855,0.2895896521288694,0.3721413225597758,0.737398173923741,0.2714489826801678,0.7154047338047911,0.6156793810018317,0.3833222115093975,0.4012770885497541,0.4469307065509915,0.3797904148723066,0.3471327011929164,0.3334446041046299,0.199169331536517,0.9787550641453002,0.3687275775661021,0.4450438973806029,0.4279940800391202,0.366837141985106,0.4214960415834498,0.3438234100839286
CF,0.4866452398096121,0.473495531827223,0.248727734455167,0.2676308451243785,0.8842350096247963,0.2618162143014088,9.8843121241194e-08,0.279775581759292,0.4865657201211854,0.4157597346832209,0.6464483879377971,0.3113442686854172,0.6031052627591633,0.8661898612772372,0.4545922425790497,0.3018878310206687,0.3217268095939302,0.4740438681474319,0.3018532894354991,0.4055885492996929,0.4151855541210139,0.3156241118489616,0.5329278181995072,0.340027507023418,0.3437588115612081,0.3825822709365588,0.890197526463346,0.6959807944941648,0.4296709133488559,0.3785276887388218,0.3062981108409026,0.9589579366400404,0.3259994186588479,0.4202978321548489,0.5500726172151386,0.3147751934318636,0.4088698740711643,0.7518951449745048,0.2861312972843529,0.73955711450208,0.6579963478161505,0.4115356453821728,0.4233239059176104,0.4753273580682089,0.3533037600365605,0.3916089883508465,0.3232259278798929,0.2338209690327703,0.9943571983298386,0.4171632345302658,0.5033046197152381,0.4153094966341866,0.4006867244607268,0.4962475641164874,0.3930339686234698
CG,0.4541338790472921,0.4132819984309075,0.2275535025581777,0.252439920286632,0.8084684580622782,0.185712020064842,0.279775581759292,0.0,0.4385547690331904,0.35850978217364,0.6038929627994092,0.3142135562416895,0.5848786375264703,0.8604710581173354,0.526026495516273,0.3404116191037339,0.2431609986177385,0.4339533543887342,0.3099243196537205,0.2970132352024812,0.4668007825617409,0.3619041867454979,0.5229156092884256,0.3983978253255304,0.3106776302751581,0.3654329892472907,0.8431028134347417,0.6725140680733703,0.3857966745321292,0.3057096823905497,0.3140508653498988,0.9094254915431984,0.3239720068492848,0.3851516245372228,0.4928295146233507,0.2848565741873672,0.391759078240083,0.7117404866185769,0.3101646094331911,0.703882067454582,0.6111185167749235,0.3645471052505997,0.4077387939602093,0.4591027833136398,0.4013858608398832,0.3843154986490748,0.3556969440719548,0.2139793451146967,0.9623009388381764,0.4207825212629507,0.4528280253888539,0.434598940693595,0.3896272736791564,0.4304994530625092,0.3735771817915377
CI,0.5676319753464443,0.3911891278984372,0.4594456026475473,0.377596184994655,0.797051678417519,0.4321795315765638,0.4865657201211854,0.4385547690331904,1.3160349229466688e-07,0.4010156672127589,0.636715226351856,0.480020440783832,0.5566463680108747,0.8149894379720184,0.671442095855243,0.4762954929472758,0.4054312612315466,0.4552615508569604,0.4717562872517772,0.4209356979660268,0.6170123280012609,0.5496329454095974,0.492801625407843,0.5688186636831248,0.4531739919620991,0.47112499364374,0.7824937721124046,0.5932514189045383,0.5176346821391181,0.3523789331824855,0.4443843902077579,0.8226653325133864,0.4745248586376677,0.4734771702111382,0.5061579610080148,0.4213798688057513,0.4236812373215182,0.6880506291587238,0.467534001133032,0.6835740829337569,0.7281718963894382,0.3281185601303542,0.48372855562604,0.5801935444088326,0.5692697457882178,0.4987641913688019,0.5518862805942774,0.4394984149517686,0.8545797332474906,0.5100851804970812,0.4736267045533499,0.5371987097520613,0.4156871816207404,0.4681984887540558,0.4455539472100338
CM,0.4986240590078626,0.4325733136941701,0.3682381908189805,0.3661126902077705,0.7426240680307866,0.3470367867397417,0.4157597346832209,0.35850978217364,0.4010156672127589,0.0,0.606040754692089,0.4295853783796231,0.5705835040142566,0.8220292542453765,0.6320330338101922,0.4093720960952909,0.3251506190587401,0.4034828913791424,0.4149568333657764,0.3386138548405576,0.5725806632992128,0.5006112723265321,0.4771899978323364,0.5348358200888833,0.3720564069578472,0.4089397077776925,0.7772380420776818,0.6630751095832644,0.4359685397541524,0.4024223973917901,0.4013124757773612,0.8458685364486103,0.4252467920078655,0.3986078950073611,0.4840987565381554,0.3797617931795139,0.3789550824465942,0.6740554450789902,0.4033492925943127,0.6741638473818539,0.6337972850740199,0.4280386289206105,0.418178497153569,0.4798401871158571,0.5077114843249101,0.4490289314249213,0.5141918726328195,0.3759144286082491,0.9212203155770016,0.4588152937732083,0.4374423016125335,0.5043705211792112,0.400122278406448,0.3896610544695286,0.3894164818077674
CV,0.5366894335037249,0.6521395953288399,0.6117287437108085,0.62077918912419,0.7809480323446687,0.6019573754069591,0.6464483879377971,0.6038929627994092,0.636715226351856,0.606040754692089,0.0,0.6278462989996482,0.6903138910833522,0.8727720085721188,0.8312546998999851,0.6520819774780263,0.5762726841506011,0.6182558335003348,0.6329955879868083,0.5896488132330356,0.7802238758200775,0.70059156090592,0.6533385796684658,0.7457497362453186,0.5974291568650598,0.5963307260314469,0.8298275992102159,0.7731470934394372,0.6320631059391678,0.6198636314295526,0.6406608221832526,0.8198447746391535,0.622312761670051,0.5367092004246856,0.575296427816701,0.6143366204206707,0.6084248153208501,0.7392590478630615,0.6469631189494801,0.7082006567419213,0.7694033148439986,0.6368853287988676,0.6279702649632104,0.6556601114693483,0.6641787462247891,0.6328581977642647,0.7127225544087183,0.6266258916518532,0.9430945137472037,0.6825074121214534,0.6016415807743136,0.6875050930706622,0.5706675098364931,0.5786426796603709,0.5964659363956238
DJ,0.4933479645539597,0.4656919062848051,0.3114134180367624,0.285868240485177,0.8927408898153714,0.3088200371003328,0.3113442686854172,0.3142135562416895,0.480020440783832,0.4295853783796231,0.6278462989996482,4.712160915387242e-08,0.5439119046546727,0.8374256913833523,0.454967930240068,0.2945465748927363,0.3178298535675956,0.4987627917943831,0.2531260910965673,0.3847779089649942,0.4037088583393536,0.2981707716142521,0.5099818121646609,0.2950141305082701,0.3911483048260802,0.3936036642428988,0.865369017477383,0.6513046541451678,0.4786774027137598,0.3487299485156903,0.2645437862541501,0.8982481331432158,0.3123419130595332,0.4272590316468923,0.5255989294692772,0.2705610517959059,0.4167615392903173,0.6883230097128937,0.2543649689250325,0.6853006531563693,0.7146701198357316,0.3630498719406647,0.3800370111888754,0.5210381527723712,0.3859062325171939,0.3914996716095326,0.2806518855912628,0.2473325163185231,0.9519913370359456,0.4281488939476772,0.5243144914000074,0.3244841323713335,0.33080669056413,0.5096302241649443,0.3924968159897742
DZ,0.6355450181257879,0.5678160941122842,0.5814514865934126,0.5395699357430991,0.8225783653667756,0.586491617730915,0.6031052627591633,0.5848786375264703,0.5566463680108747,0.5705835040142566,0.6903138910833522,0.5439119046546727,0.0,0.6418783102211897,0.7750901721338297,0.5798918683373803,0.5200025167582605,0.5660522470430511,0.5662274082009016,0.5393834797077384,0.7169200087284331,0.6566735866079735,0.5140548666456161,0.6740087922608676,0.5691241120855561,0.5569227311216659,0.6688490256113473,0.5489846732867579,0.6191167732695425,0.5285883037564513,0.5115205820321743,0.7751203337625142,0.5818508791329478,0.5585797391104217,0.5691202109218851,0.5362275251830373,0.5121267495793014,0.6667736966722894,0.589577388888039,0.7031925817979618,0.7955668252839116,0.5253632336218516,0.5326509024842941,0.6434774000325395,0.6702780472980373,0.5877094934367574,0.6408491941126601,0.5722699373661043,0.7250616740444671,0.612092705828412,0.5814321061176977,0.6084488851492175,0.4814393739596078,0.5604942490923472,0.5571350053359563
EG,0.8529073478667245,0.8261436018065395,0.8626107872538094,0.8245487133688051,0.9284051061746912,0.8717908178505946,0.8661898612772372,0.8604710581173354,0.8149894379720184,0.8220292542453765,0.8727720085721188,0.8374256913833523,0.6418783102211897,8.429369702178808e-08,1.0398590613344414,0.8625173175805265,0.8026008885465193,0.7821274832256504,0.8476096722327884,0.8029425840788899,0.984346234562503,0.9384092959925372,0.7315490449761195,0.960305442467682,0.8358505711209838,0.8076271851832855,0.6984729903906703,0.7682856537496895,0.8518398065912269,0.8204933527250104,0.8111146808439166,0.8371678791752912,0.8440028480862135,0.7974308012720487,0.7767389882004615,0.8214053366196344,0.7519498896050494,0.8167470289734128,0.8713029098793135,0.8431600342945205,0.9731636865361348,0.794072541520621,0.7970852485904939,0.8700941573244503,0.9388492029926178,0.8274909151897589,0.9208971983680684,0.8561818886665343,0.7947900893290929,0.869687964365579,0.8002771443867368,0.8775842222409849,0.7380169659571882,0.7644978203805521,0.8163607135247204
ER,0.6608225029209787,0.6783545865456211,0.5130949698974477,0.4494990419967319,1.1457980142905078,0.4899495210936224,0.4545922425790495,0.5260264955162731,0.671442095855243,0.6320330338101923,0.8312546998999851,0.4549679302400681,0.7750901721338297,1.0398590613344414,3.6500241499888574e-08,0.4150051551764871,0.5409448323950944,0.7009754578843476,0.4189359092692284,0.638290790301944,0.3620795297161824,0.3277306903264281,0.7353730555393876,0.2977870003354413,0.6181497316906152,0.5632730785075885,1.08340381876652,0.8618701228132014,0.665273642838531,0.5735841023190618,0.4414793895538234,1.1759374758392611,0.4625106588808752,0.6270720955400991,0.7540742116690992,0.487744506607494,0.6219040808346854,0.94962172882493,0.3796215094340324,0.9534275820364552,0.873979152379371,0.5651128703506914,0.6120304419321378,0.6913099971377483,0.4441686110324009,0.5293925985175926,0.3689472017953513,0.4085296313259507,1.1947332216188886,0.5408735464962229,0.7451514844914933,0.4797869418370979,0.5497595752271064,0.7361750419077423,0.552393446598293
ET,0.4928220208056693,0.4821829060752906,0.3058902893646246,0.2878730720381589,0.8694130485231681,0.2956432767209312,0.3018878310206687,0.3404116191037339,0.4762954929472758,0.4093720960952909,0.6520819774780263,0.2945465748927363,0.5798918683373803,0.8625173175805265,0.4150051551764873,1.1542389828584841e-07,0.3623237991420885,0.4257383508304416,0.2206151106275692,0.4046892729795133,0.3991597106725503,0.3169385597421047,0.4814927781630145,0.320858985944829,0.3546188565128357,0.3361783458469052,0.8867275268005453,0.6985570079427892,0.4193846082253932,0.3817227235271681,0.2744844402378112,0.9563413133355324,0.2783768849841993,0.4007750825821133,0.5366896231306987,0.2887978453705915,0.3550947408047463,0.7816985021239748,0.1924675918492992,0.7602399381915786,0.6181033075981994,0.3963921006696581,0.334453546821868,0.4148512828417973,0.3859694673113753,0.3517535413332125,0.3025878156384495,0.2470351591938027,1.0052358602283735,0.3213806331718813,0.4567916238298458,0.4190578652995722,0.3680881763879775,0.4762688090230682,0.3129841696297723
GA,0.4543721293425913,0.3777264824817791,0.2831661033869613,0.2444168711193899,0.7803799891341647,0.2477784602895287,0.3217268095939302,0.2431609986177385,0.4054312612315466,0.3251506190587401,0.5762726841506011,0.3178298535675956,0.5200025167582605,0.8026008885465193,0.5409448323950945,0.3623237991420885,1.0106459234841569e-07,0.4275248666036173,0.3262137145166887,0.3133886640598188,0.4900683700822947,0.3928297676464994,0.4691944908955349,0.4251923347635475,0.3281007750667229,0.3428764699970852,0.7773235514386276,0.6310620576086731,0.4183679646080041,0.319564396220556,0.3049918415558066,0.8319669780590676,0.3242292411216493,0.3722139188195521,0.4321140358493897,0.2896990418926452,0.3650136198994011,0.6259670518718337,0.3252220877088534,0.6462223570062126,0.6538928093470778,0.3506051604959814,0.4039371651225661,0.4916584911495698,0.4223498637457629,0.3698380430598409,0.3959036888334065,0.2560750077536874,0.8997087005359208,0.4239837202263081,0.4477351690163246,0.4035600445021892,0.3141043362646228,0.3993542930808521,0.3391900019043828
GH,0.5292193273634468,0.4980960000621033,0.4239242413852813,0.4184312466077238,0.620424101345493,0.4195373743432182,0.4740438681474319,0.4339533543887342,0.4552615508569604,0.4034828913791424,0.6182558335003348,0.4987627917943831,0.5660522470430511,0.7821274832256504,0.7009754578843477,0.4257383508304416,0.4275248666036173,0.0,0.4334674848829478,0.4008708421702628,0.6473901103860633,0.5852795113663851,0.3894241657495129,0.6215134527234083,0.3926299200569594,0.3473614080919649,0.7716787736714383,0.6471417874057398,0.3536642339847941,0.416356235056607,0.4873820686063473,0.8115062280966946,0.4359942536921627,0.38378899191791,0.460077501268622,0.4374115977651693,0.2477618983866568,0.7115258113359346,0.426588859863023,0.6667646400111947,0.4364897865259217,0.45739742362408,0.4009312518764538,0.3378754150828591,0.5859713547898858,0.402125565712908,0.5772455730272494,0.4402375101634213,0.8820220941982363,0.386984465188938,0.3141713502492618,0.5988031235197956,0.4320127640230288,0.3462603381660433,0.3671101097037236
GM,0.4836381296470916,0.4599250279319797,0.2977358146007832,0.2836765332234994,0.8586686009183254,0.2952203196445129,0.3018532894354991,0.3099243196537205,0.4717562872517772,0.4149568333657764,0.6329955879868083,0.2531260910965673,0.5662274082009016,0.8476096722327884,0.4189359092692284,0.2206151106275692,0.3262137145166887,0.4334674848829478,0.0,0.3627906173144823,0.3796860411378092,0.290812920543283,0.5021554615811051,0.3024654768649483,0.3489056466398962,0.3162235968270286,0.8598476414168967,0.6676504096629585,0.4078560301568198,0.3262092883286877,0.2393366052114442,0.9268565892492632,0.2621254783764259,0.4035133880511196,0.5070661401345762,0.2553823748734048,0.3715490932346012,0.7464923582488842,0.2020266286730596,0.7276862583719659,0.6108316605147713,0.3472803861974754,0.3343834798438879,0.4257983330611498,0.3843643292693608,0.3474327948158913,0.2786227739127146,0.212166238378078,0.9763174843100964,0.3338351981746296,0.4652691496389545,0.3786758118673434,0.3472813727432209,0.4745487792444636,0.3178808398751104
GN,0.4941178003388714,0.3717869867898363,0.332514238456405,0.3591159306468151,0.7242599971616278,0.3318059057644222,0.4055885492996929,0.2970132352024812,0.4209356979660268,0.3386138548405576,0.5896488132330356,0.3847779089649942,0.5393834797077384,0.8029425840788899,0.638290790301944,0.4046892729795133,0.3133886640598188,0.4008708421702628,0.3627906173144823,8.940696716308595e-08,0.571999117372244,0.4773435899596326,0.4872135890491878,0.5191277790392581,0.322254300180272,0.3838453368903458,0.7405549158843334,0.6345216801155809,0.3782897038143659,0.3031626406308055,0.35926891519661,0.8244269414897253,0.4141217845446817,0.3945713013949717,0.4448926050623806,0.3008977807963827,0.3797082115495385,0.6847964989594372,0.3934244639802106,0.6597358976467733,0.5645907228761656,0.3682517123951433,0.3377189270619952,0.4298258577656951,0.5167588938312074,0.4270468658168752,0.4710208947115872,0.337684758637904,0.8910116757622445,0.4292189222639265,0.4182404458173794,0.5118806222502817,0.4121096783219199,0.406738491250609,0.392221398310988
GQ,0.6123099417316095,0.61696340018442,0.4646970632041144,0.4070741603542212,1.0791988688285508,0.4439868561071078,0.4151855541210139,0.4668007825617409,0.6170123280012609,0.5725806632992128,0.7802238758200775,0.4037088583393536,0.7169200087284331,0.984346234562503,0.3620795297161824,0.3991597106725503,0.4900683700822947,0.6473901103860633,0.3796860411378092,0.571999117372244,0.0,0.3234337694311086,0.6848284580499743,0.3011716593340622,0.5607869272793053,0.5285692981716564,1.0245415096869517,0.8088453115381895,0.6085252602732628,0.504830357264587,0.4070141112939532,1.1046132905143689,0.4257161464793756,0.5693549709978873,0.7122645610242818,0.4350029284722331,0.5720289418961756,0.8781123298300735,0.3603868595779975,0.8992277575387706,0.8300941978107054,0.5007510875878324,0.572324972983599,0.6502847434525818,0.4203304632068725,0.5049441717245078,0.3412410922078046,0.3667704341739089,1.1173318918797897,0.511275548795662,0.6911604781545344,0.4370595298425133,0.5044585136730138,0.6846878116308558,0.5235702227247866
GW,0.5215170062380045,0.541991068686781,0.3454892228484765,0.3095733984207109,1.0176923635771973,0.3400132579255895,0.3156241118489616,0.3619041867454979,0.5496329454095974,0.5006112723265321,0.70059156090592,0.2981707716142521,0.6566735866079735,0.9384092959925372,0.3277306903264281,0.3169385597421047,0.3928297676464994,0.5852795113663851,0.290812920543283,0.4773435899596326,0.3234337694311086,5.771194914292421e-08,0.6148644350212056,0.2119971086099882,0.4546200776336054,0.4531931607758048,0.973040746982548,0.751172163424464,0.5372827028793123,0.426193450410738,0.3043181365555376,1.0474734405220012,0.3420550640088666,0.4847622831334884,0.6329821270317272,0.3408706797525117,0.5059744081146077,0.8214608556376668,0.262783719053771,0.8212371894707672,0.7789472566395281,0.4349033431263234,0.4873160640271004,0.5865899931879889,0.324078447533254,0.4339170570071571,0.2570449545100141,0.2526695567443002,1.076129261869799,0.4551961557227553,0.6161340650868822,0.3781457741321825,0.4219673028767077,0.6085553266601654,0.4558371396849856
KE,0.5850228769230444,0.5096890617062779,0.5048727434821695,0.4571804507314588,0.7099677752904009,0.5021138432608122,0.5329278181995072,0.5229156092884256,0.492801625407843,0.4771899978323364,0.6533385796684658,0.5099818121646609,0.5140548666456161,0.7315490449761195,0.7353730555393877,0.4814927781630145,0.4691944908955349,0.3894241657495129,0.5021554615811051,0.4872135890491878,0.6848284580499743,0.6148644350212056,0.0,0.6457305409629538,0.4561525714671652,0.4387230805242991,0.7312873429338457,0.6612616443468438,0.5137338808743824,0.5212060703065556,0.5000466540579795,0.7573794008319897,0.4749229625560241,0.452956693641536,0.4490584321091053,0.4836783365394174,0.3407613978912556,0.6750913126396594,0.4881741105394399,0.6205097613626125,0.678377414564408,0.5045345490650259,0.4703667629341825,0.5131042930885057,0.6232458400600153,0.4221826596053845,0.604432578705302,0.5092341911094217,0.8632673592596695,0.4888821635245929,0.4225172357061901,0.6047594669607395,0.3818682932954028,0.4076314619951612,0.4417630921329754
KM,0.5779325407128394,0.5650360989052314,0.389337601480436,0.3292755264533089,1.064156324200962,0.3727111391773076,0.340027507023418,0.3983978253255304,0.5688186636831248,0.5348358200888833,0.7457497362453186,0.2950141305082701,0.6740087922608676,0.960305442467682,0.2977870003354413,0.320858985944829,0.4251923347635475,0.6215134527234083,0.3024654768649483,0.5191277790392581,0.3011716593340622,0.2119971086099882,0.6457305409629538,6.989264130329236e-08,0.5020627970722001,0.4837201232472402,1.008232231010203,0.7665721791218114,0.5790931366015033,0.4416495463616184,0.317280722529285,1.0808748973587667,0.3663923126231522,0.5314863361191181,0.6716198202411909,0.3544166355721247,0.5334388767357398,0.8432044733330334,0.2710439788914942,0.8552341442284056,0.8207918538950925,0.4400076680218939,0.5064838231747739,0.6243946418258406,0.3583271874324316,0.4557904334874015,0.2301857757237712,0.2775176204598317,1.101834116079339,0.4727114798063393,0.6616112562870509,0.3565046863670519,0.4378179168684894,0.649723120625439,0.4773795849085652
LR,0.4721922763608536,0.4434255850444287,0.2648493338137972,0.3421421016379989,0.717005305437182,0.3006270217223558,0.3437588115612081,0.3106776302751581,0.4531739919620991,0.3720564069578472,0.5974291568650598,0.3911483048260802,0.5691241120855561,0.8358505711209838,0.6181497316906153,0.3546188565128357,0.3281007750667229,0.3926299200569594,0.3489056466398962,0.322254300180272,0.5607869272793053,0.4546200776336054,0.4561525714671652,0.5020627970722001,7.300048299977713e-08,0.3522175375781854,0.7995517542758792,0.6780073989955552,0.3884742776471629,0.3862376066025961,0.3613924578709017,0.840880055525436,0.3561037632909949,0.3653304615751411,0.4254464559294809,0.3555512316831876,0.3513800618941818,0.7093294828152558,0.3670742402553492,0.6423316340955585,0.5579843622642,0.4327216498881862,0.3626768578487638,0.3944686089108374,0.4671674381719757,0.3927155691215414,0.4721454256712913,0.3264243697872123,0.9317404635108858,0.4187299875959179,0.3745251480483194,0.5109864808555488,0.3949453617216554,0.376644151995231,0.3663862532247098
LS,0.4877695376092673,0.4645831769740355,0.3614155211585326,0.3469739361425715,0.683811430107274,0.3378976807884951,0.3825822709365588,0.3654329892472907,0.47112499364374,0.4089397077776925,0.5963307260314469,0.3936036642428988,0.5569227311216659,0.8076271851832855,0.5632730785075883,0.3361783458469052,0.3428764699970852,0.3473614080919649,0.3162235968270286,0.3838453368903458,0.5285692981716564,0.4531931607758048,0.4387230805242991,0.4837201232472402,0.3522175375781854,6.989264130329236e-08,0.7839323807590622,0.677579356181962,0.3627190446729049,0.3921294538151735,0.3560909594941361,0.8385280349236504,0.3237176117754869,0.3501587525988304,0.3889930433637025,0.348753867585737,0.3085059502962891,0.7137288331018101,0.326696437829356,0.6632132820637218,0.5087274736358076,0.4169860612394448,0.3567900262175481,0.365429580935915,0.4835799394051798,0.2779803252370528,0.4452469321386165,0.3400583198054218,0.9290377237624132,0.3142779113513489,0.3708534794621035,0.4947300707320284,0.3304086034941152,0.3696242134336776,0.2605262523858985
LY,0.8592165895716148,0.7512215660699139,0.856275551011907,0.8422029223064335,0.7979853904596902,0.8540588739211689,0.890197526463346,0.8431028134347417,0.7824937721124046,0.7772380420776818,0.8298275992102159,0.865369017477383,0.6688490256113473,0.6984729903906703,1.08340381876652,0.8867275268005453,0.7773235514386276,0.7716787736714383,0.8598476414168967,0.7405549158843334,1.0245415096869517,0.973040746982548,0.7312873429338457,1.008232231010203,0.7995517542758792,0.7839323807590622,0.0,0.7854128854715109,0.8169927565141585,0.8084578484557179,0.8051636859285278,0.7568887783015281,0.8641017839749903,0.7724635882349061,0.6833260650319005,0.8106994711486818,0.7530899855665005,0.7985355688335936,0.9013405148219544,0.7955886840421325,0.9091090952027144,0.8063552856682797,0.7715367780405585,0.8222308425661191,0.9655102332833287,0.8227136963783546,0.964185703632163,0.86994544506997,0.7916686776918153,0.8572562970717499,0.7540433297217162,0.9139795321928766,0.7521030682648403,0.6997842902144307,0.7876321015193081
MA,0.7387248912805633,0.6528627638362047,0.6763760002820027,0.6370038465677822,0.8924261534389412,0.6830391295567133,0.6959807944941648,0.6725140680733703,0.5932514189045383,0.6630751095832644,0.7731470934394372,0.6513046541451678,0.5489846732867579,0.7682856537496895,0.8618701228132014,0.6985570079427892,0.6310620576086731,0.6471417874057398,0.6676504096629585,0.6345216801155809,0.8088453115381895,0.751172163424464,0.6612616443468438,0.7665721791218114,0.6780073989955552,0.677579356181962,0.7854128854715109,1.1920928955078125e-07,0.7088081598923871,0.5800809817605542,0.6283983760368242,0.8541754751031195,0.6943716826211862,0.672677740174979,0.6765541437685403,0.637719397107442,0.6193351779876228,0.7701486829050107,0.6888822535941214,0.7789367082306728,0.8555596194252566,0.6022350112530961,0.6439199285833396,0.7248694593295568,0.764358360927217,0.7010744782080179,0.7416709590008492,0.6714058168762819,0.7664699413958971,0.7215827810730862,0.6744627296791185,0.7095097076918655,0.6205865635360331,0.6679076153262318,0.6741401905034302
MG,0.5158130635032054,0.4799600905169207,0.3735825553320509,0.442247685026356,0.6823256772307608,0.3926781359073674,0.4296709133488559,0.3857966745321292,0.5176346821391181,0.4359685397541524,0.6320631059391678,0.4786774027137598,0.6191167732695425,0.8518398065912269,0.6652736428385311,0.4193846082253932,0.4183679646080041,0.3536642339847941,0.4078560301568198,0.3782897038143659,0.6085252602732628,0.5372827028793123,0.5137338808743824,0.5790931366015033,0.3884742776471629,0.3627190446729049,0.8169927565141585,0.7088081598923871,1.228781230931777e-07,0.4289775906874395,0.4590007119145948,0.8587331797238066,0.4486176486146102,0.4105047938759265,0.5089568933348033,0.429205851207897,0.4025816807038733,0.7063568089180228,0.4388060122162799,0.6972110385733441,0.4100339505540442,0.468501325468292,0.4179659966329428,0.3460763955893751,0.5449214541626457,0.4444994660924201,0.5313553063644789,0.4029617376248611,0.9260763572993768,0.4065182057617607,0.3499737612898222,0.5832065112041159,0.4989221361761137,0.4357015063194637,0.4086236902417417
ML,0.5062786428261646,0.3785934996637761,0.3366143426610971,0.2984250282497346,0.8112856108228199,0.3170239638148981,0.3785276887388218,0.3057096823905497,0.3523789331824855,0.4024223973917901,0.6198636314295526,0.3487299485156903,0.5285883037564513,0.8204933527250104,0.5735841023190618,0.3817227235271681,0.319564396220556,0.416356235056607,0.3262092883286877,0.3031626406308055,0.504830357264587,0.426193450410738,0.5212060703065556,0.4416495463616184,0.3862376066025961,0.3921294538151735,0.8084578484557179,0.5800809817605542,0.4289775906874395,2.9802322387695312e-08,0.3286605148065618,0.8807159304930043,0.3902860244074581,0.4122643374637342,0.5021629582478071,0.2948273281886877,0.3824911225497673,0.7141260767220386,0.3564369332956379,0.7230535750065277,0.6288887887871096,0.269327992410005,0.3869765207443091,0.4800858839255018,0.4798380800223382,0.4311982308865466,0.3983687153594665,0.3057794367757316,0.8721866493234484,0.4212999601633164,0.4482611479129085,0.460209154616824,0.4008876464188412,0.4622175394667291,0.38561014507029
MR,0.4977591262061066,0.4110042495920358,0.303429834181318,0.267966701859202,0.8840259460214995,0.2980976477879954,0.3062981108409026,0.3140508653498988,0.4443843902077579,0.4013124757773612,0.6406608221832526,0.2645437862541501,0.5115205820321743,0.8111146808439166,0.4414793895538234,0.2744844402378112,0.3049918415558066,0.4873820686063473,0.2393366052114442,0.35926891519661,0.4070141112939532,0.3043181365555376,0.5000466540579795,0.317280722529285,0.3613924578709017,0.3560909594941361,0.8051636859285278,0.6283983760368242,0.4590007119145948,0.3286605148065618,6.989264130329236e-08,0.922692561468726,0.3224218879434004,0.4195229562327292,0.5145559534434191,0.2538503278599903,0.3964729334766724,0.730037839538849,0.2637440829245726,0.7315823699698633,0.6858456433646973,0.3438113659617944,0.3516783208748769,0.4862820297039201,0.3850796959198554,0.3820382942677869,0.3061774980157809,0.2367099638401413,0.9413593427677396,0.3888327693506483,0.5019987632506714,0.3796710893516962,0.3434192643025526,0.4900777638089122,0.3566839274232745
MU,0.8847273855294991,0.8368849459065423,0.9144611629390252,0.9155777807241272,0.72053203679141,0.9257715200959952,0.9589579366400404,0.9094254915431984,0.8226653325133864,0.8458685364486103,0.8198447746391535,0.8982481331432158,0.7751203337625142,0.8371678791752912,1.1759374758392611,0.9563413133355324,0.8319669780590676,0.8115062280966946,0.9268565892492632,0.8244269414897253,1.1046132905143689,1.0474734405220012,0.7573794008319897,1.0808748973587667,0.840880055525436,0.8385280349236504,0.7568887783015281,0.8541754751031195,0.8587331797238066,0.8807159304930043,0.922692561468726,1.6858739404357617e-07,0.910037199948832,0.8160315733399213,0.6722265800411199,0.8912357215948842,0.8157053311050514,0.6321609716012662,0.9640011341799954,0.6361001170241574,0.9571062980842708,0.8603039953156287,0.8394585354817033,0.8922060485189443,1.0201849846099382,0.8876340511415104,1.0443158402909662,0.9437312347216212,0.7977039410332553,0.9292777951687128,0.7589169968478846,0.9443112523884734,0.7692313194941154,0.7380679619467646,0.8470638477814054
MW,0.4719425969524412,0.4890170837958936,0.3136768909286807,0.2775895537885259,0.8258721441650737,0.2908808436200131,0.3259994186588479,0.3239720068492848,0.4745248586376677,0.4252467920078655,0.622312761670051,0.3123419130595332,0.5818508791329478,0.8440028480862135,0.4625106588808752,0.2783768849841993,0.3242292411216493,0.4359942536921627,0.2621254783764259,0.4141217845446817,0.4257161464793756,0.3420550640088666,0.4749229625560241,0.3663923126231522,0.3561037632909949,0.3237176117754869,0.8641017839749903,0.6943716826211862,0.4486176486146102,0.3902860244074581,0.3224218879434004,0.910037199948832,0.0,0.3792324248549509,0.469838232103995,0.3232695090000703,0.3754497248422679,0.737841921001336,0.2452278341020126,0.7040534098085464,0.6542149946440582,0.3930053556530351,0.4122197140037577,0.4711424172621125,0.4040655849609376,0.3273385182887655,0.3420156496860041,0.253902826887753,0.9803417705868178,0.3702287796452831,0.4631957826486558,0.4149800887980288,0.3270956101785527,0.4197649052111546,0.3167981969467908
MZ,0.3909751279792768,0.4871281235750051,0.3737203977247036,0.3875558258871893,0.71879364453701,0.3557998904650264,0.4202978321548489,0.3851516245372228,0.4734771702111382,0.3986078950073611,0.5367092004246856,0.4272590316468923,0.5585797391104217,0.7974308012720487,0.6270720955400992,0.4007750825821133,0.3722139188195521,0.38378899191791,0.4035133880511196,0.3945713013949717,0.5693549709978873,0.4847622831334884,0.452956693641536,0.5314863361191181,0.3653304615751411,0.3501587525988304,0.7724635882349061,0.672677740174979,0.4105047938759265,0.4122643374637342,0.4195229562327292,0.8160315733399213,0.3792324248549509,9.657056180250437e-08,0.4396954642368921,0.3991524385425757,0.3632388750217494,0.6893262561135859,0.3886721316476778,0.6483126026862589,0.5957097631292791,0.4495762575907609,0.4178163790737549,0.4527547608700584,0.4896356755649322,0.3819413609593691,0.494378222610376,0.3867610873455708,0.903917495992837,0.4200399285180728,0.4101527950805194,0.5156557041653209,0.3684869710712386,0.3914686848703854,0.3725085490497236
NA,0.5568913391169706,0.4845374287059644,0.4963832548209714,0.5005064998022931,0.5927502269436209,0.4831730418155855,0.5500726172151386,0.4928295146233507,0.5061579610080148,0.4840987565381554,0.575296427816701,0.5255989294692772,0.5691202109218851,0.7767389882004615,0.7540742116690992,0.5366896231306987,0.4321140358493897,0.460077501268622,0.5070661401345762,0.4448926050623806,0.7122645610242818,0.6329821270317272,0.4490584321091053,0.6716198202411909,0.4254464559294809,0.3889930433637025,0.6833260650319005,0.6765541437685403,0.5089568933348033,0.5021629582478071,0.5145559534434191,0.6722265800411201,0.469838232103995,0.4396954642368921,0.0,0.4842665779789543,0.4363757347602716,0.6631107343113982,0.5240942109498469,0.5511992777083126,0.6261115583536911,0.5209382398786448,0.4693427035071479,0.5065241643626921,0.6291529608008637,0.4275069820944412,0.6300265542426594,0.5154161325279016,0.8586905388321784,0.5127492573814435,0.4179051419514156,0.6100078109075817,0.3860458358000816,0.3437400770935827,0.4086814813878304
NE,0.4830477399259016,0.3637261494638577,0.2867945511194538,0.2542308062786869,0.838557739668143,0.2895896521288694,0.3147751934318636,0.2848565741873672,0.4213798688057513,0.3797617931795139,0.6143366204206707,0.2705610517959059,0.5362275251830373,0.8214053366196344,0.487744506607494,0.2887978453705915,0.2896990418926452,0.4374115977651693,0.2553823748734048,0.3008977807963827,0.4350029284722331,0.3408706797525117,0.4836783365394174,0.3544166355721247,0.3555512316831876,0.348753867585737,0.8106994711486818,0.637719397107442,0.429205851207897,0.2948273281886877,0.2538503278599903,0.8912357215948842,0.3232695090000703,0.3991524385425757,0.4842665779789543,1.3160349229466688e-07,0.3582895724485224,0.7159387475838386,0.2605562691250409,0.706956199056403,0.6405439363513504,0.3299707017856706,0.3372429507879662,0.45168638800425,0.4137592378315313,0.3696391993361037,0.3151593313964188,0.2291873518663145,0.9460218273391005,0.3788709243172848,0.4727964235435264,0.4002113040300021,0.3428463339583666,0.456754396340122,0.3462828780562817
NG,0.5036843467132579,0.452175480215843,0.38200888422904,0.3351055322186608,0.6985824882253641,0.3721413225597758,0.4088698740711643,0.391759078240083,0.4236812373215182,0.3789550824465942,0.6084248153208501,0.4167615392903173,0.5121267495793014,0.7519498896050494,0.6219040808346855,0.3550947408047463,0.3650136198994011,0.2477618983866568,0.3715490932346012,0.3797082115495385,0.5720289418961756,0.5059744081146077,0.3407613978912556,0.5334388767357398,0.3513800618941818,0.3085059502962891,0.7530899855665005,0.6193351779876228,0.4025816807038733,0.3824911225497673,0.3964729334766724,0.8157053311050514,0.3754497248422679,0.3632388750217494,0.4363757347602716,0.3582895724485224,0.0,0.6918043239144178,0.3574813357498203,0.6518097075874844,0.5431468387671211,0.399584208676772,0.366038720254373,0.3777857395130333,0.5155101996402291,0.3479284614517423,0.4945585212843013,0.3722214727292485,0.8838657786786507,0.3698848720191336,0.3606206997670455,0.5220362786632988,0.3410545806657404,0.3468520815139443,0.3299441726133511
RE,0.7339038540001157,0.7072516018516731,0.7213539840596555,0.7071494728771001,0.83314717950335,0.737398173923741,0.7518951449745048,0.7117404866185769,0.6880506291587238,0.6740554450789902,0.7392590478630615,0.6883230097128937,0.6667736966722894,0.8167470289734128,0.94962172882493,0.7816985021239748,0.6259670518718337,0.7115258113359346,0.7464923582488842,0.6847964989594372,0.8781123298300735,0.8214608556376668,0.6750913126396594,0.8432044733330334,0.7093294828152558,0.7137288331018101,0.7985355688335936,0.7701486829050107,0.7063568089180228,0.7141260767220386,0.730037839538849,0.6321609716012662,0.737841921001336,0.6893262561135859,0.6631107343113982,0.7159387475838386,0.6918043239144178,0.0,0.7683047640146723,0.6283029390199198,0.9117758919558728,0.6765634506274225,0.7353882035714586,0.8115282403832697,0.815486013254768,0.7590413695222439,0.828114006960073,0.7327567079734995,0.8202088031031135,0.7871447569410835,0.6939415736183666,0.6815043390502866,0.6121910894264613,0.6779276681123091,0.7154221236027014
