ISO_CODE,AG,AI,AR,AW,BB,BM,BO,BQ,BR,BS,BZ,CA,CL,CO,CR,CW,DM,DO,EC,GD,GF,GL,GP,GT,GY,HN,HT,JM,KN,KY,LC,MQ,MS,MX,NI,PA,PE,PM,PR,PY,SR,SV,SX,TC,TT,US,UY,VC,VE,VG,VI
AG,7.884953353001449e-08,0.9856594116859794,0.7683799023348439,0.8570862442557082,0.5672366924574016,0.8664460366219744,0.7360996046575804,1.3441238804513598,0.8312023353306862,0.5764655583926961,0.6100395182659716,0.6796337848942345,0.7025825862188135,0.7443316431414966,1.0483532264284192,0.7702623804076151,0.7367538610853956,0.7043281736295081,0.7608969753654858,0.6153435210395246,0.7124164607590373,1.0392241252593843,0.7332324105885607,0.7345055732839385,0.5818435670545254,0.7567642941259314,0.7688522013743976,0.5701185976650054,0.9431550465758304,0.928177273253741,0.5756017780521162,0.6958762345020733,3.0205342210987896,0.716386012527757,0.7245775810668226,0.6983065014833412,0.7009706099715349,2.990047821039156,1.0778957510556706,0.83136792694094,0.8423663363029597,0.8249720078643389,0.7542181461578982,0.8447229796449216,0.7851557956230589,0.6937636804437228,0.7707655845000059,0.5541333013975903,0.7922195957340847,1.2343218023251414,0.9161513961117188
AI,0.9856594116859794,0.0,1.078746978611714,1.091857552401333,0.9934193261927852,1.1093453595349674,1.0805068760899248,1.419340852910501,1.1045277397054958,1.0088970514531554,1.0125420798325877,1.016528188266881,1.057974088980561,1.073149686672188,1.2887595915106305,1.094164634788688,1.0295796980106289,1.042940895523995,1.0791142071100404,0.9812422091835048,0.9856412854348782,1.2264747852245403,0.9929989816310184,1.0944395000548226,1.0121841357310697,1.0985264474633056,1.1062433346182567,1.024536073448218,1.197291500965884,1.2004025647466674,0.970278838179878,0.9769994052955768,3.129967057546943,1.0577600929654587,1.0630846816396902,1.0539960756900777,1.0710401300735166,2.908199512597639,1.2895098498181374,1.1275372613933163,1.1433425436545237,1.142879903461026,0.9923078868657036,1.0373258255415387,1.143686511378288,1.0136894900428597,1.06499256754643,0.9776558616032452,1.1132737452322303,1.3640007675271189,1.094301470983884
AR,0.7683799023348439,1.078746978611714,1.4901161193847656e-07,0.8428410906843468,0.590440672089897,0.955884602446907,0.5221555695657287,1.3832802828053554,0.5662718035386956,0.6007494972578145,0.5672339599828197,0.5324443846224606,0.4285605706890317,0.496969837756386,0.85070360553378,0.7908473055911446,0.8376685372495841,0.4821027608426869,0.471703104512609,0.7120778024287296,0.6490184979648794,1.0304041360134577,0.7125264872597773,0.5207621565636118,0.6118548001014751,0.5868819134839997,0.7255907313563977,0.6375908782393702,1.081541604529185,0.9899534991664048,0.6478559776150684,0.6860604074734475,3.179706436127834,0.4381323621269474,0.5347936539231504,0.5309519712869573,0.476917189327652,2.9563850629061674,0.9358145923671768,0.5737404226817725,0.7581639861316595,0.6390291479253195,0.8543179287416055,0.9262360132327376,0.8541232499910704,0.5750152338149996,0.3417852109272906,0.6647694564981114,0.6823711596202677,1.3766049237506135,1.0303202393373578
AW,0.8570862442557082,1.091857552401333,0.8428410906843468,0.0,0.7905211402314857,0.9125420587803322,0.8808818334114005,1.2469813935990195,0.91472094063372,0.7896814145311463,0.7628975766939458,0.8220269208500317,0.8134105955828093,0.930784613759822,1.0258943529987683,0.6605688437260615,0.963594360135032,0.8575806258064486,0.8815319138123561,0.86289155523561,0.9050236631869246,1.063883244887281,0.9188987957565588,0.8942993963234502,0.8350850003917769,0.924344547727434,1.030739079942626,0.8770464812902602,1.0456428363956507,0.985679434983856,0.7996765111780906,0.8915610959965787,3.138034047869262,0.8183263257802208,0.8853418558461731,0.9013030902323684,0.8754158868414088,2.9422532378205446,0.990119820622984,0.8989535167541948,0.8851569966274402,0.9501566764634556,0.8325350013923521,1.0306051470577542,0.8826653580816789,0.8144844584114334,0.8093411921311816,0.8343725121126612,1.0257360990884463,1.3097253507585664,1.0002637964679144
BB,0.5672366924574016,0.9934193261927852,0.590440672089897,0.7905211402314858,0.0,0.8076930635512767,0.5911172141620417,1.347390928259012,0.6620028960883396,0.4034324524486942,0.4790785056247899,0.4562464234304888,0.5493563472404418,0.5547775434602186,0.9825424619487794,0.6898133201417245,0.6705965337991328,0.5397099122659842,0.5977706130905674,0.511160868450343,0.5598732651828963,0.9732167105335005,0.6056882638306356,0.6072366928318703,0.4312737966250558,0.617474408337322,0.6197613537351956,0.4146051309089887,1.001061622056733,0.8648117322645326,0.4283674956247844,0.5645772802134561,3.1315102076497583,0.5843933724125877,0.6043412420989875,0.500329348951903,0.541186696944662,2.961640445845034,1.0229070764488852,0.7086426142500973,0.7139987776006855,0.7201765693818571,0.7386990332488564,0.817122885355485,0.6962476219585927,0.5130045922193708,0.6120719708139456,0.4706988465118931,0.6513762510459071,1.279565720197552,0.9281598909001038
BM,0.8664460366219744,1.1093453595349674,0.955884602446907,0.9125420587803322,0.8076930635512766,1.3328003749250113e-07,0.9740619730225166,1.36493113306013,0.9990957339942592,0.7979679521008977,0.852657668503668,0.8201954164682931,0.8952478846910851,1.0022392191643013,1.134290651861437,0.9096347652806976,0.9766033433377304,0.9548088989102244,0.9724669695397482,0.8589651340523237,0.9554473609201642,1.0672105741600233,0.9742611515064208,0.981470732736894,0.8766881013833676,1.0162888090565454,1.060177703637041,0.8916297444664696,1.0802570600046502,0.960992309881866,0.83857357549282,0.9546946391861107,3.133916020408378,0.9281121777351146,0.9820415665479212,0.9483629589648362,0.9574632856466692,2.976050254039371,1.091121157698979,0.9906451864825356,0.9790973525145892,1.039936418350777,0.8964743059711695,1.014989256795754,0.9183330090513888,0.8194496919145234,0.9268143643436756,0.8742560499368662,1.0807299480455097,1.300851572279088,0.960489514964612
BO,0.7360996046575804,1.0805068760899248,0.5221555695657287,0.8808818334114005,0.5911172141620417,0.9740619730225166,0.0,1.400234360496221,0.6221037856567609,0.6249045222483505,0.5771568407999076,0.5843388650620871,0.4971203029390643,0.4457808012475273,0.9113969894217896,0.8204654255881342,0.8041243596301798,0.4706836151309299,0.4689837122454373,0.6992497074468914,0.5995402562237861,1.0477811545666569,0.7199800972331845,0.4850079415184267,0.5870677770809982,0.5299078984805446,0.6475472851206839,0.5921254736480724,1.120238196984631,1.0191049590334182,0.6543656665675729,0.6978641323769023,3.158905393271069,0.4305329676118252,0.4663742584731166,0.4660488839452137,0.4193115949944088,2.9787585790161875,0.9985174588534038,0.5815767225784266,0.793557207711433,0.5914759145940023,0.855527252434271,0.917729830416258,0.9009688574502434,0.6120508998148542,0.5321824212122218,0.635888257734005,0.5416297439774401,1.3845704262026688,1.05208288916218
BQ,1.3441238804513598,1.419340852910501,1.3832802828053554,1.2469813935990195,1.347390928259012,1.36493113306013,1.400234360496221,1.2644054553268208e-07,1.4253701180947609,1.3472946855909451,1.3238600906714473,1.3652485309227844,1.3658230556104838,1.419266040627881,1.4714425335500552,1.2621238995351385,1.4032372402796789,1.3839159395054872,1.3822358010852658,1.357844715822099,1.38942198491097,1.438992760234053,1.4042457919021885,1.3955496735706674,1.3672045201937515,1.4226722045448006,1.5155748295235263,1.4056799085737786,1.4349196232871193,1.4416265955058216,1.3477882492213202,1.3993039788218335,3.222970085179469,1.356763996209242,1.4063793229801171,1.4075557347627004,1.3845529573183983,3.093599082478394,1.4357343565633065,1.4061985816822171,1.376869422703873,1.443917600524654,1.3187829122257395,1.3695636778925826,1.3738901162879218,1.342001331550315,1.3635626667241605,1.3676825883234602,1.494050243667758,1.5508201434039717,1.3761129795964069
BR,0.8312023353306862,1.1045277397054958,0.5662718035386956,0.91472094063372,0.6620028960883396,0.9990957339942592,0.6221037856567609,1.4253701180947609,0.0,0.653069227549937,0.6533090222446183,0.6105037230048945,0.602533247702288,0.6065290197181733,0.9425005119374535,0.8663108282460696,0.8626066625501265,0.6118987819400566,0.6114892821195362,0.7574336373996011,0.6571523925799551,1.0597559205293947,0.7645640402675921,0.6509832385917035,0.6679248855490992,0.6966993846499967,0.7434101092626243,0.688572828889737,1.1376527611434193,1.0517971946943758,0.6968792769435566,0.7398160480254768,3.161366803917929,0.5952905167150733,0.6400156387171256,0.6248217444750157,0.5929262976661925,2.952971377230416,1.0253363703040403,0.671787982342934,0.7881359656757342,0.7368992993861662,0.9064914908101532,0.962394573656395,0.9030015595196488,0.620070990477381,0.5602234231643309,0.7157788818788264,0.7246880089497165,1.400538727649104,1.0717301960159809
BS,0.5764655583926961,1.0088970514531554,0.6007494972578145,0.7896814145311462,0.4034324524486942,0.7979679521008978,0.6249045222483505,1.3472946855909451,0.653069227549937,0.0,0.4613019194453345,0.4733804556664601,0.5545239395445967,0.5973632212655261,0.9560979490112688,0.6786526050707377,0.7046653104808651,0.5508744989604676,0.6315273582883735,0.5655281034090488,0.59059082627925,0.9628644173814516,0.6514105690353351,0.6092596444584504,0.4599032110141378,0.6257073927224289,0.6464951287967585,0.4411238781368519,0.9998740655059136,0.8874033243484215,0.4917689004584956,0.6087272238134888,3.107254422931661,0.5845843330268219,0.5987878021993175,0.5340888655349219,0.5608445405318164,2.960815686830159,0.985543175842276,0.7138315628943526,0.696089967724097,0.7127360359539092,0.7448392544177811,0.8001260760366411,0.6826756957353104,0.4908420712705962,0.6005859694960318,0.5142375561091549,0.6693150603441786,1.2716606336488303,0.9234297178887988
BZ,0.6100395182659716,1.0125420798325877,0.5672339599828197,0.7628975766939458,0.4790785056247899,0.852657668503668,0.5771568407999076,1.3238600906714473,0.6533090222446183,0.4613019194453345,0.0,0.4983252673052785,0.522748487239442,0.5860481402907054,0.9105137903350424,0.6727869535160514,0.7301104654890009,0.5154639391915122,0.5550008816756828,0.5769333574790139,0.6145625521552669,0.950695758640155,0.6868115370161976,0.5683953789077245,0.42938402310782,0.6014274499674114,0.6653742858522093,0.496530707708502,0.9954651560350324,0.8817592122518153,0.5169622610013804,0.6446614793574653,3.1008185532868837,0.5341258396678193,0.5330862955929492,0.5475548584085305,0.5324547100433578,2.9456579802082565,0.929502221819044,0.6725643571038245,0.6555938710400152,0.6628000424740408,0.7425912006436638,0.8463528561489565,0.7054605470367878,0.4981861656002609,0.567619064670951,0.525043192795421,0.689873915364314,1.2874190684283682,0.9429645052137136
CA,0.6796337848942345,1.016528188266881,0.5324443846224606,0.8220269208500315,0.4562464234304888,0.8201954164682929,0.5843388650620871,1.3652485309227844,0.6105037230048945,0.4733804556664601,0.4983252673052785,2.9802322387695312e-08,0.5166383253740098,0.4995955394311402,0.9894424464752352,0.7436602837637322,0.7175838465600283,0.5240975794697506,0.5758465404363872,0.5662499491773005,0.5267283065779002,0.924671765768167,0.6018933541168785,0.6294081521185737,0.4963371822537833,0.652551005759461,0.6048651929693862,0.5251000809208138,1.0550266414821607,0.9055371848942516,0.4938116550703832,0.5700622490668826,3.163259393405302,0.555274083425735,0.5973540569991708,0.4570408029065577,0.5292951564260838,2.9384007200982736,1.0236405572341,0.7033949940126603,0.7677372523976536,0.7300110663482859,0.7898992893462836,0.8468952812125613,0.804638224927411,0.2864927951780702,0.5134273485759003,0.5287679811968516,0.5970141265343144,1.3383800881160863,0.9528178412044552
CL,0.7025825862188135,1.057974088980561,0.4285605706890317,0.8134105955828093,0.5493563472404418,0.8952478846910851,0.4971203029390643,1.3658230556104838,0.602533247702288,0.5545239395445967,0.522748487239442,0.5166383253740098,0.0,0.5111483072303629,0.8328589934926547,0.7346728273503632,0.8222171437419524,0.4970598618491043,0.471282725778927,0.6861069498696472,0.6417665416445986,0.99997484725557,0.7017286351083237,0.5095836232284092,0.5546490009443713,0.5743218317226785,0.7177566946496603,0.5834831868800805,1.057301932332222,0.9406049344542482,0.6221671560072555,0.6650341161040219,3.16542253293947,0.4083332380614538,0.5324508283530655,0.5093368829789883,0.439283418771189,2.9543208148337827,0.8840407506993639,0.5852720175554987,0.7065758273465298,0.6314705770396419,0.815992923133176,0.9144589349872664,0.7898745940880224,0.5517569540979144,0.4285493455637502,0.6114972739355116,0.6837945583250148,1.3443951933260243,1.0168004773695225
CO,0.7443316431414966,1.073149686672188,0.496969837756386,0.930784613759822,0.5547775434602186,1.0022392191643013,0.4457808012475273,1.419266040627881,0.6065290197181733,0.5973632212655261,0.5860481402907054,0.4995955394311402,0.5111483072303629,9.657056180250437e-08,1.0055190216445284,0.8583793763066528,0.7563282767071714,0.4174318653470974,0.4105032420799422,0.6437371466096292,0.5029460173573463,1.0613979639947135,0.6687880507475841,0.5006064982342369,0.5543564907083081,0.5095247120120988,0.5403889155134071,0.5372736795144976,1.1663699654866542,1.033952180772606,0.6176559163489926,0.6399184936959359,3.205364934833483,0.4571616169700649,0.4840041060821487,0.3328186063778809,0.3702109790383194,2.9990914476475394,1.106089707748482,0.653737901811936,0.8469712321877337,0.6361729620456775,0.8816100084239925,0.883717722366866,0.9676344945809904,0.5644205422333043,0.5421849337886069,0.6020035749245962,0.3877777519399852,1.4193746381005858,1.0668673234030022
CR,1.0483532264284192,1.2887595915106305,0.85070360553378,1.0258943529987683,0.9825424619487796,1.134290651861437,0.9113969894217896,1.4714425335500552,0.9425005119374535,0.9560979490112688,0.9105137903350424,0.9894424464752352,0.8328589934926547,1.0055190216445284,0.0,1.0079984839760523,1.1882510457043571,0.8982441505229516,0.8736813639110254,1.0912174513418944,1.0928794421198402,1.2531464208399898,1.0803911728053848,0.8813549729233401,0.9942477736284472,0.925939819642187,1.175974090841997,1.0319093041549523,1.2129941976727294,1.1928865267125903,1.0184077766673745,1.0550261544721535,3.1791706673421167,0.8195716225716108,0.894124704337965,1.0063573933310583,0.9204520991342982,2.957955995240049,0.7669025435857368,0.8689869365519919,0.9561419087372024,0.9172217979421704,1.0753975721352615,1.2265198272093152,0.9817339558945642,0.967804173370515,0.8196535711506959,1.044686998538187,1.1435498015223868,1.501824973720248,1.2254232653098962
CW,0.7702623804076151,1.094164634788688,0.7908473055911446,0.6605688437260615,0.6898133201417247,0.9096347652806976,0.8204654255881342,1.2621238995351385,0.8663108282460696,0.6786526050707375,0.6727869535160514,0.7436602837637323,0.7346728273503632,0.8583793763066528,1.0079984839760523,0.0,0.9231660842057496,0.7873524728194923,0.8206064574632297,0.7875486529614257,0.8382730021674106,1.0584258310046322,0.8434081381876175,0.8287345945750421,0.7260569118995153,0.8563774926489474,0.9180802754505536,0.7570973064123351,1.0487996544007294,0.9693454430155024,0.7236021575658491,0.8139694411313458,3.1287858376704816,0.7687539795964446,0.814569367432859,0.8111992603505772,0.7938542412932933,2.9944942708325586,0.987957013810539,0.855719641732022,0.8030328861486484,0.8855904044685705,0.8062528846986987,0.9908181535150898,0.818553454300831,0.7422739567563504,0.774041705306203,0.7545253088304685,0.957665762124194,1.332908437936985,1.0219770687134986
DM,0.7367538610853956,1.0295796980106289,0.8376685372495841,0.963594360135032,0.6705965337991328,0.9766033433377304,0.8041243596301798,1.4032372402796789,0.8626066625501265,0.7046653104808651,0.7301104654890009,0.7175838465600283,0.8222171437419524,0.7563282767071714,1.1882510457043571,0.9231660842057496,8.429369702178808e-08,0.762216917435182,0.8310875757582583,0.678270385278225,0.6938883160645576,1.056479507591055,0.7720990385518659,0.8215653486807452,0.6791782410875522,0.8316089491969171,0.7502275286225922,0.6709787925937336,1.0810955337914363,1.0508803527487456,0.6682771877645897,0.7513518617083441,3.0984371787633966,0.8117467568599087,0.7878485273189532,0.7209362689335734,0.7739041048480254,2.981608063810825,1.2238113464413305,0.9279833340632696,0.9405771151614092,0.9109835701323667,0.8582786066669374,0.8607306096809333,0.9559561532034108,0.7294022320562773,0.8559977333741102,0.6623367256823522,0.7653518455076316,1.2804525252674328,0.9909230048176164
DO,0.7043281736295081,1.042940895523995,0.4821027608426869,0.8575806258064486,0.5397099122659842,0.9548088989102244,0.4706836151309299,1.3839159395054872,0.6118987819400566,0.5508744989604676,0.5154639391915122,0.5240975794697506,0.4970598618491043,0.4174318653470974,0.8982441505229516,0.7873524728194923,0.762216917435182,0.0,0.4345811593751205,0.6496493419263835,0.5596931233128293,1.0389824373518963,0.6868964372289291,0.4697741048742263,0.5231763537319677,0.4183017671314338,0.598779483715881,0.520001333946825,1.0898981016890283,0.9797484623564486,0.6133849641828029,0.6647351981780251,3.1754644242989376,0.4403123051511681,0.4328961858069487,0.4214731972029322,0.4296308476729389,2.994629632287272,0.9556648812479548,0.610935674235656,0.7563830975218987,0.5878960841710448,0.8268769427343278,0.8624739311187258,0.8401109937252328,0.5549114136787852,0.5111951178915431,0.5922713162418572,0.5506346421758378,1.3593923693930108,1.0074377859633994
EC,0.7608969753654858,1.0791142071100404,0.471703104512609,0.8815319138123561,0.5977706130905674,0.9724669695397482,0.4689837122454373,1.3822358010852658,0.6114892821195362,0.6315273582883735,0.5550008816756828,0.5758465404363872,0.471282725778927,0.4105032420799422,0.8736813639110255,0.8206064574632297,0.8310875757582583,0.4345811593751205,0.0,0.7048324384338033,0.6295401145595327,1.0487394313903398,0.7364643776181233,0.4805026513582059,0.5889244723319593,0.4982415197817247,0.7026332874643679,0.606772910245038,1.1043243218959842,1.0035633978305076,0.6747665421649829,0.7223366787178593,3.1715785893058737,0.4291565614286916,0.4706151691827357,0.4877080946114946,0.4247196260328616,2.972598279434982,0.927291133802992,0.568802862906005,0.7457252667798161,0.6043281501335415,0.8631921107211582,0.9172043590379976,0.8543396482650508,0.6012007288633929,0.4925411584763639,0.669559306457118,0.6287749397319853,1.385876236759374,1.0533468015577911
GD,0.6153435210395246,0.9812422091835048,0.7120778024287296,0.86289155523561,0.511160868450343,0.8589651340523239,0.6992497074468914,1.3578447158220992,0.7574336373996011,0.5655281034090488,0.5769333574790139,0.5662499491773005,0.6861069498696472,0.6437371466096292,1.0912174513418944,0.7875486529614257,0.678270385278225,0.6496493419263835,0.7048324384338033,0.0,0.5952219075117953,0.9826044836822908,0.6583599882728317,0.7185124808947015,0.5560071563421385,0.7364195582424896,0.6577093970462283,0.5458784601721045,1.0231249700343024,0.9236630128127749,0.5043736601075093,0.6370466782002406,3.101170645215819,0.6935210810662201,0.6842750469122763,0.5981351216658573,0.6517448860540939,2.9787388034804554,1.1222041934945708,0.8157316483026702,0.8405683897981665,0.8111477798896911,0.7579573809180251,0.8240604568672881,0.8430864328089849,0.5882048205437806,0.7169959788728826,0.5283922690791955,0.6888959121910213,1.2700687536418898,0.9208886001983893
GF,0.7124164607590373,0.9856412854348782,0.6490184979648794,0.9050236631869246,0.5598732651828963,0.9554473609201642,0.5995402562237861,1.38942198491097,0.6571523925799551,0.59059082627925,0.6145625521552669,0.5267283065779002,0.6417665416445986,0.5029460173573463,1.0928794421198402,0.8382730021674106,0.6938883160645576,0.5596931233128293,0.6295401145595327,0.5952219075117953,5.960464477539064e-08,1.0012839378018183,0.562422254123599,0.6602269571490395,0.5674568602185056,0.654080331638502,0.5449566909902965,0.5454171085895193,1.127316750080857,1.0016114256874722,0.5743370135488735,0.5197924526344005,3.150668982835968,0.6265540338164214,0.6149109614277152,0.4669629053765048,0.5538322252681492,2.936573478865843,1.1683221717938497,0.7715952495832232,0.8275977642070359,0.7579227220421002,0.8319971461496704,0.8316377780014389,0.9547094929739984,0.5824516943825852,0.6633354893268936,0.5691560840469477,0.5154745819216064,1.353726741393611,1.004665046272922
GL,1.0392241252593843,1.2264747852245403,1.0304041360134577,1.063883244887281,0.9732167105335005,1.0672105741600233,1.0477811545666569,1.438992760234053,1.0597559205293947,0.9628644173814516,0.950695758640155,0.924671765768167,0.99997484725557,1.0613979639947135,1.2531464208399898,1.0584258310046322,1.056479507591055,1.0389824373518963,1.0487394313903398,0.9826044836822908,1.0012839378018183,1.6858739404357617e-07,1.0626470305074924,1.0400284925315653,0.971811506396436,1.084209656124575,1.0731577988686838,1.0314904677159111,1.2301540640099278,1.1748027534094774,0.9587115275458254,1.0566029676330753,3.1270164031684886,1.0212864630373897,1.0237790426430182,1.0284568869411237,1.0361120796775274,2.95944871252426,1.2278339486091236,1.0770489410933135,1.0139987589554929,1.1030343403496936,1.0446934669037102,1.0974332792198742,1.060495417657607,0.9167813948199532,1.0089711875756675,0.9867538121837702,1.1124968832100588,1.415306082101416,1.1574303697580748
GP,0.7332324105885607,0.9929989816310184,0.7125264872597773,0.9188987957565588,0.6056882638306356,0.9742611515064208,0.7199800972331845,1.4042457919021885,0.7645640402675921,0.6514105690353351,0.6868115370161976,0.6018933541168785,0.7017286351083237,0.6687880507475841,1.0803911728053848,0.8434081381876175,0.7720990385518659,0.6868964372289291,0.7364643776181233,0.6583599882728317,0.562422254123599,1.0626470305074924,0.0,0.7647507984797673,0.6593238610387206,0.7806294264580377,0.7014772314018854,0.6491491104180983,1.102479430836119,1.0070815910042203,0.5983334160912044,0.3686030138681886,3.14064637147258,0.7132820022764664,0.7024063227212961,0.6345418500498348,0.6899889748224244,2.9111383079999085,1.137029537678945,0.8333477623673754,0.8650247664971202,0.8510821155499786,0.8603232430538681,0.9138586450979362,0.9030158479015544,0.6513365605871577,0.7050090644955505,0.6500878478411104,0.7185248957055513,1.3729740859307946,1.0037767267489437
GT,0.7345055732839385,1.0944395000548226,0.5207621565636118,0.8942993963234502,0.6072366928318703,0.981470732736894,0.4850079415184267,1.3955496735706674,0.6509832385917035,0.6092596444584504,0.5683953789077245,0.6294081521185737,0.5095836232284092,0.5006064982342369,0.8813549729233401,0.8287345945750421,0.8215653486807452,0.4697741048742263,0.4805026513582059,0.7185124808947015,0.6602269571490395,1.0400284925315653,0.7647507984797673,0.0,0.5808425593076665,0.4366888341331147,0.6739025436228805,0.5966387831449876,1.1051009375238037,1.00063373703047,0.6909057349590548,0.7454234228897266,3.1719683551204416,0.4437896658281087,0.429414889356057,0.4962418500452128,0.4227798043872569,2.975948205393268,0.9851886789111254,0.600031404569705,0.7472044162079201,0.5311891062371739,0.8752865613630191,0.9126367857861172,0.8173307303202175,0.6540658330031329,0.5757147188008153,0.6537375076093312,0.6162207598865311,1.380902728003364,1.0779112566958535
GY,0.5818435670545254,1.0121841357310697,0.6118548001014751,0.8350850003917769,0.4312737966250558,0.8766881013833676,0.5870677770809982,1.3672045201937513,0.6679248855490992,0.4599032110141378,0.42938402310782,0.4963371822537833,0.5546490009443713,0.5543564907083081,0.9942477736284472,0.726056911899515,0.6791782410875522,0.5231763537319677,0.5889244723319593,0.5560071563421385,0.5674568602185056,0.971811506396436,0.6593238610387206,0.5808425593076665,0.0,0.5777836364405823,0.5769738234783632,0.4075411971539048,1.0225293200191732,0.9063541450669816,0.5005129354506946,0.6293939077426978,3.1005595491425844,0.5737748650724713,0.5610970915069103,0.5124794588143994,0.5269790689367931,2.9741115384192893,1.0266567292448414,0.7068185504650378,0.6461992362731889,0.6999177933923508,0.7633992008829567,0.835256133117801,0.6881489128400088,0.5280599315426296,0.6302235237936455,0.4801125749450287,0.6294444321747072,1.284746056450639,0.9532585627141044
HN,0.7567642941259314,1.0985264474633056,0.5868819134839997,0.924344547727434,0.617474408337322,1.0162888090565454,0.5299078984805446,1.4226722045448006,0.6966993846499967,0.6257073927224289,0.6014274499674114,0.652551005759461,0.5743218317226785,0.5095247120120988,0.9259398196421867,0.8563774926489474,0.8316089491969171,0.4183017671314338,0.4982415197817247,0.7364195582424896,0.654080331638502,1.084209656124575,0.7806294264580377,0.4366888341331147,0.5777836364405823,1.0106459234841569e-07,0.6651608064162559,0.5736041784545424,1.1411862598359857,1.0324089244162196,0.7091946855231906,0.7591603360506559,3.1835221905837185,0.5142269480748934,0.4599009678018171,0.5003868710586429,0.4831463683250198,2.9937605446214253,1.0271205839443096,0.6495905746789515,0.7592503173072451,0.5731188828570831,0.8962800014891094,0.9157468476384468,0.8337226840260299,0.682249425479345,0.6193918804223246,0.6745170121045546,0.6125873033211798,1.409977804835595,1.0888889347094923
HT,0.7688522013743976,1.1062433346182567,0.7255907313563977,1.030739079942626,0.6197613537351956,1.060177703637041,0.6475472851206839,1.5155748295235263,0.7434101092626243,0.6464951287967585,0.6653742858522093,0.6048651929693862,0.7177566946496603,0.5403889155134071,1.175974090841997,0.9180802754505536,0.7502275286225922,0.598779483715881,0.7026332874643679,0.6577093970462283,0.5449566909902965,1.0731577988686838,0.7014772314018854,0.6739025436228805,0.5769738234783632,0.6651608064162559,1.210576058124894e-07,0.546103078903822,1.2130501228172148,1.0752048907744332,0.6322339118450983,0.6757951881271057,3.18996456174458,0.6995857522033441,0.6050120841005481,0.4855367870614215,0.5837328221220625,3.0241411093182773,1.2757598323012609,0.848557369042775,0.8858938936477068,0.7727189558961478,0.9138695749363024,0.9097127811882992,1.0051112494549412,0.6505444474022312,0.7414985703795751,0.6046388207879841,0.481382277811445,1.4520986021566389,1.0925504724882469
JM,0.5701185976650054,1.024536073448218,0.6375908782393702,0.8770464812902602,0.4146051309089887,0.8916297444664696,0.5921254736480724,1.4056799085737786,0.688572828889737,0.4411238781368519,0.496530707708502,0.5251000809208138,0.5834831868800805,0.5372736795144976,1.0319093041549523,0.7570973064123351,0.6709787925937336,0.520001333946825,0.606772910245038,0.5458784601721045,0.5454171085895193,1.0314904677159111,0.6491491104180983,0.5966387831449876,0.4075411971539048,0.5736041784545424,0.546103078903822,4.712160915387242e-08,1.0553565751219836,0.9266562362507904,0.4888947067989411,0.5981182086001263,3.1191720460373813,0.5966300883212776,0.5839643310930155,0.4893495668994012,0.5411778395464101,2.9875925134728925,1.0777158543284129,0.743413647055755,0.7557525000756664,0.7103829733147411,0.7763987351593341,0.8366017165127863,0.7565692661174004,0.5635969557897634,0.6516602370603154,0.4757332644780473,0.593246891196499,1.3130639089241318,0.9696765469541164
KN,0.9431550465758304,1.197291500965884,1.081541604529185,1.0456428363956507,1.001061622056733,1.0802570600046502,1.120238196984631,1.4349196232871193,1.1376527611434193,0.9998740655059136,0.9954651560350324,1.0550266414821607,1.057301932332222,1.1663699654866542,1.2129941976727294,1.0487996544007294,1.0810955337914363,1.0898981016890283,1.1043243218959842,1.0231249700343024,1.127316750080857,1.2301540640099278,1.102479430836119,1.1051009375238037,1.022529320019173,1.1411862598359857,1.2130501228172148,1.0553565751219838,0.0,1.1604310467722434,0.9989656769520596,1.0965487635275952,3.076886607541204,1.061653680461975,1.0933385616477485,1.1400742224881588,1.118989611094376,3.0274808218950326,1.135110537287716,1.1231739953829971,1.0632588595150367,1.1514331142010366,1.0004462087030732,1.1556250605368437,0.9965199638223742,1.0204956817507922,1.0612467898700164,1.0268075157398338,1.2634775614793223,1.328808974721165,1.1240273049085738
KY,0.928177273253741,1.2004025647466674,0.9899534991664048,0.985679434983856,0.8648117322645323,0.960992309881866,1.0191049590334182,1.4416265955058216,1.0517971946943758,0.8874033243484216,0.8817592122518153,0.9055371848942516,0.9406049344542482,1.033952180772606,1.1928865267125903,0.9693454430155024,1.0508803527487456,0.9797484623564486,1.0035633978305076,0.9236630128127749,1.0016114256874722,1.1748027534094774,1.0070815910042203,1.00063373703047,0.9063541450669818,1.0324089244162196,1.0752048907744332,0.9266562362507904,1.1604310467722434,1.2644054553268208e-07,0.8920175045532572,0.999934300138464,3.2023410114416357,0.973247747787749,1.0041258421693418,0.9912250448512484,0.9869415742595958,3.05007687461138,1.1618844312804488,1.0206883257733803,1.0033597626140325,1.0726538951122475,0.9972824709795396,1.0755405807670009,0.978633123519882,0.9066936371522134,0.9839592798928546,0.909083454821095,1.11593926760395,1.376706367556448,1.0973347490407157
LC,0.5756017780521162,0.970278838179878,0.6478559776150684,0.7996765111780907,0.4283674956247844,0.8385735754928199,0.6543656665675729,1.3477882492213202,0.6968792769435566,0.4917689004584956,0.5169622610013804,0.4938116550703832,0.6221671560072555,0.6176559163489926,1.0184077766673745,0.723602157565849,0.6682771877645897,0.6133849641828029,0.6747665421649829,0.5043736601075093,0.5743370135488735,0.9587115275458254,0.5983334160912044,0.6909057349590548,0.5005129354506946,0.7091946855231906,0.6322339118450983,0.4888947067989411,0.9989656769520596,0.8920175045532573,1.0745380149674385e-07,0.5538275060681463,3.102679801978351,0.6384617537534727,0.6486948728880122,0.5706254593053125,0.6225213661871535,2.9605328813170946,1.061458426626728,0.7587760906025115,0.786423055317097,0.7713367595247561,0.7220600406861293,0.8140454227413458,0.7853453469806934,0.5171498187416576,0.6430035451037317,0.4819984294418181,0.6724046998515418,1.2633721734550123,0.8959161668656368
MQ,0.6958762345020733,0.9769994052955768,0.6860604074734475,0.8915610959965787,0.5645772802134561,0.9546946391861107,0.6978641323769023,1.3993039788218335,0.7398160480254768,0.6087272238134888,0.6446614793574653,0.5700622490668826,0.6650341161040219,0.6399184936959359,1.0550261544721535,0.8139694411313458,0.7513518617083441,0.6647351981780251,0.7223366787178593,0.6370466782002406,0.5197924526344005,1.0566029676330753,0.3686030138681886,0.7454234228897266,0.6293939077426978,0.7591603360506559,0.6757951881271057,0.5981182086001263,1.0965487635275952,0.999934300138464,0.5538275060681463,2.1073424255447017e-08,3.12553185018122,0.688043560982792,0.7093377517335113,0.6071228437433789,0.6606453139437872,2.9022668737437423,1.117551406884887,0.8153756382473826,0.864095511082534,0.8295295346903184,0.8356277273203904,0.9040803019552024,0.8833794393495181,0.623233914932328,0.675014966189186,0.5992206516631085,0.6803896394785006,1.3659531887520486,0.9951492973398148
MS,3.0205342210987896,3.129967057546943,3.179706436127834,3.138034047869262,3.1315102076497583,3.133916020408378,3.158905393271069,3.222970085179469,3.161366803917929,3.107254422931661,3.1008185532868837,3.163259393405302,3.16542253293947,3.205364934833483,3.1791706673421167,3.1287858376704816,3.0984371787633966,3.175464424298938,3.1715785893058737,3.10117064521582,3.150668982835968,3.1270164031684886,3.14064637147258,3.171968355120442,3.1005595491425844,3.1835221905837185,3.1899645617445795,3.1191720460373813,3.076886607541204,3.2023410114416357,3.102679801978351,3.12553185018122,1.3328003749250113e-07,3.158259976475965,3.145380222447952,3.2003386778713336,3.1806402401305207,4.108979167698748,3.158204509394649,3.14778947400842,3.102881746879864,3.1731195380986885,3.088148641490398,3.1130596217597244,3.0614108347903577,3.126327992364427,3.157583118353328,3.109014440584211,3.20650609220124,3.122945095322563,3.081008049667124
MX,0.716386012527757,1.0577600929654587,0.4381323621269474,0.8183263257802209,0.5843933724125877,0.9281121777351146,0.4305329676118252,1.356763996209242,0.5952905167150733,0.5845843330268219,0.5341258396678193,0.555274083425735,0.4083332380614538,0.4571616169700649,0.8195716225716105,0.7687539795964446,0.8117467568599087,0.4403123051511681,0.4291565614286916,0.6935210810662201,0.6265540338164214,1.0212864630373897,0.7132820022764664,0.4437896658281087,0.5737748650724713,0.5142269480748934,0.6995857522033441,0.5966300883212776,1.061653680461975,0.973247747787749,0.6384617537534727,0.688043560982792,3.158259976475965,0.0,0.4449278611907547,0.4909736839980356,0.4108283070856273,2.9669747664054333,0.8744296769036903,0.540692103717163,0.7525205738510873,0.5511107385747986,0.8100771754935427,0.8974719479824123,0.8430594125384138,0.5658986726243144,0.448898330737307,0.6252048368670214,0.6146904243538412,1.3490065762796208,1.0170463302614592
NI,0.7245775810668226,1.0630846816396902,0.5347936539231504,0.8853418558461731,0.6043412420989875,0.9820415665479212,0.4663742584731166,1.4063793229801171,0.6400156387171256,0.5987878021993175,0.5330862955929492,0.5973540569991708,0.5324508283530655,0.4840041060821487,0.8941247043379651,0.814569367432859,0.7878485273189532,0.4328961858069487,0.4706151691827357,0.6842750469122763,0.6149109614277152,1.0237790426430182,0.7024063227212961,0.429414889356057,0.5610970915069103,0.4599009678018171,0.6050120841005481,0.5839643310930155,1.093338561647749,1.0041258421693418,0.6486948728880122,0.7093377517335113,3.145380222447952,0.4449278611907547,1.1733186057227569e-07,0.4818734405970271,0.4463509706293113,2.9554955422335945,0.9814026656930316,0.59276742381132,0.7509406786743329,0.4763392437720137,0.8387796116554129,0.8917334477246701,0.8663881376022471,0.6024223595497215,0.5475413270079351,0.6327835405178529,0.5674188390681127,1.377317776033345,1.050821825047799
PA,0.6983065014833412,1.0539960756900777,0.5309519712869573,0.9013030902323684,0.500329348951903,0.9483629589648362,0.4660488839452137,1.4075557347627004,0.6248217444750157,0.5340888655349219,0.5475548584085305,0.4570408029065577,0.5093368829789883,0.3328186063778809,1.0063573933310583,0.8111992603505772,0.7209362689335734,0.4214731972029322,0.4877080946114946,0.5981351216658573,0.4669629053765048,1.0284568869411237,0.6345418500498348,0.4962418500452128,0.5124794588143994,0.5003868710586429,0.4855367870614215,0.4893495668994012,1.1400742224881588,0.9912250448512484,0.5706254593053125,0.6071228437433789,3.200338677871334,0.4909736839980356,0.4818734405970271,0.0,0.3840445908307353,2.999440720929408,1.0984205471580877,0.6679958955950578,0.8116937077185036,0.6418804560561338,0.8528160636946983,0.8500209648125039,0.9164958551042276,0.5255919215294862,0.5611273664227316,0.5509538585724418,0.3993222378273328,1.388471548319579,1.034192709281032
PE,0.7009706099715349,1.0710401300735166,0.476917189327652,0.8754158868414088,0.541186696944662,0.9574632856466692,0.4193115949944088,1.384552957318398,0.5929262976661925,0.5608445405318164,0.5324547100433578,0.5292951564260838,0.439283418771189,0.3702109790383194,0.9204520991342984,0.7938542412932933,0.7739041048480254,0.4296308476729389,0.4247196260328616,0.6517448860540939,0.5538322252681492,1.0361120796775274,0.6899889748224244,0.4227798043872569,0.5269790689367931,0.4831463683250198,0.5837328221220625,0.5411778395464101,1.118989611094376,0.9869415742595958,0.6225213661871535,0.6606453139437872,3.1806402401305207,0.4108283070856273,0.4463509706293113,0.3840445908307353,5.1619136559035694e-08,2.987918870919203,1.0225553668916256,0.5973251590628613,0.7587148623038052,0.5824865752991416,0.8454670442474312,0.8762998276680628,0.8783779071924188,0.5748338198192514,0.512773491827513,0.5799268605950854,0.4943579888437682,1.3733966834913711,1.0501693769957028
PM,2.990047821039156,2.908199512597639,2.9563850629061674,2.9422532378205446,2.961640445845034,2.976050254039371,2.9787585790161875,3.093599082478394,2.952971377230416,2.9608156868301587,2.9456579802082565,2.9384007200982736,2.9543208148337827,2.9990914476475394,2.957955995240049,2.9944942708325586,2.981608063810825,2.994629632287272,2.972598279434982,2.9787388034804554,2.936573478865843,2.95944871252426,2.9111383079999085,2.975948205393268,2.9741115384192893,2.9937605446214253,3.0241411093182773,2.987592513472893,3.0274808218950326,3.05007687461138,2.9605328813170946,2.9022668737437423,4.108979167698748,2.9669747664054333,2.955495542233594,2.999440720929408,2.987918870919203,1.0323827311807142e-07,2.9701596087694258,2.9580489980546614,2.93702126856863,2.981081200820107,2.948426621912762,3.0129001130478525,2.9400741354593336,2.930956389900923,2.9337528196578373,2.9781422436955034,3.018468827990922,3.1290309082797045,2.9898673566155782
PR,1.0778957510556706,1.2895098498181374,0.9358145923671768,0.990119820622984,1.0229070764488857,1.091121157698979,0.9985174588534036,1.4357343565633065,1.0253363703040403,0.985543175842276,0.929502221819044,1.0236405572341003,0.8840407506993639,1.106089707748482,0.7669025435857368,0.987957013810539,1.2238113464413305,0.9556648812479548,0.927291133802992,1.1222041934945708,1.1683221717938497,1.2278339486091236,1.137029537678945,0.9851886789111254,1.0266567292448412,1.0271205839443098,1.2757598323012609,1.077715854328413,1.135110537287716,1.1618844312804488,1.061458426626728,1.117551406884887,3.158204509394649,0.8744296769036904,0.9814026656930316,1.0984205471580877,1.0225553668916256,2.9701596087694258,0.0,0.9023260090307026,0.9542069369500472,1.0039596417849057,1.0547762851095026,1.2516822773863905,0.8916861827301881,0.9629429326888546,0.873837324282252,1.1010987511174355,1.2677861209781476,1.4542050369445163,1.1767011913785248
PY,0.83136792694094,1.1275372613933163,0.5737404226817725,0.8989535167541948,0.7086426142500973,0.9906451864825356,0.5815767225784266,1.4061985816822171,0.671787982342934,0.7138315628943526,0.6725643571038245,0.7033949940126603,0.5852720175554987,0.653737901811936,0.8689869365519919,0.855719641732022,0.9279833340632696,0.610935674235656,0.568802862906005,0.8157316483026702,0.7715952495832232,1.0770489410933135,0.8333477623673754,0.600031404569705,0.7068185504650378,0.6495905746789515,0.848557369042775,0.743413647055755,1.1231739953829971,1.0206883257733803,0.7587760906025115,0.8153756382473826,3.14778947400842,0.540692103717163,0.59276742381132,0.6679958955950578,0.5973251590628613,2.9580489980546614,0.9023260090307026,0.0,0.7916902694853094,0.6764279250506641,0.9205807642066132,0.9919747087002092,0.876005219449377,0.7084861010337735,0.5709975288077435,0.7714465169314194,0.7812514384249643,1.4021323512844492,1.083428968942159
SR,0.8423663363029597,1.1433425436545237,0.7581639861316595,0.8851569966274402,0.7139987776006853,0.9790973525145892,0.793557207711433,1.376869422703873,0.7881359656757342,0.6960899677240971,0.6555938710400152,0.7677372523976536,0.7065758273465298,0.8469712321877337,0.9561419087372024,0.8030328861486484,0.9405771151614092,0.7563830975218987,0.745725266779816,0.8405683897981665,0.8275977642070359,1.0139987589554929,0.8650247664971202,0.7472044162079201,0.6461992362731886,0.7592503173072451,0.8858938936477068,0.7557525000756664,1.0632588595150367,1.0033597626140325,0.786423055317097,0.864095511082534,3.102881746879864,0.7525205738510873,0.7509406786743327,0.8116937077185036,0.7587148623038052,2.93702126856863,0.9542069369500472,0.7916902694853094,9.424321830774485e-08,0.8430892362590386,0.9023814183825886,0.9982609459827768,0.6875926657571494,0.7526102555975172,0.7534235708706677,0.7877119956071506,0.9595641634116362,1.3457472134218131,1.0735520867441894
