ISO_CODE,AG,AI,AR,AW,BB,BM,BO,BQ,BR,BS,BZ,CA,CL,CO,CR,CW,DM,DO,EC,GD,GF,GL,GP,GT,GY,HN,HT,JM,KN,KY,LC,MQ,MS,MX,NI,PA,PE,PM,PR,PY,SR,SV,SX,TC,TT,US,UY,VC,VE,VG,VI
AG,1.0950072449966573e-07,1.3344425315022073,0.927300004845348,1.052804990644569,0.6147687151670418,0.9939083621055452,0.8804224499012998,1.8285243855573403,0.9300013598007448,0.6624532588039009,0.6866495018546953,0.7615639018670163,0.8776247492626714,0.8747261784659663,1.0500005618457997,0.8157138355848218,0.8977078754830523,0.8997707207330969,0.9051655929345852,0.6862325853610198,0.7979248794523882,1.0989528789300018,0.8325676128504712,0.8884143624991744,0.6312341841355507,0.8696869582438607,0.8086148718161238,0.6844253238415146,1.0446459428834811,0.898529747791752,0.6367475598883003,0.8222586398138878,4.623067669333579,0.9412774853045494,0.8525627164222347,0.8069094149043925,0.8753652516561543,3.7904399046673714,1.1993910305869733,0.967834858634832,0.7660466850769836,0.8928422812248078,0.980695131373684,1.1155538827530247,0.6497058219849169,0.7301971743956209,0.9303404765652936,0.7088994549621981,0.8464034571216542,1.687615788896181,1.2360487500841957
AI,1.3344425315022073,1.0745380149674385e-07,1.4694449917238046,1.454989717590356,1.331283638227989,1.4297663655410773,1.442742060237641,1.9671284086957332,1.4924302030651493,1.3422661445445705,1.3340817355445778,1.384699942473701,1.4392570107195493,1.4595749883351865,1.507116290760642,1.3743414874826554,1.402271315678243,1.4441148972095184,1.44982561481673,1.3331835360788111,1.337716632243845,1.5092731715556464,1.342302395207638,1.4575082671147246,1.3485305092822468,1.4482352110382226,1.4389327828615834,1.3898948178165866,1.45754636023919,1.3995130351563358,1.3243524863299323,1.3477703150062506,4.71886519674664,1.479876427416415,1.4292419814515178,1.4320990147962271,1.450875425071107,3.797958303287615,1.596916409111682,1.470921420319978,1.4112190554062118,1.442084449693766,1.3676214662646005,1.4583983201042474,1.3329391576080456,1.3673386694627512,1.4606721582490203,1.358828534347076,1.4398764729203617,1.8609070483019745,1.5396076808817944
AR,0.927300004845348,1.4694449917238046,9.245927368097647e-08,1.0791511695265226,0.7493894658824735,1.1078044832487872,0.473348624861385,1.946193780034675,0.6647796828619412,0.7402581112248092,0.6061717755406553,0.6348141973925415,0.5003906693525966,0.5190412573814527,0.7677460539343579,0.7705654429577639,1.0932487955174504,0.6346821403022763,0.5293415073160935,0.911259566468231,0.6641094731506978,1.118780744379125,0.6895651365582721,0.4839611823137573,0.6725798307375929,0.5062676576450369,0.5771483260345889,0.7948264414741405,1.3072571966718118,0.9983591741593618,0.8117815490836799,0.6745234471293949,4.913669511231536,0.6292664887618442,0.4947558958255135,0.4817270762213707,0.499549812386246,3.774400819838762,1.040032472692547,0.5593046571868618,0.7712474259890731,0.5291451077368907,1.2309328724447952,1.282968009390251,0.7494234969440026,0.674354250750886,0.4754896554666452,0.8817737312038629,0.4997973608593019,1.9305561965708316,1.4545676638482912
AW,1.052804990644569,1.454989717590356,1.0791511695265226,0.0,1.0115087488906993,1.1658627526524763,1.0254134364243914,1.754112644081962,1.1332177012818134,1.0343877140110431,0.9634730805271694,1.0376313466924008,1.0392214042342551,1.0337673862639325,1.0922844252365234,0.8340118004854185,1.2135735001773926,1.0575214533938206,1.017895469334802,1.0405837367630189,1.0045901078573625,1.197432229409184,1.0434953498700892,1.044956000391229,1.0013405643826414,1.0252274457665511,1.0850468936439226,1.0980468238394774,1.277451222710388,1.0746699710757024,0.9997139120964638,1.032497958060755,4.78898815513923,1.0808569460662187,1.001366074938312,1.02384538765696,1.0382872640807523,3.755438140518175,1.216905588825944,1.068341212855915,1.0372984131766625,1.0300170682340863,1.157782915617846,1.2950028915594127,1.004226596059982,1.0088147191274273,1.0683320866612138,1.0727385280368482,1.0110037486280494,1.805693566091364,1.371669397602925
BB,0.6147687151670418,1.331283638227989,0.7493894658824735,1.0115087488906993,5.866593028613784e-08,0.9262128099680568,0.7020170582078077,1.849987435778711,0.7435858048730843,0.4662705603315516,0.5028837066284669,0.5332383230258216,0.6962762730947794,0.6818998721914284,0.924314271966116,0.6867263766799426,0.8602605373935058,0.7501772680757604,0.744002835255819,0.5607545435958082,0.6157451932383909,1.0364663776783398,0.6435393319576961,0.6994476935515778,0.3858947938147208,0.6806908601219448,0.5806923311047022,0.4697557519030446,1.0490356686511788,0.807532255988164,0.4614167062118342,0.6241766697299801,4.66845838021237,0.7863258107092801,0.6787184087415731,0.5937007005383943,0.6862575799535077,3.7459378638426206,1.131008413775582,0.8247721818031113,0.6735212666060149,0.7249714626885894,0.9986718033188584,1.1050439890776789,0.4141157257411451,0.5261102843830807,0.766093961218366,0.5706770534951863,0.6606051936216709,1.728572470107658,1.2421477193822403
BM,0.9939083621055452,1.4297663655410773,1.1078044832487872,1.1658627526524763,0.9262128099680568,0.0,1.0842996460493788,1.8931186417564585,1.1089712694434437,0.9420313115112208,0.9429980088564826,0.9447511277991544,1.057143872022791,1.0836947218605972,1.20396595473371,1.0112403351632313,1.1253600599484015,1.1113860708676635,1.0999619832135452,0.9514676664742596,1.0066066474675672,1.1766725933102378,1.0482811187367234,1.0776242596228802,0.934197582014602,1.0737884300818508,1.0501323292366254,1.0243096024161782,1.2396996133980365,0.9816086396385224,0.9273907026546602,1.0343421012053735,4.737212262689257,1.1276808526072974,1.0673708891497404,1.0294226868772516,1.0759813523937307,3.7618142514882846,1.3170665021161445,1.1467707575549717,1.0490917135109743,1.08726252799749,1.171190728079749,1.2514751686740144,0.9354488755783552,0.9236543716511104,1.1011696544681726,0.9973882671754182,1.067987073408325,1.7747748136543071,1.2775436532608235
BO,0.8804224499012998,1.442742060237641,0.473348624861385,1.0254134364243914,0.7020170582078077,1.0842996460493788,0.0,1.9089912657986752,0.6226446388760316,0.6951488353912715,0.5140236735663507,0.5913375148670276,0.442708287830206,0.4012599905118608,0.6725234774273556,0.7179654635094311,1.062202802390034,0.538180815946369,0.3552634232394684,0.8739538121732562,0.6114143250010576,1.0837870313018525,0.6779634255497087,0.3780205708516657,0.6163798006393955,0.3640126162507123,0.5115148746724106,0.7526851682803802,1.2578842895706333,0.9473051234032264,0.761360843168483,0.6543033711727538,4.900286931011276,0.5394029709654949,0.326745153114878,0.3616755277154848,0.3824158125054329,3.768306131176398,0.978327939465392,0.4924670468374114,0.716965455339625,0.3842447868819204,1.1866155545342516,1.2350691450085485,0.7055799337407225,0.630729367762863,0.4854910720166207,0.8386754661227667,0.3598969706923162,1.8973869426456451,1.4211344462031972
BQ,1.8285243855573403,1.9671284086957332,1.946193780034675,1.754112644081962,1.849987435778711,1.8931186417564585,1.9089912657986752,2.3084779657169682e-07,1.9566024052877216,1.8672471909939128,1.839767607209233,1.9189714121312256,1.9114930260365068,1.9258801058161523,1.876486211403966,1.7647658200651373,1.8801346398143883,1.8882738935771617,1.8955266604209489,1.8260904021018816,1.875882036783203,1.914974501935808,1.9116697602374395,1.9157892872677171,1.8675106231846808,1.9066618589119824,1.9695298775459145,1.9089302426718149,1.8750668815112297,1.860228322170516,1.8373352141228696,1.9073956550333035,4.835955280554841,1.9317421578652256,1.8820267951257212,1.926076908820176,1.9123423997414544,4.047233178398683,1.9236298727584704,1.8923624158650936,1.889861152275233,1.8873015442598104,1.8062217525589428,1.8794977604561691,1.84085337508296,1.879286186228004,1.921547322858576,1.858521833503527,1.9136114601259604,2.1835963284868614,1.9418397701148424
BR,0.9300013598007448,1.4924302030651493,0.6647796828619412,1.1332177012818134,0.7435858048730843,1.1089712694434437,0.6226446388760316,1.9566024052877216,8.161702118890974e-08,0.7303682599312868,0.6441006190754267,0.625881439141011,0.6562814884836804,0.6296899692235773,0.8961946732313592,0.8194918266201954,1.099453245820401,0.7422221030997477,0.6861174893563704,0.9066621918751532,0.6462536356652597,1.131552066145958,0.7459499387140204,0.6298882068924786,0.6589153934060237,0.6370394208268183,0.5874300903216005,0.7843335318839987,1.3242614743036611,1.0071589929821347,0.8073754046713895,0.7247994741355557,4.907392545126089,0.7476709542124356,0.634688095051898,0.5633551962948677,0.6273332341797532,3.778416742109128,1.1622745914210368,0.7235116552955634,0.7783471379098823,0.6613074011655438,1.252889937226333,1.2922117199076992,0.7447544385279545,0.6693021320131809,0.6920382250897964,0.8765420773589573,0.6110556677666702,1.9388356408593892,1.4634348170219946
BS,0.6624532588039009,1.3422661445445705,0.7402581112248092,1.0343877140110431,0.4662705603315516,0.9420313115112208,0.6951488353912715,1.8672471909939128,0.7303682599312868,0.0,0.4808836180983064,0.5280293059406863,0.6883243292601803,0.6709115180338115,0.9391862094524256,0.702521635363649,0.8760590751778685,0.7334996721406981,0.7422453467275977,0.6353564171799496,0.6392133778934217,1.068809749381707,0.6696531922910138,0.6935996349254081,0.4281780343304139,0.6774407908386572,0.5668515370207617,0.5318834075914651,1.0806258038692544,0.8194668750751216,0.5285623671223394,0.6555364192008257,4.696412336790128,0.7803763829016583,0.6782117141271262,0.577505855140043,0.674153953358829,3.788603936650857,1.1341527396322866,0.832037975597468,0.688392494141041,0.7216917423110883,1.0346567808631963,1.0974176566656615,0.4821480131966077,0.4972023483342855,0.7635783871532088,0.6438820265370555,0.6425214526030627,1.7471545828492467,1.2504240002633324
BZ,0.6866495018546953,1.3340817355445778,0.6061717755406553,0.9634730805271694,0.5028837066284669,0.9429980088564826,0.5140236735663507,1.8397676072092333,0.6441006190754267,0.4808836180983064,1.058926463391773e-07,0.4698296886958434,0.5354673068895754,0.5131122476365295,0.7787483569203277,0.6234424213472128,0.9003337934197806,0.5888935258038471,0.553905515685352,0.6735391008923185,0.5512035973042191,0.9966492304658584,0.6147136955974712,0.5229078944504016,0.4110607856786312,0.4961177707663682,0.4751913524535571,0.5652199527152955,1.1032086584883336,0.8121967668652557,0.5427654728230211,0.5968953250299311,4.769099641434645,0.6292197610291075,0.4717344113187336,0.4216421630910109,0.5194020871919519,3.7567209648074726,1.020583577143036,0.6553157659351742,0.6167345707220836,0.529687673512768,1.0363014188879878,1.105149968767791,0.4942283932998404,0.4737794482385046,0.6257412116885516,0.6533634462089406,0.4772196764790218,1.7671126630469745,1.2764251982934038
CA,0.7615639018670163,1.384699942473701,0.6348141973925415,1.0376313466924008,0.5332383230258216,0.9447511277991544,0.5913375148670276,1.9189714121312256,0.625881439141011,0.5280293059406863,0.4698296886958434,0.0,0.5579341857636574,0.5611379032228144,0.8599619068152429,0.6885916258633751,0.9583180538215506,0.6593729303313258,0.6393707073333128,0.7175894490636305,0.5902273009225182,1.0172033393509543,0.6356116421187767,0.5773752918054174,0.4447090757866726,0.566816216061099,0.4687257141996888,0.6151197810684517,1.1713790876688837,0.8320393583670818,0.6194196991197408,0.6118371234851346,4.822888572237833,0.6806875738238869,0.5659336023454892,0.4437882919824989,0.5637568878116853,3.734813454151434,1.0724371213516992,0.7353210062022696,0.6581794952401838,0.6128256327725589,1.1063871534058074,1.168158866187563,0.5258073346193638,0.3035161464924175,0.6553434781913121,0.7055718263681984,0.5300608430726794,1.8232487791816856,1.3182269879405946
CL,0.8776247492626714,1.4392570107195493,0.5003906693525966,1.0392214042342551,0.6962762730947794,1.057143872022791,0.442708287830206,1.9114930260365068,0.6562814884836804,0.6883243292601803,0.5354673068895754,0.5579341857636574,0.0,0.4778416649479713,0.7062524223362433,0.7272771390403686,1.0514381591632047,0.5721669616997502,0.4642112909944414,0.8597261466867221,0.6398705723678877,1.0797290552603214,0.6829202386907106,0.4583601304069396,0.6135594781286449,0.4461928754237082,0.5564681071575931,0.7507130913772987,1.2518312499295052,0.9482410317133187,0.7601349986429213,0.6631099765298325,4.881686884581379,0.5975605527948524,0.4383822531026208,0.4021524502913579,0.4489092187662757,3.764122407155901,0.9563621069232756,0.549316593004719,0.736951519825024,0.4624187559710203,1.18144172088126,1.2393050685839522,0.6909125552460433,0.5991590588126076,0.5090605423332932,0.8386190773373237,0.4500783786408545,1.8876220476619183,1.4074915214720185
CO,0.8747261784659662,1.4595749883351865,0.5190412573814527,1.0337673862639325,0.6818998721914284,1.0836947218605972,0.4012599905118608,1.9258801058161523,0.6296899692235773,0.6709115180338115,0.5131122476365295,0.5611379032228144,0.4778416649479713,6.143906154658886e-08,0.7221449337464466,0.718448699796498,1.052178628424064,0.549854451019317,0.4299069999571508,0.860676882895218,0.6091792959359762,1.0933375047982643,0.672470482046312,0.4324531262834753,0.5918166184535637,0.4077740074562557,0.4688753920298484,0.7244497179537105,1.2642747300559665,0.951754053782119,0.7484305717553961,0.6465030002568453,4.906298685541385,0.5889194686273072,0.3831435512211674,0.3472990889175584,0.4217636921240559,3.7831058078705215,1.030911767222393,0.5676550659048732,0.7132984227695958,0.4509000221666217,1.1957549049257674,1.2400230160883063,0.6928754429851532,0.6072874843071422,0.5461973255375857,0.8229139339172398,0.3536033443010107,1.9185688450895872,1.431598466953055
CR,1.0500005618457997,1.507116290760642,0.7677460539343579,1.0922844252365234,0.924314271966116,1.20396595473371,0.6725234774273556,1.876486211403966,0.8961946732313592,0.9391862094524256,0.7787483569203277,0.8599619068152429,0.7062524223362433,0.7221449337464466,0.0,0.8980323003543115,1.1949175121413698,0.8013488373403412,0.6634488530781684,1.0394601815280191,0.8533059108525717,1.1732491668759943,0.896618605842401,0.6765821469415504,0.874289037506888,0.6541550662455686,0.8431898593355999,0.976202474770344,1.3428383471370626,1.093363828900222,0.9609993984119812,0.8810265081121016,4.890887769794677,0.7496895094296493,0.6323979953656022,0.6971992047444974,0.7170270473875097,3.744525708651511,1.0169695793716098,0.6848820353567459,0.9272701237233616,0.6250308364258786,1.2694053247440678,1.3273693734843104,0.8959535198251847,0.8665078190322835,0.7325194011038968,1.0247999557694558,0.7263284737101507,1.9318534586122924,1.4828243734265822
CW,0.8157138355848218,1.3743414874826554,0.7705654429577639,0.8340118004854185,0.6867263766799426,1.0112403351632313,0.7179654635094311,1.7647658200651373,0.8194918266201954,0.702521635363649,0.6234424213472128,0.6885916258633751,0.7272771390403686,0.718448699796498,0.8980323003543115,1.4136482746161726e-07,1.010562838595072,0.7599745481533275,0.733092942892068,0.7978197608863361,0.7062987233256168,1.0646555314907646,0.7370922489907384,0.7151043144592505,0.6495038390471992,0.6981493623803415,0.7137137646198319,0.773564319505081,1.157537073022412,0.9011259456812686,0.7184300068418324,0.7248943488685897,4.784215397011606,0.8062476497768372,0.6817631845645689,0.6614508368037868,0.7199296788480335,3.76587023767592,1.0813750632461423,0.8048424926628234,0.7290823888745329,0.7322554201248702,1.0431686817874215,1.176107374012892,0.6901208037662234,0.6878855166588068,0.7766332821711379,0.8080809138569903,0.6693955776479967,1.7941498754149343,1.3143828571955238
DM,0.8977078754830523,1.402271315678243,1.0932487955174504,1.2135735001773926,0.8602605373935058,1.1253600599484015,1.062202802390034,1.8801346398143888,1.099453245820401,0.8760590751778685,0.9003337934197806,0.9583180538215506,1.0514381591632047,1.052178628424064,1.1949175121413698,1.010562838595072,1.228781230931777e-07,1.0876435707790748,1.0814315153489429,0.8785406234034511,0.9805606203235724,1.2242098947174558,1.0032345566256953,1.0537973871635846,0.865367635265769,1.0466721184077403,0.9975018416654432,0.9163546280754185,1.1670593218731589,1.0744046799140483,0.8505960272200196,0.992771683028268,4.6580111585600426,1.1161220760432338,1.0399687304854697,1.0058946150898576,1.0555350782278852,3.8258854850687496,1.3487421430475466,1.132786701439571,1.0071866933247633,1.0658681141884967,1.12648515688691,1.2124429515803143,0.8634113071058821,0.9302976157681124,1.0912023881567765,0.9086219392752052,1.036420180411669,1.74550860637675,1.3451015618562834
DO,0.8997707207330969,1.4441148972095184,0.6346821403022763,1.0575214533938206,0.7501772680757604,1.1113860708676635,0.538180815946369,1.8882738935771617,0.7422221030997477,0.7334996721406981,0.5888935258038471,0.6593729303313258,0.5721669616997502,0.549854451019317,0.8013488373403412,0.7599745481533275,1.0876435707790748,1.021572142899192e-07,0.534231688746827,0.9050129749642056,0.6941339358232322,1.1530914574022997,0.7464758863426468,0.5684232643773187,0.6706754919582147,0.5243206992004612,0.6160100747676159,0.7995413792705982,1.2620587930023657,0.9769184495700896,0.8123727022847754,0.7265715598336372,4.885209441273656,0.6795264814079842,0.4961364487281144,0.5043918636198804,0.5642866484757602,3.793883852788322,0.9564567663374536,0.6537704569914613,0.7848873953893463,0.5703058975240932,1.1850836462090872,1.2331279902804475,0.7586073769099188,0.6702709868126651,0.655163116526982,0.8841381400592779,0.4933914641315012,1.8915843505429597,1.4009549785041553
EC,0.9051655929345852,1.4498256148167297,0.5293415073160935,1.017895469334802,0.744002835255819,1.0999619832135452,0.3552634232394684,1.8955266604209489,0.6861174893563704,0.7422453467275977,0.553905515685352,0.6393707073333128,0.4642112909944414,0.4299069999571508,0.6634488530781684,0.733092942892068,1.0814315153489429,0.534231688746827,0.0,0.9014275541806204,0.6589788408949784,1.0961845096857985,0.719911074964906,0.4169335110216447,0.6594880000483012,0.3831864253425092,0.582824414240156,0.7922029028456397,1.264355065905206,0.9719573490771808,0.7970421289443043,0.6969798283713704,4.898618799306719,0.5615935289373799,0.3518328279110381,0.4101554290259228,0.4257529814176078,3.7704452158658497,0.9416754174597124,0.503149615845482,0.7475047225904025,0.3999244769206835,1.1954299984648773,1.247503195605371,0.7372316371088865,0.6677933167195974,0.5163962530958862,0.8699284128779774,0.3976193862425635,1.898093563232384,1.4249963554846214
GD,0.6862325853610198,1.3331835360788111,0.911259566468231,1.0405837367630189,0.5607545435958082,0.9514676664742596,0.8739538121732562,1.8260904021018816,0.9066621918751532,0.6353564171799496,0.6735391008923185,0.7175894490636305,0.8597261466867221,0.860676882895218,1.0394601815280191,0.7978197608863361,0.8785406234034511,0.9050129749642056,0.9014275541806204,0.0,0.7647454421479899,1.0475531512058518,0.7987761565634718,0.8641022577201776,0.598660711115753,0.8502021153296375,0.783031310251047,0.6510739927547959,1.0238353503266602,0.8547177897232674,0.5738460615569139,0.7879712238076942,4.625380437316412,0.9366917435155822,0.8484710201211827,0.7910359939398851,0.8630549259822654,3.763482274686458,1.2057928258108357,0.9684900817687366,0.8067543363887849,0.8802117168126568,0.9860460432488086,1.103724107391797,0.6085938118210976,0.6891609969961762,0.9145898134299044,0.6685015357880268,0.8427426139207069,1.6895917783798402,1.2146901802504344
GF,0.7979248794523882,1.337716632243845,0.6641094731506978,1.0045901078573625,0.6157451932383909,1.0066066474675672,0.6114143250010576,1.875882036783203,0.6462536356652597,0.6392133778934217,0.5512035973042191,0.5902273009225182,0.6398705723678877,0.6091792959359762,0.8533059108525717,0.7062987233256168,0.9805606203235724,0.6941339358232322,0.6589788408949784,0.7647454421479899,0.0,1.0219038467755557,0.45952054636928,0.6376659542591885,0.5616134473087475,0.6217533838796242,0.5253944852671559,0.6832891879808796,1.184719949281664,0.8864982278042235,0.6480152235171528,0.4163533234807497,4.829943526190373,0.7252118500771051,0.5948372723314025,0.5462347941845032,0.596201991875235,3.6756346423474406,1.1157945605751725,0.7354877650361805,0.6702513735095581,0.6524608843880647,1.0891283651426622,1.154741327731123,0.6459736379153167,0.6353773637976877,0.6803950151353471,0.7554038466435552,0.5828643381507183,1.8219537615759585,1.3272285638758765
GL,1.0989528789300018,1.5092731715556464,1.118780744379125,1.197432229409184,1.0364663776783398,1.1766725933102378,1.0837870313018525,1.914974501935808,1.131552066145958,1.068809749381707,0.9966492304658584,1.0172033393509543,1.0797290552603214,1.0933375047982643,1.1732491668759943,1.0646555314907646,1.2242098947174558,1.1530914574022997,1.0961845096857985,1.0475531512058518,1.0219038467755557,0.0,1.0744617478692728,1.0823498351788408,1.0256779142500738,1.078183366127182,1.0757891721661867,1.1275864234517383,1.3264017871935576,1.1096472635675585,1.0237332812623774,1.072600827351561,4.839006476344972,1.126601936453334,1.055787825413704,1.058121588215054,1.0870645323691084,3.720479807829876,1.3486294108443062,1.1312414566696265,1.0670763900984053,1.0870559673986029,1.264258915639241,1.3326610095111862,1.0304369094790784,1.017987722482495,1.108230899575481,1.0832549717271618,1.0870767385654327,1.853713396019656,1.4487410351133494
GP,0.8325676128504712,1.342302395207638,0.6895651365582721,1.0434953498700892,0.6435393319576961,1.0482811187367234,0.6779634255497087,1.9116697602374395,0.7459499387140204,0.6696531922910138,0.6147136955974712,0.6356116421187767,0.6829202386907106,0.672470482046312,0.896618605842401,0.7370922489907384,1.0032345566256953,0.7464758863426468,0.719911074964906,0.7987761565634718,0.45952054636928,1.0744617478692728,0.0,0.6942354832424263,0.6050162611149632,0.6854329565630005,0.58962274043005,0.7017386266697399,1.2155216369757718,0.9369028124414948,0.6821523763292442,0.3367385061929842,4.817011945866067,0.7692355486883226,0.6653361480999505,0.6103281246191297,0.6618610074244605,3.6665288593260623,1.139060480640033,0.7861429965673545,0.7211537244840251,0.7109474034925435,1.123866932967108,1.191332876253079,0.6700950862534231,0.6706282503298475,0.7171172032350616,0.7877298569262858,0.6471520952776098,1.8463499635734064,1.357320946586516
GT,0.8884143624991744,1.4575082671147246,0.4839611823137573,1.044956000391229,0.6994476935515778,1.0776242596228802,0.3780205708516657,1.9157892872677171,0.6298882068924786,0.6935996349254081,0.5229078944504016,0.5773752918054174,0.4583601304069396,0.4324531262834753,0.6765821469415504,0.7151043144592505,1.0537973871635846,0.5684232643773187,0.4169335110216447,0.8641022577201776,0.6376659542591885,1.0823498351788408,0.6942354832424263,4.0808510594454864e-08,0.6184819191207662,0.3230511071204633,0.4962850423981985,0.7451746275725224,1.2715528303555388,0.955334661738861,0.7621703413909946,0.6780386874693423,4.893756153356933,0.5470168531592231,0.3525486516986923,0.361249240949224,0.4280324029605533,3.773525083044,0.998017917749068,0.5347069223417598,0.7235397318450681,0.3630286320688614,1.1973531323056343,1.2366776666861343,0.6914415006728766,0.6084456822293233,0.5208080213709946,0.8401508264826225,0.4234373656305239,1.906981741769714,1.4221195276776573
GY,0.6312341841355507,1.3485305092822468,0.6725798307375929,1.0013405643826414,0.3858947938147208,0.934197582014602,0.6163798006393955,1.8675106231846808,0.6589153934060237,0.4281780343304139,0.4110607856786312,0.4447090757866726,0.6135594781286449,0.5918166184535637,0.874289037506888,0.6495038390471992,0.865367635265769,0.6706754919582147,0.6594880000483012,0.598660711115753,0.5616134473087475,1.0256779142500738,0.6050162611149632,0.6184819191207662,0.0,0.5948595240098085,0.480805586059122,0.4577141910230134,1.0809652979132147,0.8172942608470152,0.4756300859771939,0.5823039750609235,4.706386311635976,0.711641406776263,0.5845200579969028,0.494326427454807,0.5928030318902117,3.762413022045376,1.0839517128543803,0.7524737167430647,0.5708296221651825,0.6378192867384747,1.016756423142335,1.1071254840644964,0.3808291689746687,0.4436483717595657,0.6899697073040373,0.5846410569393093,0.5588728977535187,1.7454031362800748,1.2738135224241829
HN,0.8696869582438607,1.4482352110382226,0.5062676576450369,1.0252274457665511,0.6806908601219448,1.0737884300818503,0.3640126162507123,1.9066618589119824,0.6370394208268183,0.6774407908386572,0.4961177707663682,0.566816216061099,0.4461928754237082,0.4077740074562557,0.6541550662455686,0.6981493623803415,1.0466721184077403,0.5243206992004612,0.3831864253425092,0.8502021153296375,0.6217533838796242,1.078183366127182,0.6854329565630005,0.3230511071204633,0.5948595240098085,1.303319311479919e-07,0.4736349050052996,0.7316661468445603,1.2513776867447646,0.9370622655599368,0.7458966442943775,0.6636517729080854,4.887813250616014,0.5499112465247924,0.2866002451252994,0.3120949112924448,0.4177737275031234,3.7731455157998486,0.9715669140863042,0.5143717830860406,0.7039436074911086,0.3194075204885214,1.1834295913001895,1.223918757545129,0.6796240534987438,0.5945781659217775,0.5133859564756186,0.8249938786228135,0.3597828161477042,1.8979965689727611,1.4109851280323191
HT,0.8086148718161237,1.4389327828615834,0.5771483260345889,1.0850468936439226,0.5806923311047022,1.0501323292366254,0.5115148746724106,1.9695298775459145,0.5874300903216005,0.5668515370207617,0.4751913524535571,0.4687257141996888,0.5564681071575931,0.4688753920298484,0.8431898593355998,0.7137137646198319,0.9975018416654432,0.6160100747676159,0.582824414240156,0.783031310251047,0.5253944852671559,1.0757891721661867,0.58962274043005,0.4962850423981985,0.480805586059122,0.4736349050052996,0.0,0.6165269705649143,1.2428721412262074,0.913122429238738,0.655642272362673,0.5596502377252173,4.879312199535557,0.6665257039278385,0.4602375122916172,0.3395462547560854,0.4867428823389763,3.7792725589228255,1.1409867823209223,0.6848436290050889,0.6397757927202308,0.5456953889977239,1.1691464850697306,1.1911076522872346,0.621240824757044,0.5255659836601436,0.6152373505385803,0.7360079480466376,0.4381358496543066,1.8993824192556048,1.405964220172753
JM,0.6844253238415146,1.3898948178165866,0.7948264414741405,1.0980468238394774,0.4697557519030446,1.0243096024161782,0.7526851682803802,1.9089302426718149,0.7843335318839987,0.5318834075914651,0.5652199527152955,0.6151197810684517,0.7507130913772987,0.7244497179537105,0.976202474770344,0.773564319505081,0.9163546280754185,0.7995413792705982,0.7922029028456397,0.6510739927547959,0.6832891879808796,1.1275864234517383,0.7017386266697399,0.7451746275725224,0.4577141910230134,0.7316661468445603,0.6165269705649143,1.286169625940328e-07,1.1224215699338311,0.8931864501150825,0.5546515195177244,0.6756045679034544,4.665576404962797,0.8363721090129617,0.7257388945665075,0.6407065367589586,0.7325932294920332,3.793011647412176,1.1897997960492883,0.8734249691671581,0.7239765707847081,0.772808742435867,1.0959891831068935,1.155023322932898,0.5034683716783572,0.6088090695788652,0.8133195734528196,0.6343812126410004,0.7059850758512626,1.796365488350437,1.3284691708999892
KN,1.0446459428834811,1.45754636023919,1.3072571966718118,1.277451222710388,1.0490356686511788,1.2396996133980365,1.257884289570633,1.8750668815112297,1.3242614743036611,1.0806258038692544,1.1032086584883336,1.1713790876688837,1.2518312499295052,1.2642747300559665,1.3428383471370626,1.157537073022412,1.1670593218731589,1.2620587930023657,1.264355065905206,1.0238353503266602,1.184719949281664,1.3264017871935576,1.2155216369757718,1.2715528303555388,1.0809652979132147,1.2513776867447646,1.2428721412262074,1.1224215699338311,0.0,1.175125336775264,1.0244975329771315,1.2106828070616855,4.595184387723027,1.2977530080751452,1.2344867761141938,1.2247998582638646,1.2653578813883124,3.839008284234285,1.41750728933972,1.308432693060253,1.2039538304862163,1.2518522597597397,1.1510226281776432,1.2864149792528683,1.0690840685411536,1.133725290582802,1.293839890635812,1.0687400294531484,1.2414788996748485,1.7323427633132913,1.3256331157858614
KY,0.898529747791752,1.3995130351563358,0.9983591741593618,1.0746699710757024,0.807532255988164,0.9816086396385224,0.9473051234032264,1.860228322170516,1.0071589929821347,0.8194668750751216,0.8121967668652557,0.8320393583670818,0.9482410317133187,0.951754053782119,1.093363828900222,0.9011259456812686,1.0744046799140483,0.9769184495700896,0.9719573490771808,0.8547177897232674,0.8864982278042235,1.1096472635675585,0.9369028124414948,0.955334661738861,0.8172942608470152,0.9370622655599368,0.913122429238738,0.8931864501150825,1.175125336775264,2.1849391309343546e-07,0.814488761835155,0.9259568636657226,4.742420218105289,0.9979002093880924,0.9258059026924488,0.8899917837277066,0.9469597218481508,3.7751764973289736,1.236096602047594,1.0270068238507408,0.9441185360986672,0.956041322443666,1.1056598280060077,1.160421203581682,0.8428033095390544,0.8184392083403769,0.9983490839029094,0.8962267587523042,0.9263941248903372,1.7510839209611933,1.2624268948512818
LC,0.6367475598883003,1.3243524863299323,0.8117815490836799,0.9997139120964638,0.4614167062118342,0.9273907026546602,0.761360843168483,1.8373352141228696,0.8073754046713895,0.5285623671223394,0.5427654728230211,0.6194196991197408,0.7601349986429213,0.7484305717553961,0.9609993984119812,0.7184300068418324,0.8505960272200196,0.8123727022847754,0.7970421289443043,0.5738460615569139,0.6480152235171528,1.0237332812623774,0.6821523763292442,0.7621703413909946,0.4756300859771939,0.7458966442943775,0.655642272362673,0.5546515195177244,1.0244975329771315,0.814488761835155,0.0,0.6678517774244402,4.642196982563794,0.8428828649447972,0.738300657271356,0.6717084803728858,0.7474993663706887,3.759645032109431,1.1656050461510747,0.8785640896468915,0.7110442367771305,0.7776482041326989,0.9853449039489376,1.092597556147864,0.5049014941105027,0.6064821845072622,0.8197643641812937,0.5944069440160463,0.727367321952734,1.7077055047576717,1.2148778081890803
MQ,0.8222586398138878,1.3477703150062506,0.6745234471293949,1.032497958060755,0.6241766697299801,1.0343421012053735,0.6543033711727538,1.9073956550333035,0.7247994741355557,0.6555364192008257,0.5968953250299311,0.6118371234851346,0.6631099765298325,0.6465030002568453,0.8810265081121016,0.7248943488685897,0.992771683028268,0.7265715598336372,0.6969798283713704,0.7879712238076942,0.4163533234807497,1.072600827351561,0.3367385061929842,0.6780386874693423,0.5823039750609235,0.6636517729080854,0.5596502377252173,0.6756045679034544,1.2106828070616855,0.9259568636657226,0.6678517774244402,7.742870483855356e-08,4.819534748565777,0.7535462973079601,0.6397871755446612,0.5827538328551899,0.635279094658279,3.6720528171553255,1.1340925370008077,0.7713000946138927,0.6967695272313187,0.6943877780256347,1.1231928529009745,1.1869349902747683,0.6535867498481911,0.6588054540690662,0.6976250538307287,0.771579199540796,0.6164661696507988,1.8469969442340888,1.3621388031550778
MS,4.623067669333579,4.71886519674664,4.913669511231536,4.78898815513923,4.668458380212371,4.737212262689257,4.900286931011276,4.835955280554841,4.90739254512609,4.696412336790128,4.769099641434645,4.822888572237833,4.881686884581379,4.906298685541385,4.890887769794677,4.784215397011606,4.6580111585600426,4.885209441273656,4.898618799306719,4.625380437316412,4.829943526190373,4.839006476344972,4.817011945866067,4.893756153356933,4.706386311635976,4.887813250616014,4.879312199535556,4.665576404962797,4.595184387723026,4.742420218105289,4.642196982563794,4.819534748565777,3.8628224721001757e-07,4.8945707176016775,4.889776191242086,4.885032302982082,4.903533031883304,6.02895478181226,4.855190511814435,4.907605786075024,4.800362815386,4.889240645246514,4.618291571420222,4.679498249057357,4.660790828164001,4.780145000136478,4.898221476469664,4.65949186290158,4.902553541670053,4.6968504848675305,4.676341688905325
MX,0.9412774853045494,1.479876427416415,0.6292664887618442,1.0808569460662187,0.7863258107092801,1.1276808526072972,0.5394029709654949,1.9317421578652256,0.7476709542124356,0.7803763829016583,0.6292197610291075,0.6806875738238869,0.5975605527948524,0.5889194686273072,0.7496895094296493,0.8062476497768372,1.1161220760432338,0.6795264814079842,0.5615935289373799,0.9366917435155822,0.7252118500771051,1.126601936453334,0.7692355486883226,0.5470168531592231,0.711641406776263,0.5499112465247924,0.6665257039278385,0.8363721090129617,1.2977530080751452,0.9979002093880924,0.8428828649447972,0.7535462973079601,4.8945707176016775,0.0,0.540795393964958,0.5534245555172661,0.5680947182178717,3.7736873623126654,1.035182553713765,0.6507879891934766,0.8015601529578419,0.5482249243717113,1.21553496326781,1.2723594125609885,0.775900407503388,0.6961287140514576,0.6562661393565734,0.9136677004547092,0.5643933371699837,1.9203333532221731,1.4423169143619297
NI,0.8525627164222347,1.4292419814515178,0.4947558958255135,1.001366074938312,0.6787184087415731,1.0673708891497402,0.326745153114878,1.8820267951257212,0.634688095051898,0.6782117141271262,0.4717344113187336,0.5659336023454892,0.4383822531026208,0.3831435512211674,0.6323979953656022,0.6817631845645689,1.0399687304854697,0.4961364487281144,0.3518328279110381,0.8484710201211827,0.5948372723314025,1.055787825413704,0.6653361480999505,0.3525486516986923,0.5845200579969028,0.2866002451252994,0.4602375122916172,0.7257388945665075,1.2344867761141938,0.9258059026924488,0.738300657271356,0.6397871755446612,4.889776191242086,0.540795393964958,0.0,0.3103621366001475,0.3894161922978008,3.768190416282121,0.9526686275176436,0.4701675528654125,0.6724890717205712,0.3233673308351967,1.1643776048373562,1.2079908299679465,0.6820307338182384,0.5936842277944177,0.4914598966128775,0.8137670720102467,0.3127511014056901,1.8838024457944136,1.396404969833268
PA,0.8069094149043925,1.4320990147962271,0.4817270762213707,1.02384538765696,0.5937007005383943,1.0294226868772516,0.3616755277154848,1.9260769088201763,0.5633551962948677,0.577505855140043,0.4216421630910109,0.4437882919824989,0.4021524502913579,0.3472990889175584,0.6971992047444974,0.6614508368037868,1.0058946150898576,0.5043918636198804,0.4101554290259228,0.7910359939398851,0.5462347941845032,1.058121588215054,0.6103281246191297,0.361249240949224,0.494326427454807,0.3120949112924448,0.3395462547560854,0.6407065367589586,1.2247998582638646,0.8899917837277066,0.6717084803728858,0.5827538328551899,4.885032302982082,0.5534245555172661,0.3103621366001475,5.6250649953415616e-08,0.3618804432770884,3.774774134049943,1.0033028079081938,0.532529963940239,0.6522282164492397,0.3884766416591266,1.1570357226930623,1.1948208344164466,0.609467857780711,0.4975732907444354,0.4749478836698584,0.7516962327290655,0.3042457822667085,1.8853403561909083,1.3949189870421166
PE,0.8753652516561543,1.450875425071107,0.499549812386246,1.0382872640807523,0.6862575799535077,1.0759813523937307,0.3824158125054329,1.912342399741454,0.6273332341797532,0.674153953358829,0.5194020871919519,0.5637568878116853,0.4489092187662757,0.4217636921240559,0.7170270473875097,0.7199296788480335,1.0555350782278852,0.5642866484757602,0.4257529814176078,0.8630549259822654,0.596201991875235,1.0870645323691084,0.6618610074244605,0.4280324029605533,0.5928030318902117,0.4177737275031234,0.4867428823389763,0.7325932294920332,1.2653578813883124,0.9469597218481508,0.7474993663706887,0.635279094658279,4.903533031883304,0.5680947182178717,0.3894161922978008,0.3618804432770884,6.143906154658886e-08,3.768570367128348,1.0198361757693308,0.5521121446294728,0.7137357213677853,0.4348833979349839,1.1953790351268905,1.2372440958221738,0.6929565468674601,0.611171391911731,0.517195551662957,0.8250158246084877,0.3954421138584513,1.9045848618087984,1.4244568468944037
PM,3.7904399046673714,3.797958303287615,3.774400819838763,3.755438140518175,3.7459378638426206,3.7618142514882846,3.768306131176398,4.047233178398683,3.778416742109128,3.788603936650857,3.7567209648074726,3.734813454151434,3.764122407155901,3.7831058078705215,3.744525708651511,3.76587023767592,3.8258854850687496,3.793883852788322,3.77044521586585,3.763482274686458,3.6756346423474406,3.720479807829876,3.6665288593260623,3.773525083044,3.762413022045376,3.7731455157998486,3.7792725589228255,3.793011647412176,3.839008284234285,3.7751764973289736,3.75964503210943,3.6720528171553255,6.02895478181226,3.7736873623126654,3.768190416282121,3.774774134049943,3.768570367128348,0.0,3.797734823933485,3.759511127239793,3.765279482929875,3.7677059836149063,3.8050269895347,3.7995912180054714,3.7459976610455374,3.754035238296788,3.7614884134840247,3.774249064620412,3.7844195758794954,4.001893267665119,3.8190318623521295
PR,1.1993910305869733,1.596916409111682,1.040032472692547,1.216905588825944,1.131008413775582,1.3170665021161445,0.978327939465392,1.9236298727584704,1.1622745914210368,1.1341527396322866,1.020583577143036,1.0724371213516992,0.9563621069232756,1.0309117672223929,1.0169695793716098,1.0813750632461423,1.3487421430475466,0.9564567663374536,0.9416754174597124,1.2057928258108357,1.1157945605751725,1.3486294108443062,1.139060480640033,0.998017917749068,1.0839517128543803,0.9715669140863042,1.1409867823209223,1.1897997960492883,1.41750728933972,1.236096602047594,1.1656050461510747,1.1340925370008077,4.855190511814435,1.035182553713765,0.9526686275176436,1.0033028079081938,1.0198361757693308,3.797734823933485,0.0,0.9745159768548066,1.1301739446981591,0.9602426400428156,1.3503432266492292,1.441805044284306,1.0868703923276686,1.0381737514190583,1.0047863995034825,1.2244478308910658,0.9934995268458534,1.9739124146516247,1.5078450000340409
PY,0.967834858634832,1.470921420319978,0.5593046571868618,1.068341212855915,0.8247721818031113,1.1467707575549717,0.4924670468374114,1.8923624158650936,0.7235116552955634,0.832037975597468,0.6553157659351742,0.7353210062022696,0.549316593004719,0.5676550659048732,0.6848820353567459,0.8048424926628234,1.132786701439571,0.6537704569914613,0.503149615845482,0.9684900817687366,0.7354877650361805,1.1312414566696265,0.7861429965673545,0.5347069223417598,0.7524737167430647,0.5143717830860406,0.6848436290050889,0.8734249691671581,1.308432693060253,1.0270068238507408,0.8785640896468915,0.7713000946138927,4.907605786075024,0.6507879891934766,0.4701675528654125,0.532529963940239,0.5521121446294728,3.759511127239793,0.9745159768548066,8.024520884654678e-08,0.8130261732091659,0.5015986997303122,1.2346465741482828,1.286382999338298,0.8134077434111053,0.7575438575962817,0.5553059056266414,0.9414008513295256,0.552610792233991,1.9154877552051608,1.4555258883567073
SR,0.7660466850769836,1.4112190554062118,0.7712474259890731,1.0372984131766625,0.6735212666060149,1.0490917135109743,0.716965455339625,1.889861152275233,0.7783471379098823,0.688392494141041,0.6167345707220836,0.6581794952401838,0.736951519825024,0.7132984227695958,0.9272701237233616,0.7290823888745329,1.0071866933247633,0.7848873953893463,0.7475047225904025,0.8067543363887849,0.6702513735095581,1.0670763900984053,0.7211537244840251,0.7235397318450681,0.5708296221651825,0.7039436074911086,0.6397757927202308,0.7239765707847081,1.2039538304862163,0.9441185360986672,0.7110442367771305,0.6967695272313187,4.800362815386,0.8015601529578419,0.6724890717205712,0.6522282164492397,0.7137357213677853,3.765279482929875,1.1301739446981591,0.8130261732091659,0.0,0.7276007632430851,1.1079169124680033,1.2005905749312076,0.6414631966346288,0.6616997732706453,0.778932840469628,0.7931141062315752,0.6843017896699369,1.8242963539988104,1.3726198050553102
