ISO_CODE,AD,AL,AT,BA,BE,BG,BY,CH,CY,CZ,DE,DK,EE,ES,FI,FO,FR,GB,GI,GR,HR,HU,IE,IM,IS,IT,LI,LT,LU,LV,MC,MD,ME,MK,MT,NL,NO,PL,PT,RO,RS,RU,SE,SI,SK,SM,UA
AD,0.0,0.800812322835033,0.6784790549680579,0.8439023201698732,0.620845918387564,0.7453150837264395,0.766395058152633,0.6035078260083258,0.7451421178930728,0.6661180782310668,0.6603989220903038,0.649706340705592,0.6588716239431955,0.584290954480232,0.686256774524189,0.8640355930804293,0.6523517709326582,0.6565934245149047,1.189183925509614,0.7326791110200448,0.90000999862048,0.7332936470653233,0.812317699646809,0.938047425868669,0.667681242791351,0.7761422114326987,1.3201915999541691,1.0033633795489518,0.6168897737840782,0.6536876760160343,1.3528773391208184,0.6655949044920242,0.7294190392219714,0.7919496668073774,0.8832445846488715,0.6353215965508293,0.6689964980003534,0.658965536926648,0.7959746478735847,0.7688559245292932,0.7600417585073068,0.7804208244289196,0.6728294370770471,0.7312825130717359,0.6780892294632818,2.289517117250164,0.6665782053552596
AL,0.800812322835033,0.0,0.6733131181698067,0.6166860882926383,0.6357128611389281,0.6510324271088651,0.7902011117498243,0.6196059862274241,0.6350092554831448,0.6269800396522499,0.6659240446320962,0.6259148413584825,0.663453903881956,0.6246570751231985,0.6568242737431923,0.938287445403424,0.6868590611769354,0.6545051343935219,1.2608899566091405,0.5994489833918858,0.7368260473020574,0.7150564149624306,0.743620368700587,0.9452069345879988,0.6769975837348694,0.729244560331214,1.422024684410405,0.9565003829668448,0.6185843545927743,0.605384142532384,1.4407448154561462,0.6303451495754484,0.5127362188494698,0.5114448033660088,0.7844379363462047,0.6419129510731506,0.62297244250037,0.6663437718767774,0.7916129779881631,0.711142411741662,0.5241977756091071,0.8013851489565139,0.6212851931412324,0.6697336065404741,0.642738722542612,2.3849997548538298,0.6371019090049044
AT,0.6784790549680579,0.6733131181698067,0.0,0.6909858198318558,0.3913433285839212,0.5101555724152446,0.6164398212047297,0.3362363938009373,0.5875277128238596,0.4465710701881835,0.319224330605014,0.4148112192137347,0.4505797651850483,0.4411012987807626,0.4722817174238734,0.8287830588086145,0.4701977744441089,0.4400195746654256,1.2209074149691028,0.5861143939528493,0.7561660093081973,0.5224818120327327,0.6709627168743795,0.8973492280951793,0.5239340706440575,0.6272565596042534,1.2721589406689051,0.908414132428545,0.4046559410543656,0.4397633765832741,1.3562446195958762,0.4765389083512436,0.5533570734621441,0.6404117439515584,0.781517319501291,0.4210669880704124,0.464840950493286,0.4600390223562556,0.7161884288516097,0.5869340699714772,0.574646712565636,0.6387760499180044,0.4417156589247156,0.5493451519070472,0.443036361651263,2.342916729111611,0.451826570649764
BA,0.8439023201698732,0.6166860882926383,0.6909858198318558,2.210199382035632e-07,0.7042487685206653,0.6234697454217532,0.8932289612859142,0.6906599010124309,0.6341504112065177,0.6743159669427313,0.7243626773207312,0.6650233049396994,0.7179358270709949,0.698750259199107,0.7376664859356076,1.0238321425283827,0.7820785268585065,0.6609914905909419,1.2401849473041164,0.6291157002319344,0.5611540533404502,0.6669039274117495,0.7471309719210315,0.9172203016432336,0.8077238971659856,0.7748363234531475,1.4325201383746522,0.9279084511997132,0.6546315463499042,0.6647029371177009,1.4437893744726984,0.6948744839969436,0.4175087869260504,0.4806902885822512,0.7787703336765963,0.6911292918802024,0.7083701700175027,0.6980201204236809,0.7758894301076524,0.711270487566032,0.386448663801238,0.8988184605920946,0.701904595186696,0.6527598631072176,0.6526411007451762,2.379931718677583,0.6781960384784117
BE,0.620845918387564,0.6357128611389281,0.3913433285839212,0.7042487685206653,7.300048299977713e-08,0.4980419778165598,0.486600445965923,0.2452652970668774,0.5919177481500614,0.3481361087015101,0.3067982864333368,0.31397341215822,0.3187646869817571,0.3371552245628137,0.3641673880242014,0.7532782902646751,0.2801345697138004,0.3822344548280736,1.221337628963003,0.5638384727731202,0.7666957499320652,0.4910432864867335,0.6446078717242837,0.8860368483725092,0.4042964820641033,0.5940252689015119,1.3131948816431216,0.9015938406989298,0.3487926356749624,0.3328431043782759,1.3431922031148067,0.3906522106893972,0.5354989129079695,0.6362189021015081,0.7804981275896701,0.2701219162299725,0.3329493625107759,0.3581418495901036,0.6919399014603008,0.5438974133393439,0.5571531817130847,0.5127672583973883,0.3293150174223219,0.508195279908718,0.3748728943990948,2.357159684043397,0.3602974348550875
BG,0.7453150837264395,0.6510324271088651,0.5101555724152446,0.6234697454217532,0.4980419778165598,0.0,0.7282232389592008,0.4990900479966725,0.5499492310017656,0.4755197576851471,0.5522871173318473,0.5011637299958778,0.5492069706063362,0.5275212041188738,0.5561971388696823,0.8861996618996286,0.5876834648352326,0.5127653250092303,1.1780369722792714,0.5464445460809171,0.7078667435834812,0.4579192739533544,0.6860201377187565,0.8936499937804036,0.6456143985561695,0.6546461763906447,1.3407301972917636,0.8659493022439968,0.5206213194799298,0.5140612923864131,1.3601360706777563,0.5332874845303001,0.5315833183488323,0.5477898196743567,0.725412608636989,0.5298595902154823,0.5875633831639874,0.5344242797418891,0.7060890824453783,0.5070652094837841,0.4928811431730502,0.7433814896337156,0.5661529711199526,0.5704775587877498,0.4230235502254225,2.3321376893757777,0.4819454634017751
BY,0.766395058152633,0.7902011117498243,0.6164398212047297,0.8932289612859142,0.486600445965923,0.7282232389592008,0.0,0.4560008120764791,0.862773292198414,0.5136563721308748,0.4223627855482873,0.588816023938662,0.3822263188018533,0.5178466663934783,0.4446326141547637,0.8006388373824856,0.4123847538255227,0.6520397787763407,1.4503446968813285,0.7966329523396124,0.9804215031239452,0.7609369422326815,0.9362622903145398,1.143981861594378,0.4792471241369766,0.8205112598521985,1.4320216487423318,1.1005597986112596,0.6370686127048145,0.4350278727945761,1.446849934598532,0.4339450203913347,0.7238619322807709,0.8828165395999636,1.101341338058072,0.4638835523305118,0.4435730251601077,0.5074080691727894,0.9384294787563244,0.7015953625785923,0.7213578943216147,0.1790737448900148,0.4921265779551514,0.7233994193280988,0.6143139584181616,2.4968944075403825,0.4502509120833601
CH,0.6035078260083258,0.6196059862274241,0.3362363938009373,0.6906599010124309,0.2452652970668774,0.4990900479966725,0.4560008120764791,0.0,0.586241269242707,0.3431818843645736,0.2419378267868638,0.328960145600974,0.2992774861827568,0.307737290991613,0.3376620403850572,0.7493027759522559,0.2978649079137661,0.3872246261079027,1.2269079330123047,0.5506418430484351,0.7549503206110724,0.5051135909259635,0.6606081586032817,0.90843596253099,0.37043342441611,0.5856696766233617,1.2965249017500806,0.9233146640667402,0.3374091210229863,0.3089573858463733,1.34075443144629,0.3631655785345579,0.5130811357993992,0.6347425935112015,0.8008955115353387,0.2875251660325708,0.335332799967251,0.3658899939949172,0.6870683463182471,0.5496313970696759,0.5439216415554523,0.4848410709952908,0.3329926516273302,0.5107799801900463,0.381001624632228,2.3622399906632645,0.3524769996243007
CY,0.7451421178930728,0.6350092554831448,0.5875277128238596,0.6341504112065177,0.5919177481500613,0.5499492310017656,0.862773292198414,0.586241269242707,0.0,0.570573431321105,0.650426892841356,0.5370262224747747,0.6565427693914061,0.5934491670175027,0.6451209535110621,0.9504672682980008,0.6889656900869371,0.5234000878331524,1.1242595902933066,0.4526933238152664,0.691167857464032,0.5472913824965631,0.6061842379450226,0.8028601653292078,0.7121535837208858,0.6449911682786327,1.3224776839890555,0.8575891486117204,0.5550504248249866,0.5997977979043746,1.3599304269693389,0.6317869644330575,0.5567715457185235,0.5427734667121719,0.6129528708660201,0.6129150824702084,0.664513824650201,0.617526246555703,0.6854308280173306,0.6548046863628048,0.5902988993577831,0.8707589249747084,0.6231451495651584,0.6295340837001449,0.5464621616960917,2.293676861491454,0.608437811018674
CZ,0.6661180782310668,0.6269800396522499,0.4465710701881835,0.6743159669427313,0.3481361087015101,0.4755197576851471,0.5136563721308748,0.3431818843645736,0.5705734313211053,0.0,0.3863961583410544,0.3692748467347757,0.3605363462483831,0.3955941154713059,0.3856388517347506,0.7992107911853296,0.4126285919793984,0.419945895181451,1.2390945205616355,0.5322016607314453,0.7015243811482808,0.4462145170766597,0.6629607547645207,0.8910962865396617,0.4742698761498419,0.6227545924046826,1.3241690781274584,0.8911096287352377,0.4336525465702789,0.3588216620048389,1.3685970543930313,0.4174690941203869,0.5206446648008498,0.6229514447423925,0.7793986826600361,0.3580720410378301,0.3728583428825656,0.3914456903198418,0.7030473089780923,0.5428230186608699,0.5269459575906938,0.5333177030552673,0.3861617979231845,0.4598466746243594,0.2927855102205651,2.3686785497317997,0.3551312991560311
DE,0.6603989220903038,0.6659240446320962,0.319224330605014,0.7243626773207312,0.3067982864333368,0.5522871173318473,0.4223627855482873,0.2419378267868638,0.650426892841356,0.3863961583410544,5.1619136559035694e-08,0.391686661517322,0.3196262697997932,0.3720581717602277,0.3600872672696038,0.7583278665357769,0.3288625283494129,0.4388138478337832,1.279995011131888,0.6148733979452218,0.8022722713951986,0.5627216982030869,0.7288195800436821,0.9553232215165284,0.4230070500227279,0.6442783940097898,1.3012076458223982,0.9591860525600624,0.4005662534578296,0.3547300630280426,1.3604268264231647,0.4015444724380143,0.5569482674221398,0.6927837825553199,0.872360939676694,0.3209501866323943,0.3572030541910245,0.4054869581760408,0.761424625705865,0.578942497722098,0.573093922770367,0.4518564816159941,0.3566101924735611,0.5748897041911813,0.4451626193098589,2.3948607130566244,0.3988150307150368
DK,0.649706340705592,0.6259148413584825,0.4148112192137347,0.6650233049396994,0.31397341215822,0.5011637299958778,0.588816023938662,0.328960145600974,0.5370262224747747,0.3692748467347757,0.391686661517322,0.0,0.3756102665514144,0.4023077983427058,0.3717434619389158,0.789303556229369,0.4324046687728259,0.3205834897440835,1.1900592647776895,0.5213275444328574,0.7159325198957625,0.4264505988445857,0.5759768717671931,0.8130413961589595,0.4503068252288782,0.6166267642677515,1.3076404748732482,0.8457797458471794,0.35975502614513,0.3678892144265206,1.36615053650476,0.443218580821792,0.5184451343195172,0.5943906902027666,0.7330557523018264,0.3238229969760101,0.3371918179030175,0.4153748228436727,0.7030638648263167,0.5620845187249678,0.5423412527363386,0.603101303912066,0.3408662163907856,0.5041748443120152,0.3661509943062579,2.3549214128918114,0.3908763372822203
EE,0.6588716239431955,0.663453903881956,0.4505797651850483,0.7179358270709949,0.3187646869817571,0.5492069706063362,0.3822263188018533,0.2992774861827568,0.6565427693914061,0.3605363462483831,0.3196262697997932,0.3756102665514144,0.0,0.3880369959445529,0.3174051084066269,0.7476428729910928,0.3520744706108177,0.4559050928006739,1.2761709548873608,0.6126773274066675,0.7905951828774233,0.5468309147010502,0.728514162050682,0.9380809456919844,0.3966561204437787,0.6650918956075298,1.3343120354215592,0.9258000166917704,0.4352793934317733,0.2695213644270177,1.3699976941023493,0.3497004087803282,0.5525424942146098,0.6931425813379408,0.8769708916473427,0.3144569018084063,0.318579351780097,0.3797432969823925,0.7608522687042053,0.5672085397187691,0.573889484288266,0.4058925326160946,0.3550828554305513,0.5567976863467116,0.4252083549074335,2.3986213762224984,0.3515964347530119
ES,0.584290954480232,0.6246570751231985,0.4411012987807626,0.698750259199107,0.3371552245628137,0.5275212041188738,0.5178466663934783,0.307737290991613,0.5934491670175025,0.3955941154713059,0.3720581717602277,0.4023077983427058,0.3880369959445529,0.0,0.3933689334759871,0.7862591052541638,0.3604556794423346,0.4241621905810016,1.2248047373380182,0.553111340451618,0.7556619337563615,0.5303712678167147,0.6773616881845651,0.9368564996990292,0.4514286931481024,0.5895564846906489,1.3353282821005563,0.9233954257603488,0.4222879854694256,0.392101085501132,1.367100146751174,0.4057715008095839,0.5448350796715143,0.6488450158846921,0.8103810899567057,0.3667136340436445,0.4062038096076049,0.4044064217102128,0.6709080785522461,0.562357725985607,0.5619547546462892,0.5377430052554135,0.4082339063386987,0.5526147325000305,0.4078885617365709,2.3566466623563542,0.3872590283707698
FI,0.686256774524189,0.6568242737431923,0.4722817174238734,0.7376664859356076,0.3641673880242014,0.5561971388696823,0.4446326141547637,0.3376620403850572,0.6451209535110621,0.3856388517347506,0.3600872672696038,0.3717434619389158,0.3174051084066269,0.3933689334759871,0.0,0.7818641063388873,0.3990104681803102,0.4330121296869507,1.291857407493031,0.6108790005007004,0.7711460541505782,0.5298920126895118,0.696614760868616,0.9346259433359664,0.404237424238583,0.6917916402001423,1.3545170838585925,0.9213331062632512,0.4747432299066401,0.3470782870967494,1.364154183714276,0.4143423413807693,0.5611487820473173,0.7038180678494569,0.880746606803137,0.3541601939241233,0.3327361787091832,0.4605440423510029,0.7895496090706222,0.6117371525947486,0.5797882920885464,0.4662692590966569,0.3654098015540135,0.5900136505394075,0.4339079481180574,2.415518969596348,0.3734163229333028
FO,0.8640355930804293,0.938287445403424,0.8287830588086145,1.0238321425283827,0.7532782902646751,0.8861996618996286,0.8006388373824856,0.7493027759522559,0.9504672682980008,0.7992107911853296,0.7583278665357769,0.789303556229369,0.7476428729910928,0.7862591052541638,0.7818641063388873,1.6049041769309353e-07,0.7582736179059539,0.8147473185014278,1.2792602707035212,0.9288495330345696,1.066298747544577,0.9026959737533812,0.9792076411026874,1.0784771682830023,0.7092678551215089,0.9570517892969636,1.359533148674826,1.1607053401551952,0.7929407850154899,0.7857986801778778,1.4285787656075433,0.7972865181152821,0.8878829798869162,0.9811885380252792,1.0666916581743948,0.7825471276665759,0.7396023650025074,0.8074901084946501,1.0077876008762237,0.9018307157744374,0.9105201928591024,0.8175252467928051,0.7744523839681348,0.8703017479023185,0.8143308147914595,2.335139842332347,0.8040550828868401
FR,0.6523517709326582,0.6868590611769354,0.4701977744441089,0.7820785268585065,0.2801345697138004,0.5876834648352326,0.4123847538255227,0.2978649079137661,0.6889656900869371,0.4126285919793984,0.3288625283494129,0.4324046687728259,0.3520744706108177,0.3604556794423346,0.3990104681803102,0.7582736179059539,9.424321830774485e-08,0.4884307429075831,1.2952537351094144,0.6420352645152821,0.8429551781440313,0.5992260432031503,0.7625630433664784,0.9958411646117202,0.4163856915953391,0.6640544533493417,1.3507545990430236,0.9924499513804348,0.4447910134687578,0.3945117441585463,1.3361710806838416,0.4135025096727655,0.6125928271999271,0.7403085571371123,0.9046882281174592,0.3712399818943341,0.3842817994954713,0.4161131617923073,0.7700103284751555,0.6063994588002248,0.627703974504212,0.4395289668185083,0.3967910777852819,0.5914481854439445,0.4640297208103117,2.396168192398707,0.4092818683837638
GB,0.6565934245149047,0.6545051343935219,0.4400195746654256,0.6609914905909419,0.3822344548280736,0.5127653250092303,0.6520397787763407,0.3872246261079027,0.5234000878331524,0.419945895181451,0.4388138478337832,0.3205834897440835,0.4559050928006739,0.4241621905810016,0.4330121296869507,0.8147473185014278,0.4884307429075831,0.0,1.1362557989298538,0.5016219583712745,0.7047050656354855,0.4591369248000809,0.4671367381778171,0.7584650140508054,0.50101799235211,0.6075897785255944,1.302782168422442,0.868399406950583,0.4269563520856612,0.4307384578210976,1.3424853010059927,0.4987531203873999,0.5266362871001491,0.5910866590589702,0.6876379445828779,0.3774682420234506,0.4319986952746987,0.4664244309615835,0.697909775789923,0.578786451140695,0.5625466381052917,0.662676399984064,0.419255437775042,0.5326857727072839,0.4109805579064875,2.319774525624044,0.4541807398178748
GI,1.189183925509614,1.2608899566091405,1.2209074149691028,1.2401849473041164,1.2213376289630031,1.1780369722792714,1.4503446968813285,1.2269079330123047,1.1242595902933066,1.2390945205616355,1.279995011131888,1.1900592647776895,1.276170954887361,1.2248047373380184,1.291857407493031,1.2792602707035212,1.2952537351094144,1.1362557989298538,0.0,1.1588300442165866,1.2490430215621868,1.185150170118689,1.1431333633370913,1.0796682389843744,1.2782195622750812,1.2249716903581789,1.5051588547017076,1.3153102817282871,1.161555895499678,1.24993929569501,1.5492297894764804,1.2733005606563714,1.2060915905588316,1.1689899850398864,1.0803941095361649,1.2484606244900591,1.2780126470048463,1.2601340895251043,1.228106711293484,1.2546324324021008,1.2292129570033794,1.458729006871271,1.2643501652327027,1.2120542875864118,1.2050699646349765,2.288664478193802,1.2712504839948668
GR,0.7326791110200448,0.5994489833918858,0.5861143939528493,0.6291157002319344,0.5638384727731202,0.5464445460809171,0.7966329523396124,0.5506418430484351,0.4526933238152664,0.5322016607314453,0.6148733979452218,0.5213275444328574,0.6126773274066675,0.553111340451618,0.6108790005007004,0.9288495330345696,0.6420352645152821,0.5016219583712745,1.1588300442165866,0.0,0.6765357264388653,0.516966809052599,0.6462192487282078,0.854432511519455,0.6702763932121303,0.6138413979828004,1.369246156088971,0.9013563028500892,0.5392191290804421,0.5676942254106929,1.3842508055472185,0.5907209050936681,0.5611843114554667,0.5594969759846148,0.6844347175816448,0.5706808114918768,0.6039347895472836,0.5725109195586275,0.6790441249277164,0.5887289808077848,0.5522497062794703,0.8040575450772752,0.5917684933833309,0.5980658528974878,0.5075443361034518,2.321665397033914,0.5700882787287268
HR,0.90000999862048,0.7368260473020574,0.7561660093081973,0.5611540533404502,0.7666957499320654,0.7078667435834812,0.9804215031239452,0.7549503206110724,0.691167857464032,0.7015243811482806,0.8022722713951986,0.7159325198957625,0.7905951828774233,0.7556619337563617,0.7711460541505781,1.066298747544577,0.8429551781440313,0.7047050656354855,1.2490430215621868,0.6765357264388653,0.0,0.6964905314328936,0.7520614701645617,0.9515236387072104,0.8332921779161343,0.8176033859614835,1.4402246258745477,0.9743272231017466,0.7181727697678261,0.7565664611884952,1.4550815084621975,0.7816696761193179,0.6064701331901529,0.6460044457485842,0.8039260200310779,0.768736495981686,0.7773951798940495,0.775777815684512,0.8276267218653531,0.7992689866014725,0.6029973345707819,0.9905405234554634,0.7750884966059545,0.6285816422287871,0.690473712081784,2.375830710346902,0.7568874370353492
HU,0.7332936470653233,0.7150564149624306,0.5224818120327327,0.6669039274117495,0.4910432864867335,0.4579192739533544,0.7609369422326815,0.5051135909259635,0.5472913824965631,0.4462145170766597,0.5627216982030869,0.4264505988445857,0.5468309147010502,0.5303712678167147,0.5298920126895118,0.9026959737533812,0.5992260432031503,0.4591369248000809,1.185150170118689,0.516966809052599,0.6964905314328936,9.424321830774485e-08,0.624276738316493,0.8338526994137611,0.6398922934132454,0.645238810286359,1.335395387892499,0.8402836644971219,0.5200835331254735,0.5340699828523463,1.373190133084392,0.5736890983562468,0.5857514363991341,0.614852076697711,0.7043433648884448,0.5140677247369456,0.5530783401400596,0.5375169708527532,0.6969628512340158,0.5857163961583569,0.5756737693996464,0.7701555850960256,0.5392432348442914,0.5691712232806673,0.3964912822387389,2.330816603952501,0.4807566492065523
IE,0.812317699646809,0.743620368700587,0.6709627168743795,0.7471309719210315,0.6446078717242839,0.6860201377187565,0.9362622903145398,0.6606081586032817,0.6061842379450226,0.6629607547645205,0.7288195800436821,0.5759768717671931,0.7285141620506822,0.6773616881845653,0.6966147608686161,0.9792076411026874,0.7625630433664784,0.4671367381778171,1.1431333633370913,0.6462192487282078,0.7520614701645617,0.624276738316493,1.788139343261719e-07,0.7353885020155945,0.7133059804290822,0.7129990324762618,1.3585205618415723,0.9052562688728965,0.6248707104765182,0.6698171081542728,1.4222446160662694,0.7297636768465777,0.6414691524042464,0.6353646523942186,0.6294551158119127,0.6445801537406599,0.6917835979866331,0.6905764662859695,0.7670915377003868,0.7492450449193114,0.6902997852897969,0.9449396921020824,0.6735093385047388,0.6702671094189949,0.6251749273094119,2.309805771129905,0.6914965267341783
IM,0.938047425868669,0.9452069345879988,0.8973492280951793,0.9172203016432336,0.8860368483725093,0.8936499937804036,1.143981861594378,0.90843596253099,0.8028601653292078,0.8910962865396618,0.9553232215165284,0.8130413961589595,0.9380809456919844,0.9368564996990292,0.9346259433359664,1.0784771682830023,0.9958411646117202,0.7584650140508054,1.0796682389843744,0.854432511519455,0.9515236387072104,0.8338526994137611,0.7353885020155945,0.0,0.9574851868456518,0.9378222766421987,1.379900064391738,1.0148019397671093,0.8275630945040398,0.8917559464085719,1.4338252332411956,0.9613229386335148,0.8496312845844365,0.8319897867819275,0.7845236648157026,0.8860704192516909,0.9043654381652596,0.9277601494209214,0.9460449527137472,0.954117439436325,0.8873329233243294,1.1504032122167982,0.9053726024885084,0.9081651685594196,0.8775120477088333,2.286547357794818,0.9303291640528653
IS,0.667681242791351,0.6769975837348694,0.5239340706440575,0.8077238971659856,0.4042964820641033,0.6456143985561695,0.4792471241369766,0.37043342441611,0.7121535837208858,0.4742698761498419,0.4230070500227279,0.4503068252288782,0.3966561204437787,0.4514286931481024,0.404237424238583,0.7092678551215089,0.4163856915953391,0.50101799235211,1.2782195622750812,0.6702763932121303,0.8332921779161343,0.6398922934132454,0.713305980429082,0.9574851868456516,1.444721179430583e-07,0.7161701418629399,1.3328292583214152,0.9818353616794848,0.4788626109512745,0.4312399776406911,1.378304991595035,0.4645962712274613,0.6105325757527743,0.7457781016663908,0.8817289598471201,0.430216939786076,0.3899462387633757,0.4876082601813192,0.811782443835403,0.6629655986148703,0.6454147169605117,0.5061168772922685,0.4364918389504471,0.5894926562311387,0.5157626081789718,2.388160352445494,0.4693829275592079
IT,0.7761422114326987,0.729244560331214,0.6272565596042534,0.7748363234531475,0.5940252689015119,0.6546461763906447,0.8205112598521985,0.5856696766233617,0.6449911682786327,0.6227545924046826,0.6442783940097898,0.6166267642677515,0.6650918956075298,0.5895564846906489,0.6917916402001423,0.9570517892969636,0.6640544533493417,0.6075897785255944,1.2249716903581789,0.6138413979828004,0.8176033859614835,0.645238810286359,0.7129990324762618,0.9378222766421987,0.7161701418629399,1.299053115707837e-07,1.3506987998206574,0.9606455819468904,0.5962471128445984,0.6271518655219497,1.3815717655319335,0.6509148108909345,0.6646549289021595,0.6660949211020187,0.7755918157235333,0.6085441695638106,0.6680915647172396,0.5935360080938532,0.7181163090487268,0.6523743260382284,0.6892447792491468,0.8409594579302954,0.6495909618449025,0.6694606261184752,0.6123751616796218,2.209120141994003,0.6255467612815088
LI,1.3201915999541691,1.422024684410405,1.2721589406689051,1.4325201383746522,1.3131948816431216,1.3407301972917636,1.4320216487423318,1.2965249017500806,1.3224776839890555,1.3241690781274584,1.3012076458223982,1.3076404748732482,1.3343120354215592,1.3353282821005563,1.3545170838585925,1.359533148674826,1.3507545990430236,1.302782168422442,1.5051588547017076,1.369246156088971,1.4402246258745477,1.335395387892499,1.3585205618415723,1.379900064391738,1.3328292583214152,1.3506987998206574,0.0,1.46765156332433,1.2819509778836975,1.3382573476044182,1.6279644740228694,1.3462347129792562,1.359824120011315,1.3644206804640089,1.3771463281971783,1.32769156623,1.3292949538204342,1.335919786363547,1.4009536148078705,1.3648149206418825,1.390596083131294,1.440122238851611,1.3399899136389375,1.3310037075478751,1.3089243165291762,2.2963207453491723,1.345895370844643
LT,1.0033633795489518,0.9565003829668448,0.908414132428545,0.9279084511997132,0.90159384069893,0.8659493022439968,1.1005597986112596,0.9233146640667402,0.8575891486117204,0.8911096287352378,0.9591860525600624,0.8457797458471794,0.9258000166917704,0.9233954257603488,0.9213331062632514,1.1607053401551952,0.9924499513804348,0.868399406950583,1.3153102817282871,0.9013563028500892,0.9743272231017466,0.8402836644971219,0.9052562688728965,1.0148019397671093,0.9818353616794848,0.9606455819468904,1.46765156332433,1.7120130796843852e-07,0.8779487177492515,0.8710722086172666,1.5344949562586463,0.9253005302312094,0.8748415661021316,0.863087901254171,0.9425361295704062,0.9033370417933104,0.9244357719988376,0.9143535668530988,0.9865058486598012,0.9398664458668534,0.8931959139762037,1.1051962586271626,0.9328097369401348,0.913054015437673,0.8502056291518295,2.38703504043976,0.8876645202683351
LU,0.6168897737840782,0.6185843545927743,0.4046559410543656,0.6546315463499042,0.3487926356749624,0.5206213194799298,0.6370686127048145,0.3374091210229863,0.5550504248249863,0.4336525465702789,0.4005662534578296,0.35975502614513,0.4352793934317733,0.4222879854694256,0.4747432299066401,0.7929407850154899,0.4447910134687578,0.4269563520856612,1.161555895499678,0.5392191290804421,0.718172769767826,0.5200835331254735,0.624870710476518,0.8275630945040396,0.4788626109512745,0.5962471128445984,1.2819509778836975,0.8779487177492514,7.884953353001449e-08,0.4182886770745855,1.3268824080116033,0.4661643602478773,0.4908014932120842,0.5867858385907276,0.7102880849655884,0.4097192018413753,0.4512684873871737,0.4459232425271405,0.6257878877382157,0.5823211314892933,0.5440395943899669,0.6558610097372551,0.4352613665593598,0.5194403204768693,0.424662372533077,2.313392997226124,0.4558387930395379
LV,0.6536876760160343,0.605384142532384,0.4397633765832741,0.6647029371177009,0.3328431043782759,0.5140612923864131,0.4350278727945761,0.3089573858463733,0.5997977979043748,0.3588216620048389,0.3547300630280426,0.3678892144265206,0.2695213644270177,0.392101085501132,0.3470782870967494,0.7857986801778778,0.3945117441585463,0.4307384578210976,1.24993929569501,0.5676942254106929,0.7565664611884954,0.5340699828523463,0.669817108154273,0.8917559464085718,0.4312399776406911,0.6271518655219497,1.3382573476044182,0.8710722086172668,0.4182886770745855,0.0,1.366838181282752,0.3135879104075565,0.4829660577185584,0.6142581942244876,0.8214661658231822,0.3190291267081478,0.3542369210596917,0.3741670717412002,0.7345410294720099,0.5470828211656462,0.5135120857226169,0.4516955542393909,0.3584292286912349,0.5303760869987352,0.4205081057483355,2.3933441850230666,0.3020983984027048
MC,1.3528773391208184,1.4407448154561462,1.3562446195958762,1.4437893744726984,1.3431922031148067,1.3601360706777563,1.446849934598532,1.34075443144629,1.3599304269693389,1.3685970543930313,1.3604268264231647,1.36615053650476,1.3699976941023493,1.367100146751174,1.364154183714276,1.4285787656075433,1.3361710806838416,1.3424853010059927,1.5492297894764804,1.3842508055472185,1.4550815084621975,1.373190133084392,1.4222446160662694,1.4338252332411956,1.378304991595035,1.3815717655319335,1.6279644740228694,1.5344949562586463,1.3268824080116033,1.366838181282752,1.2644054553268208e-07,1.3723088973020956,1.384866012138149,1.4162017948570806,1.4408085208432715,1.366962931703834,1.3903009415081695,1.4019387254944635,1.4238280938800525,1.4049557732998992,1.4078864428844176,1.455462545002253,1.380165039714398,1.408961988778065,1.362880813298616,2.3472311752678428,1.378362151574331
MD,0.6655949044920242,0.6303451495754484,0.4765389083512436,0.6948744839969436,0.3906522106893972,0.5332874845303001,0.4339450203913347,0.3631655785345579,0.6317869644330575,0.4174690941203869,0.4015444724380143,0.443218580821792,0.3497004087803282,0.4057715008095839,0.4143423413807693,0.7972865181152821,0.4135025096727655,0.4987531203873999,1.2733005606563714,0.5907209050936681,0.7816696761193179,0.5736890983562468,0.7297636768465777,0.9613229386335148,0.4645962712274613,0.6509148108909345,1.3462347129792562,0.9253005302312094,0.4661643602478773,0.3135879104075565,1.3723088973020956,1.0745380149674385e-07,0.5319032777996682,0.6431687515070412,0.8663417225068305,0.3902656181136233,0.420185105765248,0.4048229597967506,0.7476673232417781,0.4956777387773013,0.5520930462531534,0.4668618284080056,0.4298168973043246,0.5553297305354418,0.4563256713060779,2.382876587877263,0.3284566411157156
ME,0.7294190392219714,0.5127362188494698,0.5533570734621441,0.4175087869260504,0.5354989129079695,0.5315833183488323,0.7238619322807709,0.5130811357993992,0.5567715457185235,0.5206446648008498,0.5569482674221398,0.5184451343195172,0.5525424942146098,0.5448350796715143,0.5611487820473173,0.8878829798869162,0.6125928271999271,0.5266362871001491,1.2060915905588316,0.5611843114554667,0.6064701331901529,0.5857514363991341,0.6414691524042464,0.8496312845844365,0.6105325757527743,0.6646549289021595,1.359824120011315,0.8748415661021316,0.4908014932120842,0.4829660577185584,1.384866012138149,0.5319032777996682,0.0,0.4455973033745348,0.7300215840856026,0.5328658038971658,0.552165008044343,0.5593489383142177,0.7102147559770923,0.6125512672828329,0.3180003024547768,0.7410072280959504,0.5448415316958586,0.5576300566464499,0.5223823373468821,2.3507495543941865,0.517187234660301
MK,0.7919496668073774,0.5114448033660088,0.6404117439515584,0.4806902885822512,0.6362189021015079,0.5477898196743567,0.8828165395999636,0.6347425935112015,0.5427734667121719,0.6229514447423924,0.6927837825553199,0.5943906902027666,0.6931425813379408,0.648845015884692,0.7038180678494569,0.9811885380252792,0.7403085571371123,0.5910866590589702,1.1689899850398864,0.5594969759846148,0.6460044457485842,0.614852076697711,0.6353646523942186,0.8319897867819275,0.7457781016663908,0.6660949211020187,1.3644206804640089,0.863087901254171,0.5867858385907279,0.6142581942244877,1.4162017948570806,0.6431687515070412,0.4455973033745348,7.300048299977713e-08,0.6392339043620325,0.6359211182348763,0.6633397144678438,0.6326367263800656,0.711490987864533,0.6317570426900706,0.4504645689366764,0.8956986255322607,0.6527738808794744,0.5949353884253654,0.6025532335688377,2.316955694776964,0.6330047147307281
MT,0.8832445846488715,0.7844379363462047,0.781517319501291,0.7787703336765963,0.7804981275896702,0.725412608636989,1.101341338058072,0.8008955115353387,0.6129528708660201,0.7793986826600359,0.872360939676694,0.7330557523018264,0.8769708916473425,0.8103810899567059,0.8807466068031371,1.0666916581743948,0.9046882281174592,0.6876379445828779,1.0803941095361649,0.6844347175816448,0.8039260200310779,0.7043433648884448,0.6294551158119127,0.7845236648157026,0.8817289598471199,0.7755918157235333,1.3771463281971783,0.9425361295704062,0.7102880849655885,0.8214661658231821,1.4408085208432715,0.8663417225068305,0.7300215840856026,0.6392339043620325,0.0,0.816072505693457,0.8539237000509176,0.8059524784827427,0.7524351813313501,0.8313370835616745,0.7636297882108667,1.105358444057273,0.8319232997241415,0.771747335681305,0.7365078217589119,2.275896164308444,0.8379065006516232
NL,0.6353215965508293,0.6419129510731506,0.4210669880704124,0.6911292918802024,0.2701219162299725,0.5298595902154823,0.4638835523305118,0.2875251660325708,0.6129150824702084,0.3580720410378301,0.3209501866323943,0.3238229969760101,0.3144569018084063,0.3667136340436445,0.3541601939241233,0.7825471276665759,0.3712399818943341,0.3774682420234506,1.2484606244900591,0.5706808114918768,0.768736495981686,0.5140677247369456,0.6445801537406599,0.8860704192516909,0.430216939786076,0.6085441695638106,1.32769156623,0.9033370417933104,0.4097192018413753,0.3190291267081478,1.366962931703834,0.3902656181136233,0.5328658038971658,0.6359211182348763,0.816072505693457,1.4901161193847656e-07,0.3226025883487675,0.3694334657726128,0.7264007839860924,0.5372881710667877,0.5551400008877466,0.4909419731839443,0.3345077752337634,0.5371139156289333,0.4067442226518886,2.38216605412394,0.3618518483880764
NO,0.6689964980003534,0.62297244250037,0.464840950493286,0.7083701700175027,0.3329493625107759,0.5875633831639874,0.4435730251601077,0.335332799967251,0.664513824650201,0.3728583428825656,0.3572030541910245,0.3371918179030175,0.318579351780097,0.4062038096076049,0.3327361787091832,0.7396023650025074,0.3842817994954713,0.4319986952746987,1.2780126470048463,0.6039347895472836,0.7773951798940497,0.5530783401400596,0.6917835979866334,0.9043654381652598,0.3899462387633757,0.6680915647172396,1.3292949538204342,0.9244357719988376,0.4512684873871737,0.3542369210596917,1.3903009415081695,0.420185105765248,0.552165008044343,0.6633397144678438,0.8539237000509174,0.3226025883487675,1.0323827311807142e-07,0.4140432862213584,0.7665790213073859,0.5813988391708028,0.5598000537183934,0.4668182642356481,0.3110224429956116,0.5435637615262168,0.4390114741435636,2.390516641588232,0.3843525931609037
PL,0.658965536926648,0.6663437718767774,0.4600390223562556,0.6980201204236809,0.3581418495901036,0.5344242797418891,0.5074080691727894,0.3658899939949172,0.617526246555703,0.3914456903198418,0.4054869581760408,0.4153748228436727,0.3797432969823925,0.4044064217102128,0.4605440423510029,0.8074901084946501,0.4161131617923073,0.4664244309615835,1.2601340895251043,0.5725109195586275,0.775777815684512,0.5375169708527532,0.6905764662859695,0.9277601494209214,0.4876082601813192,0.5935360080938532,1.335919786363547,0.9143535668530988,0.4459232425271405,0.3741670717412002,1.4019387254944635,0.4048229597967506,0.5593489383142177,0.6326367263800656,0.8059524784827427,0.3694334657726128,0.4140432862213584,0.0,0.6705588034173648,0.5378107289994428,0.5603389691981107,0.5290090546317389,0.4208041875931519,0.4997233481227,0.4207337429452847,2.3627091962993667,0.378088170230787
PT,0.7959746478735847,0.7916129779881631,0.7161884288516097,0.7758894301076524,0.6919399014603008,0.7060890824453783,0.9384294787563244,0.6870683463182471,0.6854308280173306,0.7030473089780923,0.761424625705865,0.7030638648263167,0.7608522687042053,0.6709080785522462,0.7895496090706222,1.0077876008762237,0.7700103284751555,0.697909775789923,1.228106711293484,0.6790441249277164,0.8276267218653531,0.6969628512340158,0.7670915377003868,0.9460449527137472,0.811782443835403,0.7181163090487268,1.4009536148078705,0.9865058486598012,0.6257878877382159,0.7345410294720099,1.4238280938800525,0.7476673232417781,0.7102147559770923,0.711490987864533,0.7524351813313501,0.7264007839860924,0.7665790213073859,0.6705588034173648,0.0,0.7619151327112436,0.7198680785441713,0.9475152303798272,0.7532994256755527,0.7140005497645736,0.6844761695497894,2.301349968230934,0.7317054437148015
RO,0.7688559245292932,0.711142411741662,0.5869340699714772,0.711270487566032,0.5438974133393439,0.5070652094837841,0.7015953625785923,0.5496313970696759,0.6548046863628048,0.5428230186608699,0.578942497722098,0.5620845187249678,0.5672085397187691,0.562357725985607,0.6117371525947486,0.9018307157744374,0.6063994588002248,0.578786451140695,1.2546324324021008,0.5887289808077848,0.7992689866014725,0.5857163961583569,0.7492450449193114,0.954117439436325,0.6629655986148703,0.6523743260382284,1.3648149206418825,0.9398664458668534,0.5823211314892933,0.5470828211656462,1.4049557732998992,0.4956777387773013,0.6125512672828329,0.6317570426900706,0.8313370835616745,0.5372881710667877,0.5813988391708028,0.5378107289994428,0.7619151327112436,0.0,0.5804465293828507,0.7220023608934055,0.5821820549746949,0.6353956549306033,0.5202656252431119,2.334129620392171,0.5346276670330569
RS,0.7600417585073068,0.5241977756091071,0.574646712565636,0.386448663801238,0.5571531817130847,0.4928811431730502,0.7213578943216147,0.5439216415554523,0.5902988993577831,0.5269459575906938,0.573093922770367,0.5423412527363386,0.573889484288266,0.5619547546462892,0.5797882920885464,0.9105201928591024,0.627703974504212,0.5625466381052917,1.2292129570033794,0.5522497062794703,0.6029973345707819,0.5756737693996464,0.6902997852897969,0.8873329233243294,0.6454147169605117,0.6892447792491468,1.390596083131294,0.8931959139762037,0.5440395943899669,0.5135120857226169,1.4078864428844176,0.5520930462531534,0.3180003024547768,0.4504645689366764,0.7636297882108667,0.5551400008877466,0.5598000537183934,0.5603389691981107,0.7198680785441713,0.5804465293828507,0.0,0.7350227061339724,0.561358703795872,0.5693468998017001,0.5160455858685056,2.3742592265028475,0.5151013630452019
RU,0.7804208244289196,0.8013851489565139,0.6387760499180044,0.8988184605920946,0.5127672583973883,0.7433814896337156,0.1790737448900148,0.4848410709952908,0.8707589249747084,0.5333177030552673,0.4518564816159941,0.603101303912066,0.4058925326160946,0.5377430052554135,0.4662692590966569,0.8175252467928051,0.4395289668185083,0.662676399984064,1.458729006871271,0.8040575450772752,0.9905405234554634,0.7701555850960256,0.9449396921020824,1.1504032122167982,0.5061168772922685,0.8409594579302954,1.440122238851611,1.1051962586271626,0.6558610097372551,0.4516955542393909,1.455462545002253,0.4668618284080056,0.7410072280959504,0.8956986255322607,1.105358444057273,0.4909419731839443,0.4668182642356481,0.5290090546317389,0.9475152303798272,0.7220023608934055,0.7350227061339724,6.989264130329236e-08,0.5099190343259274,0.7378952910334875,0.628752900984627,2.5030051527799326,0.4697528416015192
SE,0.6728294370770471,0.6212851931412324,0.4417156589247156,0.701904595186696,0.3293150174223219,0.5661529711199526,0.4921265779551514,0.3329926516273302,0.6231451495651584,0.3861617979231845,0.3566101924735611,0.3408662163907856,0.3550828554305513,0.4082339063386987,0.3654098015540135,0.7744523839681348,0.3967910777852819,0.419255437775042,1.2643501652327027,0.5917684933833309,0.7750884966059544,0.5392432348442914,0.6735093385047389,0.9053726024885088,0.4364918389504471,0.6495909618449025,1.3399899136389375,0.9328097369401346,0.4352613665593598,0.3584292286912349,1.380165039714398,0.4298168973043246,0.5448415316958586,0.6527738808794742,0.8319232997241416,0.3345077752337634,0.3110224429956116,0.4208041875931519,0.7532994256755527,0.5821820549746949,0.561358703795872,0.5099190343259274,0.0,0.5479733449552022,0.4381490081721444,2.389473325536915,0.4034104554219782
SI,0.7312825130717359,0.6697336065404741,0.5493451519070472,0.6527598631072176,0.508195279908718,0.5704775587877498,0.7233994193280988,0.5107799801900463,0.6295340837001449,0.4598466746243594,0.5748897041911813,0.5041748443120152,0.5567976863467116,0.5526147325000305,0.5900136505394075,0.8703017479023185,0.5914481854439445,0.5326857727072839,1.2120542875864118,0.5980658528974878,0.6285816422287871,0.5691712232806673,0.6702671094189949,0.9081651685594196,0.5894926562311387,0.6694606261184752,1.3310037075478751,0.913054015437673,0.5194403204768693,0.5303760869987352,1.408961988778065,0.5553297305354418,0.5576300566464499,0.5949353884253654,0.771747335681305,0.5371139156289333,0.5435637615262168,0.4997233481227,0.7140005497645736,0.6353956549306033,0.5693468998017001,0.7378952910334875,0.5479733449552022,2.149076029934877e-07,0.4775025710077603,2.326447986237027,0.5285944646655937
SK,0.6780892294632818,0.642738722542612,0.443036361651263,0.6526411007451762,0.3748728943990948,0.4230235502254225,0.6143139584181616,0.381001624632228,0.5464621616960915,0.2927855102205651,0.4451626193098589,0.3661509943062579,0.4252083549074335,0.4078885617365709,0.4339079481180574,0.8143308147914595,0.4640297208103117,0.4109805579064875,1.2050699646349765,0.5075443361034518,0.6904737120817841,0.3964912822387386,0.6251749273094122,0.8775120477088334,0.5157626081789718,0.6123751616796218,1.3089243165291762,0.8502056291518296,0.424662372533077,0.4205081057483355,1.362880813298616,0.4563256713060779,0.5223823373468821,0.6025532335688375,0.736507821758912,0.4067442226518886,0.4390114741435636,0.4207337429452847,0.6844761695497892,0.5202656252431119,0.5160455858685056,0.628752900984627,0.4381490081721444,0.4775025710077603,1.3657139822709086e-07,2.33800647120028,0.3781378305127132
