ISO_CODE,AE,AF,AM,AZ,BD,BH,BN,BT,CN,GE,HK,ID,IL,IN,IQ,JO,JP,KG,KH,KR,KW,KZ,LA,LB,LK,MM,MN,MO,MV,MY,NP,OM,PH,PK,PS,QA,SA,SG,TH,TJ,TM,TR,TW,UZ,VN,YE
AE,0.0,3.3099211190651223,3.0787818551825588,3.138327078954056,2.9572435622689777,1.6903657674260373,3.1901265675216197,3.116492848643633,3.464460843382573,3.1144213218969328,4.2525065670006095,3.05641891341439,3.524457517238777,2.8229943410578064,4.03891206881537,4.5831063360059545,3.280561866693555,2.923127041401289,3.270107086764304,3.4279668400957948,1.8756133016528236,2.969969080583497,3.2155071172600853,2.7874621609291963,2.9106185822071944,2.945746885280989,3.2751682465647973,4.302340243070674,3.3847196305486595,4.309802010482209,3.0394917605660963,2.01800660178273,2.9084510293254047,2.63005185290235,4.723636643582057,1.9605458398259616,2.0062184240780936,2.7927960923086848,4.7539349731402085,3.0086025329999706,4.032792073908836,3.0547129215792177,4.775956152146899,2.924888164823431,5.088231583680319,3.0126727012837047
AF,3.3099211190651223,0.0,3.462256335493648,3.4767848092610625,3.2375153229045197,3.207836261476594,3.8195712707674874,3.186880413964143,3.6495652153226583,3.501814845970891,4.72978298198617,3.405918235576043,4.000908655262682,3.283456585390488,4.072982959332134,5.189210938149391,3.599280333763666,3.2283558508858023,3.644831443000693,3.918414024247828,3.1872100441003064,3.403063144226516,3.675412765972474,3.5712006172300623,3.443015758582876,3.2839866181196844,3.6771939178423954,4.769819470092262,3.842230187517205,4.774035755924323,3.233463576834068,3.113415692867567,3.4912524322139067,3.0421021381767286,4.985318560061956,3.0620981141130765,3.017949425700424,3.54620317704384,5.172124798266107,3.13428684969447,4.1793777866203605,3.401637935133214,5.137224545502186,3.2156173213931285,5.308391583601637,3.123420410195254
AM,3.0787818551825588,3.462256335493648,1.996533182197121e-06,2.4549465823727266,2.9059606771391016,2.907774212372062,3.53673544179325,2.925839742399861,2.851839769226725,2.154569762579732,4.590890306737228,2.846841854138311,3.7058217802951714,2.8294479913818984,4.410284899854608,5.328897464332017,2.7576239298502654,2.3788823605479017,3.1283668299259197,3.3026766484257037,2.7665081696653098,2.4764433860141226,3.133619917417744,3.1529838946720905,2.832447642083505,2.614100347491619,2.655298647543288,4.579189122525367,3.6539226362368926,4.834739397391014,3.01875997332573,2.6089085529303007,2.8594347785010017,3.0529329663691027,5.156091812028167,2.760375791444012,2.67571737874447,3.072521757545832,5.130408889128837,2.312533939185685,3.5203208120002483,2.7964548616843445,5.085188730679844,2.3445222986944807,5.342160278702308,2.9642318243885115
AZ,3.138327078954056,3.4767848092610625,2.4549465823727266,0.0,2.915595808233253,2.946211986416875,3.626503907665613,2.948041016352365,2.625950637414985,2.376840757932088,4.761541562808945,2.750964731643728,3.921720049292974,2.769135036372966,4.443234370664289,5.407849605193517,2.6298100027197444,2.3697068805407784,3.290863279637354,3.403041025878868,2.875524383807229,2.452255476918285,3.19268147810404,3.311323515799333,3.0286129446376457,2.800966093505244,2.797513269741439,4.783778677744015,3.947509774646958,4.958022425448504,3.199236619534529,2.4986822115157907,2.955326043780308,3.076078356557945,5.255337192637425,2.819443425193315,2.610063475189001,3.2628682552034403,5.287273560891419,2.309294394468992,3.242536243493216,2.4358142988989573,5.284407693883373,2.26091318388645,5.571311647776396,2.762705766260448
BD,2.9572435622689777,3.2375153229045197,2.9059606771391016,2.915595808233253,1.4453358236529995e-06,2.739400800979115,3.5927874276100584,2.667246079214987,2.611455609494546,2.838808697057784,4.817513144004163,2.662638488998018,4.155436897503479,2.316172696976467,4.579179112072859,5.54867188085268,2.6951516053588613,2.7815960407500677,3.2198095218424228,3.4857582078904823,2.7634973088424504,2.871807550609656,3.253103449959807,3.55146132821672,2.716155139644089,2.6010865750274514,2.976282398238935,4.843245387260562,3.674400015397952,4.877415747147265,2.6760175661935643,2.1455081953661934,2.835370728194791,2.571181740043964,5.352415365495525,2.5757317081750086,2.398848753925356,3.220779481986749,5.203969155627737,2.5701619878894117,3.326078750619297,2.995805436909659,5.284594306468168,2.685267915557839,5.526579610788324,2.7434924711994504
BH,1.6903657674260373,3.207836261476594,2.907774212372062,2.946211986416875,2.739400800979115,0.0,3.0890212740224605,2.8951333596825197,3.3073811706418925,2.939360252246221,4.2418953287311885,2.841301557196188,3.4068934804147104,2.6228816290920003,3.9219090488048343,4.5013169638936805,3.1153142949942723,2.735516801589359,3.1631203448426115,3.312805611005217,1.6160575681312168,2.7860195636171943,3.092461397346169,2.6626733758816616,2.810335701435653,2.8162029097816883,3.1461347366109487,4.282449743753857,3.2964247258967965,4.289869540956501,2.931887842825699,1.8270870867866824,2.843902991945702,2.5981006629893137,4.671675435095053,1.7533551458667096,1.8112039205312829,2.731132567778752,4.741302899268825,2.8461749069203037,3.8905173287615886,2.8639910269046163,4.758732694232661,2.742787780971176,5.086384651390822,2.788478495417261
BN,3.1901265675216197,3.8195712707674874,3.53673544179325,3.626503907665613,3.5927874276100584,3.0890212740224605,0.0,3.5386666251831485,4.03228200552761,3.612288678217836,3.842538855137701,3.1225939720135627,3.583068745273788,3.631309093931206,4.364381696098458,4.811425587206714,3.769997735283996,3.350867883178509,3.454398240699956,3.548480330341138,3.12347781002337,3.406579808758102,3.275425196306554,3.3348120055411514,3.3970984411303355,3.2888404584155904,3.672291110875409,3.8605909070155366,3.445613037214384,2.9808407582667567,3.6160325444983337,3.3305144396110267,3.249767988338536,3.451390998459402,4.911141064574083,3.0794862851276417,3.2352471197193267,2.517282623969474,4.318277036580479,3.6018163249068618,4.540726552444722,3.493497661141416,4.356327192559435,3.3887594012406197,4.776761968627278,3.7382749526630095
BT,3.116492848643633,3.186880413964143,2.925839742399861,2.948041016352365,2.667246079214987,2.8951333596825197,3.5386666251831485,0.0,2.683484225618441,2.857706690280768,4.578961586920467,2.6338685081738107,3.951896666977897,2.3614799723134543,4.577989482476386,5.582436057898379,2.698465764340554,2.6009058548349064,3.234480681054158,3.3734005199774337,2.933512898153336,2.765485241076844,3.1706609165271007,3.534862884986304,2.8993531759889697,2.6952275916406347,2.9873200343476984,4.594266077058256,3.73070910010754,4.797698785190398,2.3810744352792352,2.5254745719175986,2.7815763452945643,2.8814049929613508,5.368368416617848,2.7777704215687544,2.6522629237784474,3.054752134677182,5.140569646811386,2.4797843123089107,3.3747849527712583,2.974785545908619,5.012981932595856,2.598673745900088,5.371059464254439,2.7551510686164837
CN,3.464460843382573,3.6495652153226583,2.851839769226725,2.625950637414985,2.611455609494546,3.3073811706418925,4.03228200552761,2.683484225618441,1.4672915488590203e-06,2.548650064615797,5.19653934107566,2.3107886891642115,4.541078693911399,2.225915417077392,5.014616732593792,6.171990771925374,1.2668446308047876,2.469392378276343,3.409294210021238,3.41655892908413,3.1425238933685526,2.5104540733515623,3.262320261827241,3.931809416944633,3.0829041308554146,2.668085372905282,2.740997690782522,5.216626065060336,4.526491359878849,5.534127309802145,3.2240800318305585,2.1728012311118454,2.7161297584789343,3.105062103482449,5.864558653118299,3.008416883213979,2.466595888654967,3.5692314261267364,5.712141240702248,1.8205118528662696,1.9537978455934235,2.861026513256067,5.681871948784585,2.2215892707105773,6.000194446067581,2.229497726374447
GE,3.1144213218969328,3.501814845970891,2.154569762579732,2.376840757932088,2.838808697057784,2.939360252246221,3.612288678217836,2.857706690280768,2.548650064615797,0.0,4.678141015533685,2.77753795585819,3.830724745728231,2.715763596315324,4.533201769254698,5.437020732393649,2.554466144419952,2.508541095871978,3.1075904341457865,3.318339486988911,2.837452769574173,2.580262326093534,3.1513284802184094,3.276968450125041,2.8857256752908027,2.6050049994192936,2.519407307196613,4.681561506577343,3.723870808130103,4.966108049497808,3.076655696384058,2.5206944844145296,2.737809552810528,3.0285534886735825,5.286615861523967,2.7714763976585703,2.623689362977758,3.14099606058097,5.222571890300539,2.314615710010512,3.2774515265756885,2.730788867008597,5.163751070089336,2.3940900213872105,5.483216378836106,2.8566668656379446
HK,4.2525065670006095,4.72978298198617,4.590890306737228,4.761541562808945,4.817513144004163,4.2418953287311885,3.842538855137701,4.578961586920467,5.19653934107566,4.678141015533685,3.092556422012531e-06,4.5126420776733545,3.901148901707897,4.806090073272831,4.74325852000695,4.903555022077037,4.819017133195638,4.3122442123996905,4.335397868118085,3.9963511217931087,4.260549611516823,4.375877564450924,3.9978126480765233,4.087074481353692,4.523476373116727,4.343999495825593,4.702744004715993,2.024416550620332,4.309452913610128,3.852674517166486,4.559710749172042,4.647767648506543,4.326087499809993,4.658522151881117,5.202977390869058,4.235031220357388,4.462810741631986,3.1897111678842585,3.965101952128026,4.738933892724958,5.632842786641003,4.571292460004429,2.826351468536024,4.403827775093675,4.326289676229869,4.836833516133008
ID,3.05641891341439,3.405918235576043,2.846841854138311,2.750964731643728,2.662638488998018,2.841301557196188,3.1225939720135627,2.6338685081738107,2.3107886891642115,2.77753795585819,4.5126420776733545,0.0,3.918578363771443,2.294642371449061,4.500852185074802,5.50688118627297,2.219126088235237,2.3822763121114696,3.1611816705794165,3.0336880527385475,2.7176159488812006,2.4402646208919685,2.8337384473296883,3.435262248918519,2.841196109929496,2.528570628315271,2.9485831184268263,4.619495170521564,3.963398927867716,4.473514950114422,3.0223117283139023,2.2255328925654103,2.546814655906713,2.8863440324268077,5.334290355778803,2.693527851097278,2.321059454352715,2.919322789427827,4.905419254688065,2.2426752011297992,3.033053309557628,2.649943108053761,4.984944418647412,2.3252725823643297,5.311725140883528,2.5301008371228466
IL,3.524457517238777,4.000908655262682,3.7058217802951714,3.921720049292974,4.155436897503479,3.4068934804147104,3.583068745273788,3.951896666977897,4.541078693911399,3.830724745728231,3.901148901707897,3.918578363771443,0.0,4.065208260299253,4.01162433082998,4.089516384083423,4.212500006414932,3.5233334662048583,3.971135866607109,3.794267027307016,3.387323260834349,3.603414701444637,3.747582104011444,2.9952869928212107,3.874267567191689,3.858064851216747,4.080673444376148,3.98993339215351,3.769403330924868,4.175938726214001,3.9475968268075134,3.7834105664914897,3.84666004969012,3.9473684905979134,3.7373783159414025,3.4007386655795635,3.5913585093642757,3.1261231643631504,4.438384732889937,3.925825848087505,4.954656068459145,3.6618428151685394,4.306164906750157,3.5993853733539383,4.751559886394881,3.9002704589237456
IN,2.8229943410578064,3.283456585390488,2.8294479913818984,2.769135036372966,2.316172696976467,2.6228816290920003,3.631309093931206,2.3614799723134543,2.225915417077392,2.715763596315324,4.806090073272831,2.294642371449061,4.065208260299253,1.5769906706002894e-06,4.637679024658329,5.661379352626513,2.255605404029748,2.4589087196000343,3.273564391713023,3.269622830159148,2.594999976164425,2.542002502694399,3.171198996713061,3.5284754474285567,2.6124609118945905,2.6063924751214587,2.9236805851125744,4.897532976575108,3.884662615295398,4.946564187936723,2.621318773962555,1.895501681786433,2.6410883931431384,2.5427714466342275,5.483033711826337,2.457185740651428,2.161530893992803,3.1258092243778504,5.247990354617389,2.2332539605937303,2.961423015665577,2.738545007046442,5.2678570585448,2.402028999229532,5.592363133743976,2.5535170529010567
IQ,4.03891206881537,4.072982959332134,4.410284899854608,4.443234370664289,4.579179112072859,3.9219090488048343,4.364381696098458,4.577989482476386,5.014616732593792,4.533201769254698,4.74325852000695,4.500852185074802,4.01162433082998,4.637679024658329,0.0,4.085420871043641,4.821130834170731,4.239084109090089,4.530500178883142,4.617487383939672,3.7274616749489,4.346632624333897,4.348969047096705,3.576146890473907,4.426280733458124,4.345504277923733,4.720570863534122,4.8147150664313045,4.3630444325661095,4.877183289562143,4.499028569914101,4.209206228270448,4.520650645574879,4.387195080798565,4.217934568684165,3.890435420452272,3.961022719758784,4.171621212515305,5.118293965176633,4.419462387240492,5.379159599629586,4.2819223627259015,5.112761307410018,4.280568008729619,5.219525191876035,4.035312099320146
JO,4.5831063360059545,5.189210938149391,5.328897464332017,5.407849605193517,5.54867188085268,4.5013169638936805,4.811425587206714,5.582436057898379,6.171990771925374,5.437020732393649,4.903555022077037,5.50688118627297,4.089516384083423,5.661379352626513,4.085420871043641,4.514240319433567e-06,5.91728818600521,5.18600048216807,5.275068999535934,5.325571920500017,4.447286103937077,5.2758677679548445,5.137898308572371,3.909621446408595,5.281503509464083,5.296128535000711,5.565373722947057,4.95663549541575,4.838789534131712,4.968512000316308,5.393057648632867,5.064120411429245,5.398594349850987,5.239361981284975,3.7266307256727793,4.584542027872415,4.826054626526802,4.701641758467937,5.177164296064432,5.559309623208339,6.460257459870532,5.147300228390314,5.194821847179446,5.227566611187932,5.47894761157661,5.128036702475976
JP,3.280561866693555,3.599280333763666,2.7576239298502654,2.6298100027197444,2.6951516053588613,3.1153142949942723,3.769997735283996,2.698465764340554,1.2668446308047876,2.554466144419952,4.819017133195638,2.219126088235237,4.212500006414932,2.255605404029748,4.821130834170731,5.91728818600521,0.0,2.2786847070264464,3.2647550957419926,3.0053376557323315,2.9431279465849305,2.298434266168178,3.002257808832095,3.69527030159689,2.9760459558450663,2.6215582849627315,2.721293548575112,4.847467281395759,4.336917335346284,5.204855202609091,3.187075034740911,2.175868383642231,2.620757761260339,3.087330154094128,5.688955463031569,2.8791272282343825,2.367374622158897,3.2264214187841875,5.310514576711498,1.9043679524524528,2.3594203785533487,2.6891951643376784,5.250419194026738,2.100156048793684,5.6602641365865045,2.374207692431656
KG,2.923127041401289,3.2283558508858023,2.3788823605479017,2.3697068805407784,2.7815960407500677,2.735516801589359,3.350867883178509,2.6009058548349064,2.469392378276343,2.508541095871978,4.3122442123996905,2.3822763121114696,3.5233334662048583,2.4589087196000343,4.239084109090089,5.18600048216807,2.2786847070264464,0.0,3.172828701563044,2.9862584018690086,2.6261824350596927,1.4818347109437169,2.866298651388389,3.095192421482944,2.7900500259131644,2.581444442707375,2.8194638893547213,4.379537885954563,3.805071603500708,4.618163460804342,2.9415678671722985,2.27981529742022,2.71501309533835,2.9174046941408305,5.05478253632181,2.57613735257578,2.3593075544293294,2.8266702033386317,4.877614191618589,1.7241766627729032,3.065550435411956,2.5167340505726776,4.800594731955878,1.547169889114314,5.158092659216728,2.480737594529505
KH,3.270107086764304,3.644831443000693,3.1283668299259197,3.290863279637354,3.2198095218424228,3.1631203448426115,3.454398240699956,3.234480681054158,3.409294210021238,3.1075904341457865,4.335397868118085,3.1611816705794165,3.971135866607109,3.273564391713023,4.530500178883142,5.275068999535934,3.2647550957419926,3.172828701563044,2.354194838777959e-06,3.490432528486335,3.1266515081424555,3.231749736114495,2.798421647016749,3.524523245845147,3.2262871549519287,2.635336253072849,3.03154729775116,4.272750984563995,3.6924815621051743,4.509227769818144,3.269123260075113,3.0587248955387856,3.0726189598744664,3.3146015857068427,5.238706400883388,3.072974036021893,3.0421031416575994,3.0712014663572798,4.628122585536838,3.218292227530489,4.080780470352139,3.3712378677067965,4.855863234207292,3.11260329265989,4.956280791356606,3.392761459804762
KR,3.4279668400957948,3.918414024247828,3.3026766484257037,3.403041025878868,3.4857582078904823,3.312805611005217,3.548480330341138,3.3734005199774337,3.41655892908413,3.318339486988911,3.9963511217931087,3.0336880527385475,3.794267027307016,3.269622830159148,4.617487383939672,5.325571920500017,3.0053376557323315,2.9862584018690086,3.490432528486335,2.3990406748650203e-06,3.218006500445534,2.9952721426385693,3.0494423390032224,3.5646735591131486,3.4431179818845887,3.1167187578489832,3.33893826395274,4.079840840760227,4.128435314688403,4.473986376498393,3.5893069931445805,3.166084100688932,3.173182021290732,3.556708920721835,5.285340343692625,3.259209432410957,3.12651827291106,3.02337668842888,4.455155313824882,3.1797349940084767,3.991083909071387,3.202449898089413,4.311905915895988,3.018016301315898,4.857196141579198,3.468389578225649
KW,1.8756133016528236,3.1872100441003064,2.7665081696653098,2.875524383807229,2.7634973088424504,1.6160575681312168,3.12347781002337,2.933512898153336,3.1425238933685526,2.837452769574173,4.260549611516823,2.7176159488812006,3.387323260834349,2.594999976164425,3.7274616749489,4.447286103937077,2.9431279465849305,2.6261824350596927,3.1266515081424555,3.218006500445534,2.888212547203473e-06,2.634210865190354,3.0166472289259048,2.5471533224209435,2.6861070329068784,2.636654134976051,3.087090229885648,4.310721316959517,3.3108411009750487,4.319072422050798,2.905981641163623,1.8226049199390235,2.6692135302281863,2.673627505159524,4.551733674268507,1.716296118438439,1.6486122255195337,2.7653787874344142,4.730666901510396,2.612975351833469,3.727873969620082,2.761770052929581,4.775238515583149,2.606366482165224,5.064955798320581,2.6042674251924978
KZ,2.969969080583497,3.403063144226516,2.4764433860141226,2.452255476918285,2.871807550609656,2.7860195636171943,3.406579808758102,2.765485241076844,2.5104540733515623,2.580262326093534,4.375877564450924,2.4402646208919685,3.603414701444637,2.542002502694399,4.346632624333897,5.2758677679548445,2.298434266168178,1.4818347109437169,3.231749736114495,2.9952721426385693,2.634210865190354,0.0,2.918156816733372,3.190655288873086,2.8823248366168057,2.673955382012985,2.8559437213455703,4.451706411525194,3.89156585799706,4.669105627064113,3.0856338260388423,2.3107838959541342,2.808365657245929,3.022535111876016,5.169584717294269,2.6510324151273874,2.396725333937761,2.906648061925109,4.907948335677751,1.918937943416783,3.1173585603951244,2.559850420963212,4.8935878421427255,1.7353960975412208,5.241226308461069,2.598456722827872
LA,3.2155071172600853,3.675412765972474,3.133619917417744,3.19268147810404,3.253103449959807,3.092461397346169,3.275425196306554,3.1706609165271007,3.262320261827241,3.1513284802184094,3.9978126480765233,2.8337384473296883,3.747582104011444,3.171198996713061,4.348969047096705,5.137898308572371,3.002257808832095,2.866298651388389,2.798421647016749,3.0494423390032224,3.0166472289259048,2.918156816733372,7.152557373046875e-07,3.3745044399195856,3.1533820053515877,2.7267272783948893,3.16538805050574,3.966507189587882,3.822226922200506,4.250923937588076,3.3692634959826573,2.9314163844686534,3.0295327491110307,3.3429388574857564,5.160630594210101,3.039711749746281,2.942203125598092,2.8980015801760217,3.7695077962552648,3.015199767601905,3.8947786802731903,3.139447127466019,4.500375000758712,2.8616114418814367,4.6695108171759365,3.22114057073748
LB,2.7874621609291963,3.5712006172300623,3.1529838946720905,3.311323515799333,3.55146132821672,2.6626733758816616,3.3348120055411514,3.534862884986304,3.931809416944633,3.276968450125041,4.087074481353692,3.435262248918519,2.9952869928212107,3.5284754474285567,3.576146890473907,3.909621446408595,3.69527030159689,3.095192421482944,3.524523245845147,3.5646735591131486,2.5471533224209435,3.190655288873086,3.3745044399195856,3.619724857971424e-06,3.3096786128930065,3.308782163042349,3.5240231081148043,4.121462660294878,3.4647836751187406,4.217504097159652,3.494422321685243,2.990842080061459,3.3675182157435906,3.3332003990758863,3.982334464130849,2.653112699402387,2.7855195964451904,2.9690913600983384,4.613388800116618,3.388292017678231,4.4167508142716665,3.14560729587618,4.573705596219748,3.1308278395904527,4.950773210860555,3.2340377128055824
LK,2.9106185822071944,3.443015758582876,2.832447642083505,3.0286129446376457,2.716155139644089,2.810335701435653,3.3970984411303355,2.8993531759889697,3.0829041308554146,2.8857256752908027,4.523476373116727,2.841196109929496,3.874267567191689,2.6124609118945905,4.426280733458124,5.281503509464083,2.9760459558450663,2.7900500259131644,3.2262871549519287,3.4431179818845887,2.6861070329068784,2.8823248366168057,3.1533820053515877,3.3096786128930065,1.9054850772793032e-06,2.646266333635044,3.114842415424429,4.541179165093621,3.3933359907102214,4.585533005529076,2.8240930824508976,2.5011804268015903,2.863872282038211,2.7863634915846847,5.20775069425797,2.6027540131940765,2.638530388218917,2.993619086072588,4.906991451290602,2.720932214460289,3.6954057556207367,3.034363611596991,5.006225416284919,2.786179164401656,5.254036979996925,3.0702813065270607
MM,2.945746885280989,3.2839866181196844,2.614100347491619,2.800966093505244,2.6010865750274514,2.8162029097816883,3.2888404584155904,2.6952275916406347,2.668085372905282,2.6050049994192936,4.343999495825593,2.528570628315271,3.858064851216747,2.6063924751214587,4.345504277923733,5.296128535000711,2.6215582849627315,2.581444442707375,2.635336253072849,3.1167187578489832,2.636654134976051,2.673955382012985,2.7267272783948893,3.308782163042349,2.646266333635044,1.5266237824995157e-06,2.673544023827996,4.332831555502074,3.520235158957474,4.511970203852208,2.745476911669455,2.412065746385853,2.579962359090744,2.831815448838316,5.15808269577833,2.608557186583679,2.461324059103291,2.8102133361049364,4.67079673352186,2.414577924295792,3.3857311323317587,2.8836429797473286,4.845885383964574,2.487890093482686,5.073294797803349,2.782580390220466
MN,3.2751682465647973,3.6771939178423954,2.655298647543288,2.797513269741439,2.976282398238935,3.1461347366109487,3.672291110875409,2.9873200343476984,2.740997690782522,2.519407307196613,4.702744004715993,2.9485831184268263,4.080673444376148,2.9236805851125744,4.720570863534122,5.565373722947057,2.721293548575112,2.8194638893547213,3.03154729775116,3.33893826395274,3.087090229885648,2.8559437213455703,3.16538805050574,3.5240231081148043,3.114842415424429,2.673544023827996,0.0,4.676643123881261,3.9467085691771993,4.980325057098198,3.185512167361649,2.7576865429306245,2.840737744120015,3.1952296046819617,5.410253967584612,3.0052279028373405,2.8530621078051808,3.2668744481134424,5.206041401295971,2.690007879124887,3.487139750037766,3.048217723378543,5.176318696176052,2.712715654107732,5.489031636617481,3.058987280872849
MO,4.302340243070674,4.769819470092262,4.579189122525367,4.783778677744015,4.843245387260562,4.282449743753857,3.8605909070155366,4.594266077058256,5.216626065060336,4.681561506577343,2.024416550620332,4.619495170521564,3.98993339215351,4.897532976575108,4.8147150664313045,4.95663549541575,4.847467281395759,4.379537885954563,4.272750984563995,4.079840840760227,4.310721316959517,4.451706411525194,3.966507189587882,4.121462660294878,4.541179165093621,4.332831555502074,4.676643123881261,2.305397940375056e-06,4.301921648835381,3.860584986371316,4.558827550891524,4.6957391568934845,4.314447395640682,4.7003545249913,5.229384288295888,4.262031482017548,4.519043882594965,3.260974417641914,4.046090033240645,4.782778986921916,5.68478848861202,4.624120231087168,2.965766340233289,4.454319759377667,4.407110066490891,4.88360983683419
MV,3.3847196305486595,3.842230187517205,3.6539226362368926,3.947509774646958,3.674400015397952,3.2964247258967965,3.445613037214384,3.73070910010754,4.526491359878849,3.723870808130103,4.309452913610128,3.963398927867716,3.769403330924868,3.884662615295398,4.3630444325661095,4.838789534131712,4.336917335346284,3.805071603500708,3.6924815621051743,4.128435314688403,3.3108411009750487,3.89156585799706,3.822226922200506,3.4647836751187406,3.3933359907102214,3.520235158957474,3.9467085691771993,4.301921648835381,4.6169559314339364e-07,4.247540638904154,3.560970118362682,3.651357718618601,3.6980366210734985,3.5062859492127654,4.855252519829927,3.2476170851287294,3.558458998086818,3.190503229322597,4.676431612442093,3.944083935571548,5.016528268243193,3.873132432774477,4.793204335715816,3.8071731765241896,4.9173923049353485,4.106116888018399
MY,4.309802010482209,4.774035755924323,4.834739397391014,4.958022425448504,4.877415747147265,4.289869540956501,2.9808407582667567,4.797698785190398,5.534127309802145,4.966108049497808,3.852674517166486,4.473514950114422,4.175938726214001,4.946564187936723,4.877183289562143,4.968512000316308,5.204855202609091,4.618163460804342,4.509227769818144,4.473986376498393,4.319072422050798,4.669105627064113,4.250923937588076,4.217504097159652,4.585533005529076,4.511970203852208,4.980325057098198,3.860584986371316,4.247540638904154,3.3186461703956256e-06,4.687843691427182,4.732913945891732,4.53574730975693,4.641268975334464,5.24399841323782,4.3177536804893,4.563566014341518,3.390009759569889,4.255712037772002,5.011766722340152,5.928711955604856,4.684112167367077,4.14135455060879,4.715710956251348,4.720366572393668,5.027756312039661
NP,3.0394917605660963,3.233463576834068,3.01875997332573,3.199236619534529,2.6760175661935643,2.931887842825699,3.6160325444983337,2.3810744352792352,3.2240800318305585,3.076655696384058,4.559710749172042,3.0223117283139023,3.9475968268075134,2.621318773962555,4.499028569914101,5.393057648632867,3.187075034740911,2.9415678671722985,3.269123260075113,3.5893069931445805,2.905981641163623,3.0856338260388423,3.3692634959826573,3.494422321685243,2.8240930824508976,2.745476911669455,3.185512167361649,4.558827550891524,3.560970118362682,4.687843691427182,1.233110479448867e-06,2.710958925277424,2.9865736092371646,2.8422593818756865,5.220777656029195,2.67609970406032,2.832306335401636,3.131727942914262,5.076099539075302,2.86915774933649,3.84684834087975,3.249455239103041,5.024486025656475,2.93884611715328,5.258505487222768,3.1122394705601613
OM,2.01800660178273,3.113415692867567,2.6089085529303007,2.4986822115157907,2.1455081953661934,1.8270870867866824,3.3305144396110267,2.5254745719175986,2.1728012311118454,2.5206944844145296,4.647767648506543,2.2255328925654103,3.7834105664914897,1.895501681786433,4.209206228270448,5.064120411429245,2.175868383642231,2.27981529742022,3.0587248955387856,3.166084100688932,1.8226049199390235,2.3107838959541342,2.9314163844686534,2.990842080061459,2.5011804268015903,2.412065746385853,2.7576865429306245,4.6957391568934845,3.651357718618601,4.732913945891732,2.710958925277424,1.484143686054794e-06,2.4878980118176988,2.327526986037119,5.036505739804984,1.784116508069149,1.393556475523197,2.937882738277584,5.099514464190617,2.052963501400978,2.9164945708731684,2.5138316602303727,5.1615274919735885,2.179530357506654,5.435154397367376,2.123178136467219
PH,2.9084510293254047,3.4912524322139067,2.8594347785010017,2.955326043780308,2.835370728194791,2.843902991945702,3.249767988338536,2.7815763452945643,2.7161297584789343,2.737809552810528,4.326087499809993,2.546814655906713,3.84666004969012,2.6410883931431384,4.520650645574879,5.398594349850987,2.620757761260339,2.71501309533835,3.0726189598744664,3.173182021290732,2.6692135302281863,2.808365657245929,3.0295327491110307,3.3675182157435906,2.863872282038211,2.579962359090744,2.840737744120015,4.314447395640682,3.6980366210734985,4.53574730975693,2.9865736092371646,2.4878980118176988,0.0,2.9355956519439297,5.265340210885842,2.5824950815899137,2.487717550048189,2.753171161870228,4.822716831248437,2.6128630920168927,3.3301380688178828,2.946012916369976,4.784112397233941,2.6271112262396352,5.167047546796098,2.912365056761705
PK,2.63005185290235,3.0421021381767286,3.0529329663691027,3.076078356557945,2.571181740043964,2.5981006629893137,3.451390998459402,2.8814049929613508,3.105062103482449,3.0285534886735825,4.658522151881117,2.8863440324268077,3.9473684905979134,2.5427714466342275,4.387195080798565,5.239361981284975,3.087330154094128,2.9174046941408305,3.3146015857068427,3.556708920721835,2.673627505159524,3.022535111876016,3.3429388574857564,3.3332003990758863,2.7863634915846847,2.831815448838316,3.1952296046819617,4.7003545249913,3.5062859492127654,4.641268975334464,2.8422593818756865,2.327526986037119,2.9355956519439297,0.0,5.137355361946697,2.538762759192229,2.3667132277773373,3.1311264299181607,5.083685935332218,2.8599151572002075,3.732597649381741,3.025700765220012,5.108182126523926,2.8968236439210333,5.382503527788415,3.0077914406037456
PS,4.723636643582057,4.985318560061956,5.156091812028167,5.255337192637425,5.352415365495525,4.671675435095053,4.911141064574083,5.368368416617848,5.864558653118299,5.286615861523967,5.202977390869058,5.334290355778803,3.7373783159414025,5.483033711826337,4.217934568684165,3.7266307256727793,5.688955463031569,5.05478253632181,5.238706400883388,5.285340343692625,4.551733674268507,5.169584717294269,5.160630594210101,3.982334464130849,5.20775069425797,5.15808269577833,5.410253967584612,5.229384288295888,4.855252519829927,5.24399841323782,5.220777656029195,5.036505739804984,5.265340210885842,5.137355361946697,0.0,4.566603488143421,4.733208925500527,4.72751902266569,5.470718647510238,5.344783292605892,6.170053262552926,5.029909197384656,5.503682106908791,5.078487234065246,5.717207668139301,4.8540454990233215
QA,1.9605458398259616,3.0620981141130765,2.760375791444012,2.819443425193315,2.5757317081750086,1.7533551458667096,3.0794862851276417,2.7777704215687544,3.008416883213979,2.7714763976585703,4.235031220357388,2.693527851097278,3.4007386655795635,2.457185740651428,3.890435420452272,4.584542027872415,2.8791272282343825,2.57613735257578,3.072974036021893,3.259209432410957,1.716296118438439,2.6510324151273874,3.039711749746281,2.653112699402387,2.6027540131940765,2.608557186583679,3.0052279028373405,4.262031482017548,3.2476170851287294,4.3177536804893,2.67609970406032,1.784116508069149,2.5824950815899137,2.538762759192229,4.566603488143421,0.0,1.6441585486590844,2.5789162587322134,4.691764874157128,2.5809668200310907,3.608013850521152,2.7290365527597427,4.78237956499695,2.559702739527487,5.086056039886328,2.5823863553770865
SA,2.0062184240780936,3.017949425700424,2.67571737874447,2.610063475189001,2.398848753925356,1.8112039205312829,3.2352471197193267,2.6522629237784474,2.466595888654967,2.623689362977758,4.462810741631986,2.321059454352715,3.5913585093642757,2.161530893992803,3.961022719758784,4.826054626526802,2.367374622158897,2.3593075544293294,3.0421031416575994,3.12651827291106,1.6486122255195337,2.396725333937761,2.942203125598092,2.7855195964451904,2.638530388218917,2.461324059103291,2.8530621078051808,4.519043882594965,3.558458998086818,4.563566014341518,2.832306335401636,1.393556475523197,2.487717550048189,2.3667132277773373,4.733208925500527,1.6441585486590844,6.36403456451375e-07,2.768287110165629,4.865827371425368,2.247928695294064,3.157668088925571,2.527714353541461,4.968675633138745,2.2788870165588926,5.279162542792421,2.080351400319046
SG,2.7927960923086848,3.54620317704384,3.072521757545832,3.2628682552034403,3.220779481986749,2.731132567778752,2.517282623969474,3.054752134677182,3.5692314261267364,3.14099606058097,3.189711167884258,2.919322789427827,3.1261231643631504,3.1258092243778504,4.171621212515305,4.701641758467937,3.2264214187841875,2.8266702033386317,3.0712014663572798,3.02337668842888,2.7653787874344142,2.906648061925109,2.8980015801760217,2.9690913600983384,2.993619086072588,2.8102133361049364,3.2668744481134424,3.260974417641913,3.190503229322597,3.3900097595698884,3.131727942914262,2.937882738277584,2.753171161870228,3.1311264299181607,4.72751902266569,2.5789162587322134,2.768287110165629,3.279880641030694e-06,3.9757575879253886,3.140991444524013,4.159153436602332,3.115963650643258,3.807632902682297,2.875201302279354,4.471152938422766,3.408162321888273
TH,4.7539349731402085,5.172124798266107,5.130408889128837,5.287273560891419,5.203969155627737,4.741302899268825,4.318277036580479,5.140569646811386,5.712141240702248,5.222571890300539,3.965101952128026,4.905419254688065,4.438384732889937,5.247990354617389,5.118293965176633,5.177164296064432,5.310514576711498,4.877614191618589,4.628122585536838,4.455155313824882,4.730666901510396,4.907948335677751,3.7695077962552648,4.613388800116618,4.906991451290602,4.67079673352186,5.206041401295971,4.046090033240645,4.676431612442093,4.255712037772002,5.076099539075302,5.099514464190617,4.822716831248437,5.083685935332218,5.470718647510238,4.691764874157128,4.865827371425368,3.975757587925389,1.7068172768683857e-06,5.261891080660641,6.049772729629878,4.966669570433671,4.090540194701883,4.909203440022282,4.36920108290864,5.296711060911276
TJ,3.0086025329999706,3.13428684969447,2.312533939185685,2.309294394468992,2.5701619878894117,2.8461749069203037,3.6018163249068618,2.4797843123089107,1.8205118528662696,2.314615710010512,4.738933892724958,2.2426752011297992,3.925825848087505,2.2332539605937303,4.419462387240492,5.559309623208339,1.9043679524524528,1.7241766627729032,3.218292227530489,3.1797349940084767,2.612975351833469,1.918937943416783,3.015199767601905,3.388292017678231,2.720932214460289,2.414577924295792,2.690007879124887,4.782778986921916,3.944083935571548,5.011766722340152,2.86915774933649,2.052963501400978,2.6128630920168927,2.8599151572002075,5.344783292605892,2.5809668200310907,2.247928695294064,3.140991444524013,5.261891080660641,8.534086384341927e-07,2.5591395241704227,2.5597568698751663,5.216802095115331,1.5158875911874312,5.524636980664657,2.220396047092
TM,4.032792073908836,4.1793777866203605,3.5203208120002483,3.242536243493216,3.326078750619297,3.8905173287615886,4.540726552444722,3.3747849527712583,1.9537978455934235,3.2774515265756885,5.632842786641003,3.033053309557628,4.954656068459145,2.961423015665577,5.379159599629586,6.460257459870532,2.3594203785533487,3.065550435411956,4.080780470352139,3.991083909071387,3.727873969620082,3.1173585603951244,3.8947786802731903,4.4167508142716665,3.6954057556207367,3.3857311323317587,3.487139750037766,5.68478848861202,5.016528268243193,5.928711955604856,3.84684834087975,2.9164945708731684,3.3301380688178828,3.732597649381741,6.170053262552926,3.608013850521152,3.157668088925571,4.159153436602332,6.049772729629878,2.5591395241704227,0.0,3.403398842107201,6.0513997907641865,2.868801543403157,6.37601517747052,2.913200403347566
TR,3.0547129215792177,3.401637935133214,2.7964548616843445,2.4358142988989573,2.995805436909659,2.8639910269046163,3.493497661141416,2.974785545908619,2.861026513256067,2.730788867008597,4.571292460004429,2.649943108053761,3.6618428151685394,2.738545007046442,4.2819223627259015,5.147300228390314,2.6891951643376784,2.5167340505726776,3.3712378677067965,3.202449898089413,2.761770052929581,2.559850420963212,3.139447127466019,3.14560729587618,3.034363611596991,2.8836429797473286,3.048217723378543,4.624120231087168,3.873132432774477,4.684112167367077,3.249455239103041,2.5138316602303727,2.946012916369976,3.025700765220012,5.029909197384656,2.7290365527597427,2.527714353541461,3.115963650643258,4.966669570433671,2.5597568698751663,3.403398842107201,7.586432731960926e-07,5.011374973769233,2.4712314415838086,5.335990438697456,2.8196222607590378
TW,4.775956152146899,5.137224545502186,5.085188730679844,5.284407693883373,5.284594306468168,4.758732694232661,4.356327192559435,5.012981932595856,5.681871948784585,5.163751070089336,2.826351468536024,4.984944418647412,4.306164906750157,5.2678570585448,5.112761307410018,5.194821847179446,5.250419194026738,4.800594731955878,4.855863234207292,4.311905915895988,4.775238515583149,4.8935878421427255,4.500375000758712,4.573705596219748,5.006225416284919,4.845885383964574,5.176318696176052,2.965766340233289,4.793204335715816,4.14135455060879,5.024486025656475,5.1615274919735885,4.784112397233941,5.108182126523926,5.503682106908791,4.78237956499695,4.968675633138745,3.8076329026822977,4.090540194701883,5.216802095115331,6.0513997907641865,5.011374973769233,2.5456138258055e-06,4.879170767438761,4.3063504665072685,5.27835065487971
UZ,2.924888164823431,3.2156173213931285,2.3445222986944807,2.26091318388645,2.685267915557839,2.742787780971176,3.3887594012406197,2.598673745900088,2.2215892707105773,2.3940900213872105,4.403827775093675,2.3252725823643297,3.5993853733539383,2.402028999229532,4.280568008729619,5.227566611187932,2.100156048793684,1.547169889114314,3.11260329265989,3.018016301315898,2.606366482165224,1.7353960975412208,2.8616114418814367,3.1308278395904527,2.786179164401656,2.487890093482686,2.712715654107732,4.454319759377667,3.8071731765241896,4.715710956251348,2.93884611715328,2.179530357506654,2.6271112262396352,2.8968236439210333,5.078487234065246,2.559702739527487,2.2788870165588926,2.875201302279354,4.909203440022282,1.5158875911874312,2.868801543403157,2.4712314415838086,4.879170767438761,1.8980125579942056e-06,5.220311846958891,2.365060219650584
VN,5.088231583680319,5.308391583601637,5.342160278702308,5.571311647776396,5.526579610788324,5.086384651390822,4.776761968627278,5.371059464254439,6.000194446067581,5.483216378836106,4.326289676229869,5.311725140883528,4.751559886394881,5.592363133743976,5.219525191876035,5.47894761157661,5.6602641365865045,5.158092659216728,4.956280791356606,4.857196141579198,5.064955798320581,5.241226308461069,4.6695108171759365,4.950773210860555,5.254036979996925,5.073294797803349,5.489031636617481,4.407110066490891,4.9173923049353485,4.720366572393668,5.258505487222768,5.435154397367376,5.167047546796098,5.382503527788415,5.717207668139301,5.086056039886328,5.279162542792421,4.471152938422766,4.36920108290864,5.524636980664657,6.37601517747052,5.335990438697456,4.3063504665072685,5.220311846958891,5.960464477539062e-07,5.5333213219914645
YE,3.0126727012837047,3.123420410195254,2.9642318243885115,2.762705766260448,2.7434924711994504,2.788478495417261,3.7382749526630095,2.7551510686164837,2.229497726374447,2.8566668656379446,4.836833516133008,2.5301008371228466,3.9002704589237456,2.5535170529010567,4.035312099320146,5.128036702475976,2.374207692431656,2.480737594529505,3.392761459804762,3.468389578225649,2.6042674251924978,2.598456722827872,3.22114057073748,3.2340377128055824,3.0702813065270607,2.782580390220466,3.058987280872849,4.88360983683419,4.106116888018399,5.027756312039661,3.1122394705601613,2.123178136467219,2.912365056761705,3.0077914406037456,4.8540454990233215,2.5823863553770865,2.080351400319046,3.408162321888273,5.296711060911276,2.220396047092,2.913200403347566,2.8196222607590378,5.27835065487971,2.365060219650584,5.5333213219914645,0.0
