ISO_CODE,AE,AF,AM,AZ,BD,BH,BN,BT,CN,GE,HK,ID,IL,IN,IQ,JO,JP,KG,KH,KR,KW,KZ,LA,LB,LK,MM,MN,MO,MV,MY,NP,OM,PH,PK,PS,QA,SA,SG,TH,TJ,TM,TR,TW,UZ,VN,YE
AE,1.3978528260658472e-07,0.7900063792560242,0.6915545140364436,0.6813240974134197,0.6197602306939366,0.5215032918830174,0.7144502557510336,0.7372753175252178,0.8080585539882171,0.7280023563541532,1.047640160163285,0.7322793939346943,0.8311856160825459,0.7361496944709807,0.9146445480666666,0.976161290815443,0.7614785288720735,0.6840666045008327,0.8807625720746609,0.9780196408026504,0.4407473664365918,0.6937983056592092,0.7444753455190954,0.5506572600649026,0.5327890199178067,0.7688734363820435,0.7669101682703872,1.101962008183498,0.7674481350118227,1.0471819543145218,0.6172517985559522,0.4682431151251497,0.6420521695558237,0.5282164568926474,1.0817011563938854,0.4115203822637331,0.4418476640464325,0.5789998902882495,1.2152169771286905,0.7133819890145517,0.9641351725237984,0.7231677371464538,1.2361354234599955,0.6639403608118285,1.335576206565517,0.7239396061588804
AF,0.7900063792560242,0.0,0.7502399746257394,0.6873748953893438,0.6556823335629263,0.6878943806501192,0.7901999255442919,0.5851327256449631,0.7415898951147814,0.7190253704167843,1.101756761498469,0.6855739453119952,0.8932908848202933,0.8342459792731699,0.8271928708582075,1.0718449812143922,0.747705537018892,0.6808952761637354,0.938298947028908,0.9971339597580726,0.7553377797305894,0.7082552338146926,0.8269400764642475,0.7571048659866306,0.7776778103198311,0.783398660717326,0.7799310092324779,1.1724307858278251,0.8280572134900547,1.1209203082585055,0.5968801340123339,0.6953943929064855,0.8189123132333451,0.6934676669472679,1.0780795121197548,0.6882668678822325,0.676074367880659,0.7633955718419805,1.310223318298935,0.6755873302854007,0.8969949610974258,0.7490622447613707,1.265055955062624,0.678000794733194,1.386714136032298,0.5730524961415576
AM,0.6915545140364436,0.7502399746257394,0.0,0.4291657197905399,0.6062316214896364,0.553020575547289,0.7683678891797725,0.6598513034126541,0.5837366979881428,0.3604833311267608,1.111217220223787,0.6311079950263098,0.7670537218455403,0.7302733823329737,0.9148133412175516,1.061445452662457,0.5351359294847977,0.3883664664226923,0.912546948950203,0.9102475541803504,0.6721519760199592,0.4276092665184037,0.8013725928728473,0.6660939747937167,0.754139496673109,0.7017722379884529,0.5306687850276781,1.1485999027620557,0.8687745508406274,1.1958649609705665,0.6831469311510575,0.584650308511756,0.7705684659894065,0.7267569405604712,1.095469949457888,0.6110388302788141,0.571081138034446,0.6545468593672722,1.3215821683182076,0.4465970189341111,0.7875581707829198,0.5462762755982657,1.2464164711670402,0.3955325872363103,1.4291971807698405,0.6094591835135352
AZ,0.6813240974134197,0.6873748953893438,0.4291657197905399,9.18569267238524e-08,0.4976586156593225,0.5291589613853861,0.7494002020580564,0.588819854900669,0.4352521160404227,0.3751841610093195,1.117258275884251,0.5428148686880282,0.8155716981409747,0.6659740785932569,0.8756693249755644,1.0680516631989108,0.4000545042873781,0.363784975810386,0.9018154251827888,0.9083516663368052,0.6330931094737797,0.3666366984031804,0.7651869244726875,0.6536997495516509,0.6902446725023105,0.6792758920451651,0.5508173718794575,1.1811993114020152,0.8597572314082922,1.202152477499436,0.6188928899224689,0.5019358352609589,0.7415838635770915,0.6494138436307774,1.0913495969837372,0.5782645309113171,0.5033297119887835,0.6768061120150815,1.3253540844351408,0.3545484433453154,0.6605349125696632,0.4420414373074188,1.2795616140934052,0.3328377549308894,1.4347647318130552,0.4702395474333991
BD,0.6197602306939366,0.6556823335629263,0.6062316214896364,0.4976586156593225,2.1073424255447017e-08,0.5501559136317297,0.7550786926044748,0.5723293416562435,0.5044403228567388,0.5613681955673134,1.146217034493971,0.5827132150697344,0.899882356465319,0.6529612201415266,0.9340181800262048,1.111963554114903,0.5090342022596515,0.548798129374102,0.8840427754841037,0.9288275049933312,0.6001279383144532,0.5479669953670626,0.7695040361050105,0.6955940752815041,0.5871453890039395,0.6626774379003348,0.6424600015943092,1.1957318155851866,0.8223951563565307,1.1893067958116716,0.4985733834137208,0.4144412704135209,0.6953761640778438,0.5395323865887627,1.1283393853287471,0.5222991394980074,0.4627757573847266,0.6951273712446268,1.3391364054634638,0.505328305156427,0.7286369058249796,0.6359284873861842,1.318296128364321,0.5040749608384103,1.4429358371539471,0.504989847014289
BH,0.5215032918830174,0.6878943806501192,0.553020575547289,0.5291589613853861,0.5501559136317297,0.0,0.6228312924027346,0.5775216134347849,0.655410553375177,0.5623726329194234,1.005467339081593,0.5507431681561691,0.696473766439834,0.6396925098813311,0.8029892256820725,0.932128734805746,0.5965608135371715,0.5117614760568451,0.8235533428664138,0.8956364340514824,0.4445500276567979,0.5085761005782877,0.701762213592108,0.5534322245266311,0.642951461064379,0.6834312309660916,0.6474186679585786,1.0621642800584163,0.7171471121026073,1.0208903771653988,0.589767467907692,0.4777810024329826,0.6745688955380107,0.5968944454123024,1.0050833050542172,0.4396462485338818,0.4450187323106222,0.528565853996972,1.1795198788938512,0.5272215243509117,0.8263511252001203,0.537199631671908,1.1680706517928423,0.4835849253340349,1.3291204072961944,0.538738042332406
BN,0.7144502557510336,0.7901999255442919,0.7683678891797725,0.7494002020580564,0.7550786926044748,0.6228312924027346,1.7120130796843852e-07,0.7542104856739063,0.851145452924568,0.7657530033467543,0.8625689672358567,0.6588263849505903,0.8021666684752379,0.886811749232323,0.854665121221756,1.0120941114766215,0.8031838114671679,0.7094776196574543,0.8879775662016534,0.8514332532941096,0.7020002568007452,0.7135830851646141,0.7069781448644104,0.7162793047385339,0.7596885237514586,0.7210156927674354,0.7916465885481423,0.9340488965491408,0.7203737967482998,0.7470669889506136,0.773773754583949,0.7322805224641767,0.7706715689808531,0.7910029009803379,1.0657848737175937,0.6763982959736504,0.69166941420896,0.511762294253189,1.0722351698263148,0.7686030644792374,0.9946430130182776,0.7501387617472394,1.0031470512991747,0.7132486933112546,1.2359255729197458,0.7362314443720197
BT,0.7372753175252178,0.5851327256449631,0.6598513034126541,0.588819854900669,0.5723293416562435,0.5775216134347849,0.7542104856739063,0.0,0.623879905485964,0.6046733690041011,1.0883429725036822,0.6118123619966672,0.844245580566963,0.7158921345186388,0.8850503680031518,1.0867478278879987,0.6251500795772713,0.5912073791528638,0.8875954862800972,0.9090753469924484,0.6904321830889167,0.6076235226376985,0.7609633955923,0.7258017814822999,0.7126144218551732,0.6992132899927395,0.6738975975786811,1.126986246956069,0.8152085854231714,1.1408509049257558,0.4652668853367374,0.6194892142523976,0.7506083556418528,0.6662215515549554,1.087113695343911,0.640514478855716,0.6137755646615629,0.6850734266638143,1.281104603161359,0.5585206826768672,0.8095796601483949,0.6625319057384097,1.2360887154420068,0.5724911091313094,1.382196331107183,0.5265541766071049
CN,0.8080585539882172,0.7415898951147815,0.5837366979881429,0.4352521160404229,0.5044403228567389,0.6554105533751771,0.8511454529245681,0.623879905485964,4.4703483581542975e-08,0.4731923943591539,1.2586837202340253,0.4983916140859855,0.9897718882744232,0.641817942690529,1.0217961861817084,1.2423054644939586,0.2087442053548043,0.4710758718712051,0.9939966803212196,0.8935591728126477,0.7189492767142073,0.4312427372479467,0.8722403424054176,0.8207358376964188,0.7600486245222836,0.7080416050427313,0.5784992228947412,1.3198424655961436,1.0387457289168802,1.3355408220840486,0.6996904899323463,0.4839636200342834,0.7381664246543722,0.7080828204436409,1.232511753419851,0.6708332862157328,0.5209306210555568,0.8154492196864151,1.4742356028594366,0.338802488483633,0.4993545826612042,0.5757990935282301,1.3873893194651783,0.4178500515411999,1.5614459450843166,0.4166629325811298
GE,0.7280023563541532,0.7190253704167843,0.3604833311267608,0.3751841610093195,0.5613681955673134,0.5623726329194234,0.7657530033467543,0.6046733690041011,0.4731923943591538,9.18569267238524e-08,1.1470014882594408,0.5763207648021459,0.8051587442745568,0.690871137447849,0.9286734954793427,1.081377123242825,0.4491670702584747,0.4149602148196137,0.9170745351921752,0.8980118231423334,0.6685884539613172,0.4062132331884798,0.8135223131727494,0.6802938799339262,0.7335164679797225,0.6828715455326515,0.4964105817369225,1.1814075436985916,0.8565846695241849,1.2197153817388944,0.6676497057636904,0.5473670337910027,0.7405894349409453,0.6955324568795077,1.099296575107297,0.606611921071442,0.5443861161814092,0.6816447282574994,1.3612614622126975,0.4049895497839324,0.6935047585752226,0.5118373085997198,1.2732509845013098,0.3841231128800808,1.4615106617412597,0.5322948591631388
HK,1.047640160163285,1.101756761498469,1.111217220223787,1.117258275884251,1.146217034493971,1.005467339081593,0.8625689672358567,1.0883429725036822,1.2586837202340253,1.1470014882594408,1.737759081973225e-07,1.0725022035605207,0.9032382150087944,1.2648360166870594,0.9658725415492644,1.07008318533935,1.1836240313656143,1.031244212337206,1.140419549660214,1.039426110691776,1.0739307821382489,1.0601188422449883,0.9004540228708022,0.9958995407757308,1.115285051645866,1.0765850021262824,1.1497175852876051,0.5347366217593594,0.997235243606331,0.8443106293624034,1.0967821586971114,1.1548693093411146,1.1231109340414638,1.1630196051746364,1.1889359351813205,1.0700346999471195,1.1085070082003443,0.7527782355174489,0.9406599767199066,1.1315390145621658,1.357666215754175,1.098322852196286,0.6463312020787749,1.054074826513643,1.1108391400724484,1.1116603203843891
ID,0.7322793939346943,0.6855739453119952,0.6311079950263098,0.5428148686880282,0.5827132150697344,0.5507431681561691,0.6588263849505903,0.6118123619966672,0.4983916140859853,0.5763207648021459,1.0725022035605207,1.1542389828584841e-07,0.8630174869779381,0.697416919788649,0.8715694188768247,1.1035717031700798,0.474239942345996,0.5158328319157423,0.902356430938794,0.8165062028043217,0.6492306805569369,0.5029733423574932,0.7201988976163134,0.7383213789409769,0.717170315270504,0.6630829357453124,0.6450218855350561,1.1545538653659813,0.897677231670951,1.0726101767816694,0.671458422607291,0.537472691482235,0.7058263219611228,0.6997357023608759,1.115472630250535,0.6173750637028528,0.5201517849372711,0.6465548074787152,1.2457079115087386,0.4873488909994385,0.7167397428834541,0.5672978438847088,1.2050323759485448,0.4919570820017185,1.3762876249048583,0.4632730247699284
IL,0.8311856160825459,0.8932908848202933,0.7670537218455403,0.8155716981409747,0.899882356465319,0.696473766439834,0.8021666684752379,0.844245580566963,0.9897718882744232,0.8051587442745568,0.9032382150087944,0.8630174869779381,0.0,0.9356352571604108,0.7726705897124109,0.7666805994796888,0.9207744783721646,0.7351783378981939,1.064394574418779,1.0366159848839152,0.8017681709927816,0.7565100773551537,0.907034081460765,0.6451196931761125,0.889817190132736,0.9079808382753608,0.9144394014546816,0.9708840711113316,0.8347994184584052,1.0106813971310686,0.8598929997112106,0.865420623682056,0.9636061423083792,0.9061784813585554,0.8490851630216261,0.7975860913271781,0.8236601114969224,0.6361979371439457,1.1694683174223837,0.828451299849635,1.095086971249731,0.7658222116115094,1.0590174471345792,0.7507497906382032,1.2609267862756168,0.8399101655066976
IN,0.7361496944709807,0.8342459792731699,0.7302733823329737,0.6659740785932569,0.6529612201415266,0.6396925098813311,0.886811749232323,0.7158921345186388,0.6418179426905289,0.690871137447849,1.2648360166870594,0.697416919788649,0.9356352571604108,2.1073424255447017e-08,1.0172754184823818,1.1303810358100357,0.6479242702016254,0.6654343292485111,1.039460036993945,1.0268027969064497,0.6613003646933888,0.6644961237295391,0.9541915395486272,0.7432901066347499,0.7261111503928863,0.826863729758006,0.7790424866336726,1.3232528402340786,0.981976792727698,1.2855797193438834,0.6996495703532772,0.5415332031320987,0.8020602265247285,0.7089560997104428,1.194527699996386,0.6223759328249601,0.5825836151864164,0.8202651390772402,1.4313928197772483,0.6214900527100823,0.8148881037745376,0.7153230943442822,1.3945273628459465,0.638561147370596,1.552360138246926,0.676008706854973
IQ,0.9146445480666666,0.8271928708582075,0.9148133412175516,0.8756693249755644,0.9340181800262048,0.8029892256820725,0.854665121221756,0.8850503680031518,1.0217961861817084,0.9286734954793427,0.9658725415492644,0.8715694188768247,0.7726705897124109,1.0172754184823818,1.788139343261719e-07,0.8777778232346375,0.9715753069734274,0.8234164939958369,1.0535586692653032,1.0821038431544516,0.8508659985813405,0.8594874617967727,0.8486834897339682,0.7651389499351336,0.9324186123636028,0.9434180849834108,0.9853683597145092,1.0747565528652545,0.8746984416083289,1.021945907656898,0.902946181203058,0.9192843661384664,1.005485299642089,0.9405614133211624,0.9428503046003264,0.8521516461467852,0.8574986543677248,0.7927882653218681,1.1167004514448726,0.909608557249485,1.1193699948737466,0.8486792871957842,1.1447898805335892,0.8479052692478901,1.248356932168598,0.7901197117132178
JO,0.976161290815443,1.0718449812143922,1.061445452662457,1.0680516631989108,1.111963554114903,0.932128734805746,1.0120941114766215,1.0867478278879987,1.2423054644939586,1.081377123242825,1.07008318533935,1.1035717031700798,0.7666805994796888,1.1303810358100357,0.8777778232346375,1.460009659995543e-07,1.1902237440531545,1.0373110918556518,1.2075445179751545,1.2689382176016004,0.9445031907781584,1.064256561977451,1.0826078631405256,0.7607427379116416,1.0336941497928822,1.1101526889009317,1.1479035168962208,1.1634245800437857,0.9667614686751972,1.107229323753596,1.0454603846960278,1.05519668379244,1.129949886390361,1.0484381522348087,0.8777900782671293,0.9488090753816664,0.9853066845629668,0.9067948371266028,1.2086811888114812,1.1125967984468643,1.330777239104809,1.0312122265129564,1.1989011203523905,1.0449012846277057,1.3160536941557188,1.0467441011750402
JP,0.7614785288720735,0.747705537018892,0.5351359294847977,0.4000545042873781,0.5090342022596515,0.5965608135371715,0.8031838114671679,0.6251500795772713,0.208744205354804,0.4491670702584747,1.1836240313656143,0.474239942345996,0.9207744783721646,0.6479242702016254,0.9715753069734274,1.1902237440531545,4.712160915387242e-08,0.4178031633277235,0.960832263411053,0.8627974200681442,0.6769379452246826,0.3805422511826252,0.8140351437044001,0.7670597739190157,0.7297206924361459,0.6934624380996255,0.5701220330673713,1.2392913679600075,0.9960523634594473,1.2770587765825774,0.6973731817490405,0.4712800248454909,0.7296910533558274,0.69879929889006,1.1911102926551682,0.6396809420116542,0.4949410747668709,0.7490388962553759,1.403703886726416,0.3153995317043315,0.5359973724097189,0.522175556173584,1.320988599349564,0.3669042967407862,1.512573663111614,0.4180973699532435
KG,0.6840666045008327,0.6808952761637354,0.3883664664226923,0.363784975810386,0.548798129374102,0.5117614760568451,0.7094776196574543,0.5912073791528638,0.471075871871205,0.4149602148196137,1.031244212337206,0.5158328319157423,0.7351783378981939,0.6654343292485111,0.8234164939958369,1.0373110918556518,0.4178031633277235,0.0,0.9003782924030049,0.8470022746815921,0.6261575965448916,0.2492343098779686,0.7466838200260167,0.6504876151924868,0.7123110113724858,0.6590007158277843,0.5537255875167858,1.098771681343413,0.866121594816582,1.142229123991615,0.6355205196160799,0.5150750575241823,0.7249933998575235,0.6839952703902399,1.0743449197913788,0.58300656444919,0.5030325721106705,0.6042760643879495,1.2697088696549494,0.2878306251948868,0.6801344513726145,0.4610608345145029,1.1923252217170384,0.2527455943881934,1.3808826212571077,0.4639727862811174
KH,0.8807625720746609,0.938298947028908,0.912546948950203,0.9018154251827888,0.8840427754841037,0.8235533428664138,0.8879775662016534,0.8875954862800972,0.9939966803212196,0.9170745351921752,1.140419549660214,0.902356430938794,1.064394574418779,1.039460036993945,1.0535586692653032,1.2075445179751545,0.960832263411053,0.9003782924030049,6.664001874625056e-08,1.0416188101709922,0.9094531058216956,0.9196856885560506,0.7717177484918059,0.9439989853425916,0.9418438418289696,0.8752985878467958,0.9079360457579092,1.1599307667189145,0.8868338895496464,1.1605991195480885,0.8579157163293608,0.9131864183573062,0.9907184037934148,0.9429014220693708,1.245642920671744,0.8512577928155896,0.8898242920097954,0.8354744722521472,1.2395811103472556,0.9244202932089788,1.1441742715313108,0.9440286022186852,1.3137987317926083,0.8745921050590121,1.3445727112696289,0.9070611700123228
KR,0.9780196408026504,0.9971339597580726,0.9102475541803504,0.9083516663368052,0.9288275049933312,0.8956364340514824,0.8514332532941096,0.9090753469924484,0.8935591728126477,0.8980118231423334,1.039426110691776,0.8165062028043217,1.0366159848839152,1.0268027969064497,1.0821038431544516,1.2689382176016004,0.8627974200681442,0.8470022746815921,1.0416188101709922,0.0,0.9813754553347508,0.8411425759849799,0.7913015482033091,1.0090844032854165,1.0179277864664007,0.8480809978733678,0.8182483172945519,1.067221761517371,1.141464992679096,1.133802931842046,0.977578548779553,0.9396876625984396,0.9859250561120084,1.0456936898882347,1.288828184516407,0.9555577886826748,0.9129185144039156,0.8019990958520772,1.2553536794857016,0.8701575316838114,1.052421799908814,0.8881571507938385,1.144013448062612,0.8537904196259062,1.3428283159171703,0.8827448434595723
KW,0.4407473664365918,0.7553377797305894,0.6721519760199592,0.6330931094737797,0.6001279383144532,0.4445500276567979,0.7020002568007452,0.6904321830889167,0.7189492767142072,0.6685884539613172,1.0739307821382489,0.6492306805569369,0.8017681709927816,0.6613003646933888,0.8508659985813405,0.9445031907781584,0.6769379452246826,0.6261575965448916,0.9094531058216956,0.9813754553347508,0.0,0.6242472988435419,0.7830422500006128,0.5365830081948672,0.5605206006634529,0.7420858245374193,0.7422414568581561,1.1366621364344272,0.7981438012162636,1.0659185121167636,0.6237055214816434,0.4079690832577794,0.5708600086081193,0.5679198180051961,1.0437001104485757,0.3589851162910297,0.3767365056741316,0.6141007043864525,1.2411846707336018,0.6306954911100311,0.8681833397568303,0.6391880128079305,1.2357616602699038,0.5999150190669748,1.3789482829299713,0.6162497355054296
KZ,0.6937983056592092,0.7082552338146926,0.4276092665184037,0.3666366984031804,0.5479669953670626,0.5085761005782877,0.7135830851646141,0.6076235226376985,0.4312427372479466,0.4062132331884798,1.0601188422449883,0.5029733423574932,0.7565100773551537,0.6644961237295391,0.8594874617967727,1.064256561977451,0.3805422511826252,0.2492343098779686,0.9196856885560506,0.8411425759849799,0.6242472988435419,6.989264130329236e-08,0.7629493242504257,0.673134564117739,0.7202284813935659,0.6657948649966406,0.5460874472513869,1.1203888580338894,0.892043224039523,1.1597537640827242,0.6629624812176572,0.5028532750504928,0.7317417860153446,0.6970761427300527,1.0969015157377937,0.5889574827278741,0.5044764719278158,0.6251510763756498,1.2959347051054122,0.2806225798764665,0.6533973471520289,0.4494944556230225,1.2100868028835632,0.2769748023741017,1.4060072960973844,0.4653040870022075
LA,0.7444753455190954,0.8269400764642475,0.8013725928728473,0.7651869244726875,0.7695040361050105,0.701762213592108,0.7069781448644104,0.7609633955923,0.8722403424054175,0.8135223131727494,0.9004540228708022,0.7201988976163134,0.907034081460765,0.9541915395486272,0.8486834897339682,1.0826078631405256,0.8140351437044001,0.7466838200260167,0.7717177484918059,0.7913015482033091,0.7830422500006128,0.7629493242504257,1.7631291696726134e-07,0.7883109917123691,0.8060435841954223,0.7527109830512263,0.7762452383226305,0.9592982636375986,0.8172165754865182,0.954735175232343,0.7656371791741603,0.802611316820333,0.8921173452286512,0.8446470729589923,1.1160544441207436,0.7394696590842368,0.7674111663696983,0.6303854935505676,0.9212452474166862,0.8027264595959307,1.0286337487630224,0.8201238105608392,1.1171211047283809,0.7470003372778381,1.1774217187563518,0.7443111703632347
LB,0.5506572600649026,0.7571048659866306,0.6660939747937167,0.6536997495516509,0.6955940752815041,0.5534322245266311,0.7162793047385339,0.7258017814822999,0.8207358376964188,0.6802938799339262,0.9958995407757308,0.7383213789409769,0.6451196931761125,0.7432901066347499,0.7651389499351336,0.7607427379116416,0.7670597739190157,0.6504876151924868,0.9439989853425916,1.0090844032854165,0.5365830081948672,0.673134564117739,0.7883109917123691,0.0,0.6351800198608794,0.8041377664928931,0.7910072250387044,1.0700181292456703,0.747021951684634,1.015368931132853,0.6761473719864792,0.6006588367014892,0.7633756611561135,0.6579861054929952,0.8941859742732526,0.5315632188133242,0.5609464453996273,0.6081127245174428,1.1909356370835789,0.7159276705475288,0.9633736108837296,0.678510108266225,1.1614546437836129,0.6521633510030659,1.320843823141551,0.6838264992986022
LK,0.5327890199178067,0.7776778103198311,0.754139496673109,0.6902446725023105,0.5871453890039395,0.642951461064379,0.7596885237514586,0.7126144218551732,0.7600486245222835,0.7335164679797225,1.115285051645866,0.717170315270504,0.889817190132736,0.7261111503928863,0.9324186123636028,1.0336941497928822,0.7297206924361459,0.7123110113724858,0.9418438418289696,1.0179277864664007,0.5605206006634529,0.7202284813935659,0.8060435841954223,0.6351800198608794,1.2818463544611077e-07,0.7658885630964225,0.8043495644584973,1.1622099949166096,0.8057479145172471,1.10765843816141,0.5893803695253758,0.4880914820678484,0.7034646130590023,0.5295619303092532,1.108637086517535,0.5049652959512061,0.5213583323679809,0.6921139831573565,1.273833892591198,0.7129057069885597,0.9176429560342124,0.7508460303340296,1.2875408267509425,0.6917938628695622,1.3910552278495258,0.6895898335215944
MM,0.7688734363820435,0.783398660717326,0.7017722379884529,0.6792758920451651,0.6626774379003348,0.6834312309660916,0.7210156927674354,0.6992132899927395,0.7080416050427312,0.6828715455326515,1.0765850021262824,0.6630829357453124,0.9079808382753608,0.826863729758006,0.9434180849834108,1.1101526889009317,0.6934624380996255,0.6590007158277843,0.8752985878467958,0.8480809978733678,0.7420858245374193,0.6657948649966406,0.7527109830512263,0.8041377664928931,0.7658885630964225,0.0,0.6785732438548275,1.1203016688485952,0.8681945577493374,1.0994174187358974,0.6992426941582289,0.6873987539299621,0.7960797985236621,0.774902930566786,1.1419936798945944,0.7019009577211047,0.6688970045590422,0.6755524340815943,1.2289602442322989,0.6679793900004428,0.8910376629844465,0.7045021813106088,1.201879314414923,0.6435761227532947,1.3634861861039955,0.6782165004446508
MN,0.7669101682703872,0.7799310092324779,0.5306687850276781,0.5508173718794575,0.6424600015943092,0.6474186679585786,0.7916465885481423,0.6738975975786811,0.5784992228947412,0.4964105817369225,1.1497175852876051,0.6450218855350561,0.9144394014546816,0.7790424866336726,0.9853683597145092,1.1479035168962208,0.5701220330673713,0.5537255875167858,0.9079360457579092,0.8182483172945519,0.7422414568581561,0.5460874472513869,0.7762452383226305,0.7910072250387044,0.8043495644584973,0.6785732438548275,1.460009659995543e-07,1.1931346546168944,0.9328417549975148,1.2198442557950475,0.7112794823276599,0.6443062795246678,0.7877561496829806,0.7743967438322159,1.1670695620107532,0.6826889725416442,0.6399005727368333,0.7237997745786874,1.3509426000314255,0.5412963437974392,0.7883303492650092,0.6385011110227687,1.281012320432931,0.5368963462935546,1.4320980321896664,0.6400692817953281
MO,1.101962008183498,1.1724307858278251,1.1485999027620557,1.1811993114020152,1.1957318155851866,1.0621642800584163,0.9340488965491408,1.126986246956069,1.3198424655961436,1.1814075436985916,0.5347366217593594,1.1545538653659813,0.9708840711113316,1.3232528402340786,1.0747565528652545,1.1634245800437857,1.2392913679600075,1.0987716813434132,1.1599307667189145,1.067221761517371,1.1366621364344272,1.1203888580338894,0.9592982636375986,1.0700181292456703,1.1622099949166096,1.1203016688485952,1.1931346546168944,1.7120130796843852e-07,1.055593312113178,0.9336711099600186,1.1464218175932497,1.2174336304437554,1.169980493974996,1.2273016960184455,1.2606206691267523,1.132316328785698,1.1781158833439025,0.814598752110243,1.036683983947028,1.1862414181037555,1.418212533060004,1.1592277748021709,0.748747941279856,1.1237625817824808,1.182740792108172,1.1877001399414862
MV,0.7674481350118227,0.8280572134900547,0.8687745508406274,0.8597572314082922,0.8223951563565307,0.7171471121026073,0.7203737967482998,0.8152085854231714,1.0387457289168802,0.8565846695241849,0.997235243606331,0.897677231670951,0.8347994184584052,0.981976792727698,0.8746984416083289,0.9667614686751972,0.9960523634594473,0.866121594816582,0.8868338895496464,1.141464992679096,0.7981438012162636,0.892043224039523,0.8172165754865182,0.747021951684634,0.8057479145172471,0.8681945577493374,0.9328417549975148,1.055593312113178,2.149076029934877e-07,0.9769227708695524,0.7724406223087253,0.8546100370770208,0.9418445341545608,0.8063417004836745,1.0283361988489383,0.729958126671486,0.8211774413368685,0.6922763275642433,1.1262133972833277,0.919623390564716,1.169691256423253,0.8954572429741761,1.1830267741766844,0.8513401936883205,1.2493475362802011,0.870454749960189
MY,1.0471819543145218,1.1209203082585055,1.1958649609705665,1.202152477499436,1.1893067958116716,1.0208903771653988,0.7470669889506136,1.1408509049257558,1.3355408220840486,1.2197153817388944,0.8443106293624034,1.0726101767816694,1.0106813971310686,1.2855797193438834,1.021945907656898,1.107229323753596,1.2770587765825774,1.1422291239916147,1.1605991195480885,1.133802931842046,1.0659185121167636,1.1597537640827242,0.954735175232343,1.015368931132853,1.10765843816141,1.0994174187358974,1.2198442557950475,0.9336711099600186,0.9769227708695524,0.0,1.1248387663470787,1.1691318798815655,1.1444708827235577,1.1621189095423918,1.211897990447184,1.073666641660794,1.1178343658110956,0.8067500067769627,0.9671739074999912,1.2296221007685288,1.433775152733473,1.1472470994503658,0.9255097866488388,1.1599915181091436,1.176722248603811,1.167042519236926
NP,0.6172517985559522,0.5968801340123339,0.6831469311510575,0.6188928899224689,0.4985733834137208,0.589767467907692,0.773773754583949,0.4652668853367374,0.6996904899323463,0.6676497057636904,1.0967821586971114,0.671458422607291,0.8598929997112106,0.6996495703532772,0.902946181203058,1.0454603846960278,0.6973731817490405,0.6355205196160799,0.8579157163293608,0.977578548779553,0.6237055214816434,0.6629624812176572,0.7656371791741603,0.6761473719864792,0.5893803695253758,0.6992426941582289,0.7112794823276599,1.1464218175932497,0.7724406223087253,1.1248387663470787,0.0,0.5508247004868052,0.7152264090565351,0.547392220301836,1.081698711470414,0.5428888942088559,0.5699134127019545,0.6742785090750624,1.2675275631583072,0.6235000688932534,0.8844275370871799,0.7128759860870881,1.275564321696714,0.6141031576523489,1.355337170256683,0.5954706840297102
OM,0.4682431151251497,0.6953943929064855,0.584650308511756,0.5019358352609589,0.4144412704135209,0.4777810024329826,0.7322805224641767,0.6194892142523976,0.4839636200342833,0.5473670337910027,1.1548693093411146,0.537472691482235,0.865420623682056,0.5415332031320987,0.9192843661384664,1.05519668379244,0.4712800248454909,0.5150750575241823,0.9131864183573062,0.9396876625984396,0.4079690832577794,0.5028532750504928,0.802611316820333,0.6006588367014892,0.4880914820678484,0.6873987539299621,0.6443062795246678,1.2174336304437554,0.8546100370770208,1.1691318798815655,0.5508247004868052,0.0,0.5796591981702228,0.4586704526446995,1.116288720643574,0.3350991470338303,0.2333250813457431,0.6560253174411587,1.3454305471193089,0.4589187510138645,0.6938040085960727,0.5795585028990041,1.307815765765304,0.4619469237008493,1.4513418006622612,0.4802850216325592
PH,0.6420521695558237,0.8189123132333451,0.7705684659894065,0.7415838635770915,0.6953761640778438,0.6745688955380107,0.7706715689808531,0.7506083556418528,0.7381664246543721,0.7405894349409453,1.1231109340414638,0.7058263219611228,0.9636061423083792,0.8020602265247285,1.005485299642089,1.129949886390361,0.7296910533558274,0.7249933998575235,0.9907184037934148,0.9859250561120084,0.5708600086081193,0.7317417860153446,0.8921173452286512,0.7633756611561135,0.7034646130590023,0.7960797985236621,0.7877561496829806,1.169980493974996,0.9418445341545608,1.1444708827235577,0.7152264090565351,0.5796591981702228,1.475139697881291e-07,0.7111674432067174,1.18831348038199,0.5662747969251138,0.5722895644425132,0.7127656202172452,1.3253382013402626,0.7184296255599509,0.8524393617535496,0.7655676603759816,1.2656218382229094,0.7087298987169895,1.4243706037191894,0.7116241178343886
PK,0.5282164568926474,0.6934676669472679,0.7267569405604712,0.6494138436307774,0.5395323865887627,0.5968944454123024,0.7910029009803379,0.6662215515549554,0.7080828204436408,0.6955324568795077,1.1630196051746364,0.6997357023608759,0.9061784813585554,0.7089560997104428,0.9405614133211624,1.0484381522348087,0.69879929889006,0.6839952703902399,0.9429014220693708,1.0456936898882347,0.5679198180051961,0.6970761427300527,0.8446470729589923,0.6579861054929952,0.5295619303092532,0.774902930566786,0.7743967438322159,1.2273016960184455,0.8063417004836745,1.1621189095423918,0.547392220301836,0.4586704526446995,0.7111674432067174,1.299053115707837e-07,1.1144504423771662,0.497856035920344,0.4672534059007886,0.7228667623162706,1.3309686769407814,0.665653418611493,0.8768960915009911,0.731816390921747,1.33705971438851,0.6590729904106202,1.4381763597299213,0.6429165966576441
PS,1.0817011563938854,1.0780795121197548,1.095469949457888,1.0913495969837372,1.1283393853287471,1.0050833050542172,1.0657848737175937,1.087113695343911,1.232511753419851,1.099296575107297,1.1889359351813205,1.115472630250535,0.8490851630216261,1.194527699996386,0.9428503046003264,0.8777900782671293,1.1911102926551682,1.0743449197913788,1.245642920671744,1.288828184516407,1.0437001104485757,1.0969015157377937,1.1160544441207436,0.8941859742732526,1.108637086517535,1.1419936798945944,1.1670695620107532,1.2606206691267523,1.0283361988489383,1.211897990447184,1.081698711470414,1.116288720643574,1.18831348038199,1.1144504423771662,0.0,1.0415271062998712,1.0565305528253237,1.0071989038422404,1.3310200814572657,1.1405622134674192,1.3338909464714246,1.0643886155698932,1.3046906984551885,1.0784269345576372,1.42321163209362,1.0416466466145706
QA,0.4115203822637331,0.6882668678822325,0.6110388302788141,0.5782645309113171,0.5222991394980074,0.4396462485338818,0.6763982959736504,0.640514478855716,0.6708332862157327,0.606611921071442,1.0700346999471195,0.6173750637028528,0.7975860913271781,0.6223759328249601,0.8521516461467852,0.9488090753816664,0.6396809420116542,0.58300656444919,0.8512577928155896,0.9555577886826748,0.3589851162910297,0.5889574827278741,0.7394696590842368,0.5315632188133242,0.5049652959512061,0.7019009577211047,0.6826889725416442,1.132316328785698,0.729958126671486,1.073666641660794,0.5428888942088559,0.3350991470338303,0.5662747969251138,0.497856035920344,1.0415271062998712,1.3160349229466688e-07,0.3335846617913512,0.5855056813846997,1.2486125726456658,0.5840307103762608,0.8344747063899379,0.6352346844252116,1.243381618385232,0.5512048958503922,1.3621656928040198,0.5659295789944903
SA,0.4418476640464325,0.676074367880659,0.571081138034446,0.5033297119887835,0.4627757573847266,0.4450187323106222,0.69166941420896,0.6137755646615629,0.5209306210555567,0.5443861161814092,1.1085070082003443,0.5201517849372711,0.8236601114969224,0.5825836151864164,0.8574986543677248,0.9853066845629668,0.4949410747668709,0.5030325721106705,0.8898242920097954,0.9129185144039156,0.3767365056741316,0.5044764719278158,0.7674111663696983,0.5609464453996273,0.5213583323679809,0.6688970045590422,0.6399005727368333,1.1781158833439025,0.8211774413368685,1.1178343658110956,0.5699134127019545,0.2333250813457431,0.5722895644425132,0.4672534059007886,1.0565305528253237,0.3335846617913512,0.0,0.6239647180401783,1.290774794646613,0.4735526540100934,0.7165597402021584,0.5526868120965381,1.261180399298545,0.4557809955892645,1.4094062952771074,0.4591245291365035
SG,0.5789998902882495,0.7633955718419805,0.6545468593672722,0.6768061120150815,0.6951273712446268,0.528565853996972,0.511762294253189,0.6850734266638143,0.8154492196864151,0.6816447282574994,0.7527782355174489,0.6465548074787152,0.6361979371439457,0.8202651390772402,0.7927882653218681,0.9067948371266028,0.7490388962553759,0.6042760643879495,0.8354744722521472,0.8019990958520772,0.6141007043864525,0.6251510763756498,0.6303854935505676,0.6081127245174428,0.6921139831573565,0.6755524340815943,0.7237997745786874,0.814598752110243,0.6922763275642433,0.8067500067769627,0.6742785090750624,0.6560253174411587,0.7127656202172452,0.7228667623162706,1.0071989038422404,0.5855056813846997,0.6239647180401783,0.0,1.0154932011394968,0.6813280068517101,0.9680592414220672,0.6694638888968502,0.9350498773758106,0.6092807763279974,1.1547157396737124,0.6977662159734059
TH,1.2152169771286905,1.310223318298935,1.3215821683182076,1.3253540844351408,1.3391364054634638,1.1795198788938512,1.0722351698263148,1.281104603161359,1.4742356028594366,1.3612614622126975,0.9406599767199066,1.2457079115087386,1.1694683174223837,1.4313928197772483,1.1167004514448726,1.2086811888114812,1.403703886726416,1.2697088696549494,1.2395811103472556,1.2553536794857016,1.2411846707336018,1.2959347051054122,0.9212452474166862,1.1909356370835789,1.273833892591198,1.2289602442322989,1.3509426000314255,1.036683983947028,1.1262133972833277,0.9671739074999912,1.2675275631583072,1.3454305471193089,1.3253382013402626,1.3309686769407814,1.3310200814572657,1.2486125726456658,1.290774794646613,1.0154932011394968,0.0,1.368707054459182,1.5613429781479655,1.2930596025686043,1.0437385448910834,1.2805185013913614,1.1632839651248603,1.3111661831094876
TJ,0.7133819890145517,0.6755873302854007,0.4465970189341111,0.3545484433453154,0.505328305156427,0.5272215243509117,0.7686030644792374,0.5585206826768672,0.3388024884836328,0.4049895497839324,1.1315390145621658,0.4873488909994385,0.828451299849635,0.6214900527100823,0.909608557249485,1.1125967984468643,0.3153995317043315,0.2878306251948868,0.9244202932089788,0.8701575316838114,0.6306954911100311,0.2806225798764665,0.8027264595959307,0.7159276705475288,0.7129057069885597,0.6679793900004428,0.5412963437974392,1.1862414181037555,0.919623390564716,1.2296221007685288,0.6235000688932534,0.4589187510138645,0.7184296255599509,0.665653418611493,1.1405622134674192,0.5840307103762608,0.4735526540100934,0.6813280068517101,1.368707054459182,5.960464477539064e-08,0.5867782871259598,0.4849513435980232,1.281656083872569,0.273492639560104,1.4687063493862142,0.4116103489098031
TM,0.9641351725237984,0.8969949610974258,0.7875581707829198,0.6605349125696632,0.7286369058249796,0.8263511252001203,0.9946430130182776,0.8095796601483949,0.4993545826612041,0.6935047585752226,1.357666215754175,0.7167397428834541,1.095086971249731,0.8148881037745376,1.1193699948737466,1.330777239104809,0.5359973724097189,0.6801344513726145,1.1441742715313108,1.052421799908814,0.8681833397568303,0.6533973471520289,1.0286337487630224,0.9633736108837296,0.9176429560342124,0.8910376629844465,0.7883303492650092,1.418212533060004,1.169691256423253,1.433775152733473,0.8844275370871799,0.6938040085960727,0.8524393617535496,0.8768960915009911,1.3338909464714246,0.8344747063899379,0.7165597402021584,0.9680592414220672,1.5613429781479655,0.5867782871259598,2.1073424255447017e-08,0.7574046487896953,1.4797209872934691,0.6493414177443574,1.6606897273022911,0.6314358342335336
TR,0.7231677371464538,0.7490622447613707,0.5462762755982657,0.4420414373074188,0.6359284873861842,0.537199631671908,0.7501387617472394,0.6625319057384097,0.57579909352823,0.5118373085997198,1.098322852196286,0.5672978438847088,0.7658222116115094,0.7153230943442822,0.8486792871957842,1.0312122265129564,0.522175556173584,0.4610608345145029,0.9440286022186852,0.8881571507938385,0.6391880128079305,0.4494944556230225,0.8201238105608392,0.678510108266225,0.7508460303340296,0.7045021813106088,0.6385011110227687,1.1592277748021709,0.8954572429741761,1.1472470994503658,0.7128759860870881,0.5795585028990041,0.7655676603759816,0.731816390921747,1.0643886155698932,0.6352346844252116,0.5526868120965381,0.6694638888968502,1.2930596025686043,0.4849513435980232,0.7574046487896953,0.0,1.2170589255357114,0.4438873060955952,1.4241864000343465,0.5548315185220007
TW,1.2361354234599955,1.265055955062624,1.2464164711670402,1.2795616140934052,1.318296128364321,1.1680706517928423,1.0031470512991747,1.2360887154420068,1.3873893194651783,1.2732509845013098,0.6463312020787749,1.2050323759485448,1.0590174471345792,1.3945273628459465,1.1447898805335892,1.1989011203523905,1.320988599349564,1.1923252217170384,1.3137987317926083,1.144013448062612,1.2357616602699038,1.2100868028835632,1.1171211047283809,1.1614546437836129,1.2875408267509425,1.201879314414923,1.281012320432931,0.748747941279856,1.1830267741766844,0.9255097866488388,1.275564321696714,1.307815765765304,1.2656218382229094,1.33705971438851,1.3046906984551885,1.243381618385232,1.261180399298545,0.9350498773758106,1.0437385448910834,1.281656083872569,1.4797209872934691,1.2170589255357114,8.940696716308595e-08,1.2149900341557844,1.2304346572284497,1.2632696968311257
UZ,0.6639403608118285,0.678000794733194,0.3955325872363103,0.3328377549308894,0.5040749608384103,0.4835849253340349,0.7132486933112546,0.5724911091313094,0.4178500515411998,0.3841231128800808,1.054074826513643,0.4919570820017185,0.7507497906382032,0.638561147370596,0.8479052692478901,1.0449012846277057,0.3669042967407862,0.2527455943881934,0.8745921050590121,0.8537904196259062,0.5999150190669748,0.2769748023741017,0.7470003372778381,0.6521633510030659,0.6917938628695622,0.6435761227532947,0.5368963462935546,1.1237625817824808,0.8513401936883205,1.1599915181091436,0.6141031576523489,0.4619469237008493,0.7087298987169895,0.6590729904106202,1.0784269345576372,0.5512048958503922,0.4557809955892645,0.6092807763279974,1.2805185013913614,0.273492639560104,0.6493414177443574,0.4438873060955952,1.2149900341557844,0.0,1.4057927134126629,0.4402487411013916
VN,1.335576206565517,1.3867141360322977,1.4291971807698405,1.4347647318130552,1.4429358371539471,1.3291204072961944,1.2359255729197458,1.382196331107183,1.5614459450843166,1.4615106617412597,1.1108391400724484,1.3762876249048583,1.2609267862756168,1.552360138246926,1.248356932168598,1.3160536941557188,1.512573663111614,1.3808826212571077,1.3445727112696289,1.3428283159171703,1.3789482829299713,1.4060072960973844,1.1774217187563518,1.320843823141551,1.3910552278495258,1.3634861861039955,1.4320980321896664,1.182740792108172,1.2493475362802011,1.176722248603811,1.355337170256683,1.4513418006622612,1.4243706037191894,1.4381763597299213,1.42321163209362,1.3621656928040198,1.4094062952771074,1.1547157396737124,1.1632839651248603,1.4687063493862142,1.6606897273022911,1.4241864000343465,1.2304346572284497,1.4057927134126629,9.424321830774485e-08,1.4121716551946004
YE,0.7239396061588804,0.5730524961415576,0.6094591835135352,0.4702395474333991,0.504989847014289,0.538738042332406,0.7362314443720197,0.5265541766071049,0.4166629325811297,0.5322948591631388,1.1116603203843891,0.4632730247699284,0.8399101655066976,0.676008706854973,0.7901197117132178,1.0467441011750402,0.4180973699532435,0.4639727862811174,0.9070611700123228,0.8827448434595723,0.6162497355054296,0.4653040870022075,0.7443111703632347,0.6838264992986022,0.6895898335215944,0.6782165004446508,0.6400692817953281,1.1877001399414862,0.870454749960189,1.167042519236926,0.5954706840297102,0.4802850216325592,0.7116241178343886,0.6429165966576441,1.0416466466145706,0.5659295789944903,0.4591245291365035,0.6977662159734059,1.3111661831094876,0.4116103489098031,0.6314358342335336,0.5548315185220007,1.2632696968311257,0.4402487411013916,1.4121716551946006,8.429369702178808e-08
