ISO_CODE,AE,AF,AM,AZ,BD,BH,BN,BT,CN,GE,HK,ID,IL,IN,IQ,JO,JP,KG,KH,KR,KW,KZ,LA,LB,LK,MM,MN,MO,MV,MY,NP,OM,PH,PK,PS,QA,SA,SG,TH,TJ,TM,TR,TW,UZ,VN,YE
AE,0.0,1.784855707721444,1.9161539019720315,2.0233016206644265,1.7815653646456242,1.0750896787869235,1.920807209661624,1.7670261261463711,1.7067957480583429,2.007010652499643,2.2604281110377573,1.8560423305019007,2.121785889145224,1.6491504090175493,2.4456363191362143,2.264323448149291,1.7635287476976615,1.844831488977602,2.0057966530292077,1.7450031550255425,1.171559920611998,1.86310868165976,1.973943696754576,1.6916255411081451,1.826115990436815,1.7365738896046707,1.8942146835025664,2.2615841234253797,1.7089180940976625,2.332722697353576,1.8334975606439392,1.1218288356773476,1.7899329565122415,1.6955245707759503,2.732267584553121,1.18598767092238,1.1447350508229428,1.6828169611219053,2.07091393035824,1.642999413835008,1.848047423630781,1.8912127112748047,2.213675842192094,1.7849260336554391,2.4248198287420366,1.572608341569915
AF,1.784855707721444,2.1900144899933146e-07,1.8967891124587748,1.9620721126477392,1.792837959553079,1.7861119248444604,2.002717360594916,1.717179235499304,1.6583014916311494,2.0000973989691837,2.2726017099220357,1.8244616469640065,2.1426173531360475,1.669054409185906,2.5133851488714103,2.578304707398666,1.7455490524137285,1.778751637155871,2.0116189147429404,1.720373119937863,1.7399961450869752,1.8193798968932733,1.9772788456978097,1.9561991785574449,1.8918349727542685,1.7304133926936374,1.8669988751521265,2.2805570798116057,1.8129090396322092,2.3835741672304493,1.844386042093586,1.6424344529485722,1.8972084070963664,1.6302071921409045,2.8724995820708408,1.6032086526218328,1.6138555896826694,1.746278756465322,2.0977347859356312,1.5393246498360629,1.7914866853844718,1.769236981452345,2.204202598865143,1.6849164647263144,2.4427893321386867,1.7575352901755883
AM,1.9161539019720315,1.8967891124587748,2.7476383618393204e-07,1.5736463135059051,1.6443043725305289,1.8399222541192424,1.8528056304816,1.588366409297002,1.199851377625607,1.4230421914702442,2.219245753992408,1.4904910809248069,2.089525040883499,1.431284314755883,2.669744478713524,2.7373457195539688,1.2774267766943843,1.4121756167312651,1.7925488281482378,1.34664591144641,1.6951462604393868,1.4288113306345966,1.7228880954683785,1.8645899019760248,1.6363916375457952,1.4207474308737773,1.5018310722504018,2.228341254744397,1.7039429381344178,2.346415646450996,1.756781213933466,1.5043968148121607,1.5757841730889297,1.7689334625309363,2.985175899552149,1.5570587204616095,1.5442372770078316,1.5205627471913727,1.9451845820465816,1.217256114363905,1.325498185358925,1.553366174970569,2.14055512018234,1.3569877413919014,2.38456011559992,1.6485888394445003
AZ,2.0233016206644265,1.9620721126477392,1.5736463135059051,9.8843121241194e-08,1.827218418670396,1.9464206338931889,2.021761873089984,1.7915625130151611,1.43801540469198,1.5731065390860282,2.374710950680378,1.688602815919113,2.22261796705218,1.645444517529216,2.6344593459050523,2.7698067902483943,1.5216266546101398,1.575336991845335,1.9609543031803112,1.584602012675279,1.8252394590932224,1.5904918899220812,1.9091325510411623,1.9846074098126705,1.832309218237856,1.6289712464275614,1.6878705138621384,2.391008264431508,1.879025687606802,2.478372208842986,1.9358445146683545,1.6580159472912754,1.7736742548173074,1.90234798046454,3.0136573292139874,1.7055116397246146,1.6792368017992445,1.7311465147885576,2.118810688871033,1.3926714784737633,1.4808268070851,1.4588511971945164,2.3117115526760834,1.4756678029353754,2.532147718479253,1.7791175374193882
BD,1.7815653646456242,1.792837959553079,1.6443043725305289,1.827218418670396,0.0,1.6821789304363544,1.773753761295468,1.3574189734214388,1.1898703433285074,1.7397463725344295,2.1948562424480818,1.4952871298858803,2.1999422495420946,1.230437085808595,2.715301071380151,2.790454036242329,1.3171324109193827,1.60979985127584,1.7486780272312197,1.3982432963300286,1.62756793251462,1.6381000423879877,1.697584375990706,1.9728772821506275,1.5650421706783832,1.3673804812188397,1.5413103755610968,2.192331629529164,1.500454641138493,2.272766973334491,1.557180080744898,1.3267605883976912,1.5715153169141516,1.5813900312535325,3.054953384564174,1.4349596371485651,1.461628786460028,1.4587944587314066,1.9369539824968505,1.3948654300428602,1.4142446177072314,1.6835365290190298,2.135262782588767,1.5536210531406298,2.4037644214424576,1.664949045668199
BH,1.0750896787869235,1.7861119248444604,1.8399222541192424,1.9464206338931889,1.6821789304363544,2.493441183966624e-07,1.876950769857369,1.703439967231937,1.599077227984004,1.901397287619132,2.262687580662913,1.7638264476049863,2.066864792362004,1.5645372193374874,2.421654513453244,2.233411728325424,1.6576377597417655,1.7806514805878215,1.981212691872397,1.6576580025605885,1.026199187323526,1.7986141395133008,1.928771643612038,1.61996722553726,1.7641503244850367,1.6727960617795203,1.82649089823486,2.2672417976368315,1.6501373782497326,2.3372103979823526,1.7977420066550842,1.0746566542358456,1.7536719178095863,1.693439047645129,2.7045576187945097,1.0968057002587703,1.022980208642169,1.6453958347487465,2.056596429729894,1.5856616447471914,1.7275013525640617,1.7875911941719482,2.206147583437657,1.7252136745659836,2.4405154666291717,1.4562747418625184
BN,1.920807209661624,2.002717360594916,1.8528056304816,2.021761873089984,1.773753761295468,1.876950769857369,2.7637536810325694e-07,1.6631050713579865,1.5338756858000469,1.9498143165046424,2.049260178402581,1.4002508110305512,2.1909517061195536,1.6562921838290063,2.7503736189454844,2.7548140032806745,1.5683087293294369,1.7692527499905495,1.765844408231358,1.510969891353265,1.8067814402797628,1.7889559634635557,1.7446886769921588,2.0457041245315453,1.778654912133378,1.532041895715866,1.7636747092847365,2.0223447600470688,1.7138514246132537,1.5039330373024609,1.8392892221606636,1.7004574039946454,1.6099348461636276,1.8902893042102389,3.0398087122510304,1.667332812836644,1.7051505298029817,1.2468273215992116,1.8370642546237077,1.6125445612721876,1.7213209866028385,1.886882558893108,2.009541112775021,1.727015217659761,2.281695201811049,1.871045312344992
BT,1.7670261261463711,1.717179235499304,1.588366409297002,1.7915625130151611,1.3574189734214388,1.703439967231937,1.6631050713579865,2.811545470969857e-07,1.147244923682705,1.696136408399113,1.9869213360750573,1.4038975935146851,2.077045214784477,1.1228534108425576,2.641529501121564,2.7126039575030485,1.247483857311661,1.514398550083624,1.6088938955481935,1.256682433593088,1.602924549884142,1.5425012430070493,1.5483289828116853,1.913040542633242,1.4953052002400595,1.2491228200607642,1.4563264956907382,1.960134407775797,1.4695030145480337,2.1389534631738,1.2509323651637494,1.4058092543399625,1.4653063335676229,1.5897533043939884,2.9893480000180945,1.40497089627739,1.46779337153775,1.306874125627917,1.7455594075501812,1.3087491262117938,1.4001062887968627,1.6542516337530957,1.915924297152956,1.4678835174114944,2.226871390976441,1.6114059495694166
CN,1.7067957480583429,1.6583014916311494,1.199851377625607,1.43801540469198,1.1898703433285074,1.599077227984004,1.5338756858000469,1.147244923682705,0.0,1.2997455557006814,1.953284494353384,0.9824907510370932,1.9943754772602007,0.8926764135370925,2.584447221170288,2.688466674836808,0.585816719288827,1.1902351300759824,1.3812148734341785,0.8639498961832028,1.4191543175462586,1.2109710571882293,1.3167100690945963,1.721368540406489,1.2432610759596294,0.8538539099542894,1.02371069367574,1.9466792352793445,1.4082129628514242,2.134921712796121,1.3909644693334096,1.1019655994726258,1.0900717069345494,1.3974653494440972,2.936641419809046,1.2484760972905873,1.1751490604543984,1.1182199423788306,1.6767905408941934,0.8497027079088273,0.7061857720627945,1.2435586535950596,1.883155685702002,1.0973840469499423,2.206674219337454,1.2996314801074786
GE,2.007010652499643,2.0000973989691837,1.4230421914702442,1.5731065390860282,1.7397463725344295,1.901397287619132,1.9498143165046424,1.696136408399113,1.2997455557006814,2.904771073105623e-07,2.2957013834614126,1.5932008634604704,2.189542174280696,1.533423427650615,2.7408184510497264,2.783905196021911,1.377351327333981,1.569937609788407,1.8676364153438223,1.4711828629053316,1.7789512973870862,1.5631032437642676,1.8154036666392677,1.9501398379629824,1.7315902574573545,1.5133254110777037,1.5766703382647622,2.2995021326882967,1.7959273732505143,2.4376707967457545,1.857700435822817,1.575717716291288,1.6573216683762653,1.852584459741376,3.048812881839884,1.6447190241766731,1.6306141786208228,1.6278394378864292,2.050684795541314,1.3758974750560973,1.4243161255878478,1.5926004098782187,2.2375571327827823,1.501835279338292,2.490779698332245,1.7505532318491943
HK,2.2604281110377573,2.2726017099220357,2.219245753992408,2.374710950680378,2.1948562424480818,2.262687580662913,2.049260178402581,1.9869213360750573,1.953284494353384,2.2957013834614126,5.446573162823041e-07,2.045542653340492,2.353244035027307,2.0907595925591105,2.874856294090704,2.8566544888344216,1.9355754299647656,2.1006937243482797,2.021595258974379,1.8111333424988096,2.1769675890091658,2.092642649059204,1.9839277018518495,2.2757734081284307,2.1680673105237687,1.8815031620251443,2.07816230104001,0.9010439757848316,2.070922175391739,2.2382524448703665,2.099200122472155,2.144911836353909,2.018010513354554,2.265119312472527,3.1678427657540893,2.062727267123099,2.13887163712584,1.6093539198745128,1.8878481795885167,2.026187417761711,2.18252608657861,2.2594106757565338,1.552945772841177,2.0884644691440304,2.2652959359135183,2.244147732090759
ID,1.8560423305019007,1.8244616469640065,1.4904910809248069,1.688602815919113,1.4952871298858803,1.7638264476049863,1.4002508110305512,1.4038975935146851,0.9824907510370932,1.5932008634604704,2.045542653340492,0.0,2.0549045904305028,1.2752611877047928,2.6587470337558687,2.7307759797490143,1.071152394683048,1.433636952517079,1.5665528186009936,1.1674905169065326,1.6159183039578229,1.4671811584214192,1.4930460516310708,1.8651119457929397,1.500141505946473,1.1779596148286344,1.386145511559845,2.0533857624644747,1.560735647001074,2.029587481081132,1.614099040155573,1.4011102202888908,1.355031259724497,1.6463792437962164,2.9580082482481127,1.460353069130977,1.4314566548782237,1.1931138175335092,1.7489149239998312,1.212993916431122,1.2111024473027945,1.511847372060905,1.975146242308052,1.3737590426906623,2.272151624728945,1.5585736575632854
IL,2.121785889145224,2.1426173531360475,2.089525040883499,2.22261796705218,2.1999422495420946,2.066864792362004,2.1909517061195536,2.077045214784477,1.9943754772602007,2.189542174280696,2.353244035027307,2.0549045904305028,4.1935584781975413e-07,2.051621755899646,2.5783101530867647,2.402634233780838,1.9986330108807744,2.017806503119504,2.265452527961479,1.925315087556868,1.9497681381870389,2.028437440023004,2.170661593972636,1.9308912246038128,2.168784836187565,2.0206127678653063,2.144906473890276,2.377064540506847,2.0667222376360006,2.5077717014568486,2.1865500260900155,1.962184976424152,2.117776826574842,2.233622185017881,2.1500585897159685,1.8689850537762207,1.9159331992473767,1.9347000859998065,2.1936302102973984,1.908330442225108,2.0847693216002514,2.012361849941081,2.2812840879792637,1.9803638497945315,2.54809650251644,1.9547585437520352
IN,1.6491504090175493,1.669054409185906,1.431284314755883,1.645444517529216,1.230437085808595,1.5645372193374874,1.6562921838290063,1.1228534108425576,0.8926764135370925,1.533423427650615,2.0907595925591105,1.2752611877047928,2.051621755899646,0.0,2.6256237740168324,2.7353184267296315,1.0335816212559377,1.3951001613009302,1.6296681979047,1.1459347866783107,1.4443387655670945,1.428958293658828,1.5575280818784465,1.833982058509089,1.317965992080237,1.1905469326839169,1.3466041048688937,2.1106701676032817,1.372511186872849,2.206649980735817,1.3653843804100556,1.1559831258189257,1.3698710833853924,1.4294343396632276,2.9865900145350155,1.246823222071067,1.287114883455977,1.2705416480045293,1.8155956587941973,1.1355878151960708,1.1042309800646266,1.4671865165485811,2.035284120650164,1.3359378546667302,2.3287240729364207,1.4976655751751289
IQ,2.4456363191362143,2.5133851488714103,2.669744478713524,2.6344593459050523,2.715301071380151,2.421654513453244,2.7503736189454844,2.641529501121564,2.584447221170288,2.7408184510497264,2.874856294090704,2.6587470337558687,2.5783101530867647,2.6256237740168324,3.72230887317562e-07,2.4341278215760647,2.627058282109135,2.6073287882558303,2.7766063755997346,2.574928770526031,2.3026147269168376,2.6282227141913235,2.744783363110338,2.214523298468681,2.730296134752612,2.5939457538717465,2.678660566480582,2.8866493856446858,2.6379713512573013,3.006869331717863,2.703428297664007,2.425710151516393,2.7094243977703623,2.69482505677038,2.7629370130643944,2.3173493688457967,2.3174340199408348,2.569832918047792,2.7956300734983808,2.5040439872252844,2.643241021941773,2.4616975750926784,2.8276887329085443,2.567081609889593,3.045909910967104,2.2918869815216087
JO,2.264323448149291,2.578304707398666,2.7373457195539688,2.7698067902483943,2.790454036242329,2.233411728325424,2.7548140032806745,2.7126039575030485,2.688466674836808,2.783905196021911,2.8566544888344216,2.7307759797490143,2.402634233780838,2.7353184267296315,2.4341278215760647,3.526258339345227e-07,2.723506014157331,2.6582866251639783,2.842595071938302,2.6323139476235364,2.1665916370917304,2.679299742532633,2.7982080563003864,2.0891650899730743,2.7718625005085724,2.6627688621790617,2.735196396776965,2.861675549491033,2.632947772941191,2.958271072803439,2.7627662414561702,2.216953972103006,2.7705083704676063,2.7386806142564306,2.213939030148955,2.2106087125651976,2.199576541679015,2.5937872213831588,2.793119196623992,2.570628136197739,2.739882363940973,2.5441508385688034,2.819931286616818,2.614439000384964,3.049755680868156,2.2146526496658785
JP,1.7635287476976615,1.7455490524137285,1.2774267766943843,1.5216266546101398,1.3171324109193827,1.6576377597417655,1.5683087293294369,1.247483857311661,0.585816719288827,1.377351327333981,1.9355754299647656,1.071152394683048,1.9986330108807744,1.0335816212559377,2.6270582821091346,2.723506014157331,1.837138534477048e-07,1.24510237336407,1.4422219030990588,0.8354135403404593,1.4877681694635123,1.2739253781496631,1.3401610957619274,1.7632688385996804,1.3030917211188642,0.9626572182187664,1.1123279470190548,1.955354899684845,1.4637214756817225,2.134926014756832,1.4501564556787012,1.2135679198675575,1.1324225908475185,1.5025435296572196,2.971732710133704,1.3183735199540487,1.2770892271796637,1.108570033722686,1.6269450786477062,0.9782665652894118,0.9117807840382812,1.3129547399400334,1.8335301907755104,1.170333901065149,2.183105573362802,1.4180717122555178
KG,1.844831488977602,1.778751637155871,1.4121756167312651,1.575336991845335,1.60979985127584,1.7806514805878215,1.7692527499905495,1.514398550083624,1.1902351300759824,1.569937609788407,2.1006937243482797,1.433636952517079,2.017806503119504,1.3951001613009302,2.6073287882558303,2.6582866251639783,1.24510237336407,1.837138534477048e-07,1.7402684766085152,1.2556615675063028,1.6363490055458167,1.0201515339558738,1.6537418977165164,1.833717214894216,1.60283129628873,1.369823168803063,1.4646925286667938,2.1187071513782567,1.6524425053661018,2.2373619986497477,1.693445754589334,1.4638238861470827,1.5315233810182824,1.7080408905761346,2.924603225410491,1.4946298857617395,1.4932711172866266,1.416640741981784,1.8338245492762304,0.9449832796052836,1.314873669201353,1.4734978470734224,2.0109289144781406,1.0679280095299208,2.266236597564317,1.6111338482187203
KH,2.0057966530292077,2.0116189147429404,1.7925488281482378,1.9609543031803112,1.7486780272312197,1.981212691872397,1.765844408231358,1.6088938955481935,1.3812148734341785,1.8676364153438223,2.021595258974379,1.5665528186009936,2.265452527961479,1.6296681979047,2.7766063755997346,2.842595071938302,1.4422219030990588,1.7402684766085152,0.0,1.4545593714188976,1.8676703923069584,1.7614159165556262,1.418005421752865,2.0943425418343384,1.7528624636341874,1.3269812754049406,1.6080370386754972,1.9789601568278488,1.763226232206986,2.198070488809279,1.7915131322905813,1.7173703697258516,1.5760668251837424,1.884420737092512,3.1097839589810805,1.7323065372616666,1.7484358454238236,1.4263443295408544,1.6799839259062606,1.5739098910906155,1.6219908862864452,1.8430232077382056,1.988618083786703,1.6866576528428143,2.134858233389306,1.840444604291468
KR,1.7450031550255425,1.720373119937863,1.34664591144641,1.584602012675279,1.3982432963300286,1.6576580025605885,1.510969891353265,1.256682433593088,0.8639498961832028,1.4711828629053316,1.8111333424988096,1.1674905169065326,1.925315087556868,1.1459347866783107,2.574928770526031,2.6323139476235364,0.8354135403404593,1.2556615675063028,1.4545593714188976,1.6049041769309353e-07,1.4966820568417365,1.2704574975049168,1.3313537011973386,1.728202980135412,1.381405536864641,1.032623922358288,1.2074350253593733,1.831513169206738,1.4453515812016091,2.04256267728842,1.470220850012114,1.289030397579518,1.2110431893942963,1.5395000277860034,2.9087235782180563,1.3349001152954183,1.3373362186766335,1.038131128965558,1.514717703814539,1.0478077882170422,1.1354241933806837,1.3964867381768231,1.718491119386749,1.1994354523897692,2.0467098496744103,1.4820524145467944
KW,1.171559920611998,1.7399961450869752,1.6951462604393868,1.8252394590932224,1.62756793251462,1.026199187323526,1.8067814402797628,1.602924549884142,1.4191543175462586,1.7789512973870862,2.1769675890091658,1.6159183039578229,1.9497681381870389,1.4443387655670945,2.3026147269168376,2.1665916370917304,1.4877681694635123,1.6363490055458167,1.8676703923069584,1.4966820568417365,0.0,1.6506980977739518,1.8096229678311688,1.42477125223207,1.6639159067749794,1.52979315260165,1.6751032722001111,2.189779568567705,1.5922641385902965,2.284864955930859,1.713009673025618,1.0623077050738357,1.5801437237580278,1.6739207421236535,2.596294533195426,0.9823531296589232,0.9229630225204598,1.5369344736624528,1.973277502467072,1.4336338120179817,1.552435809931156,1.6293975723423828,2.1250918409089885,1.5744042730935357,2.3788053987583733,1.2677584622563278
KZ,1.86310868165976,1.8193798968932733,1.4288113306345966,1.5904918899220812,1.6381000423879877,1.7986141395133008,1.7889559634635557,1.5425012430070493,1.2109710571882293,1.5631032437642676,2.092642649059204,1.4671811584214192,2.028437440023004,1.428958293658828,2.6282227141913235,2.679299742532633,1.2739253781496631,1.0201515339558738,1.7614159165556262,1.2704574975049168,1.6506980977739518,2.1696418193818685e-07,1.6685348456372262,1.8475926106957885,1.6289590434564754,1.3999037149819789,1.480927475174207,2.11772300700206,1.6707144981828317,2.2455789046246672,1.723111402348296,1.481148495369015,1.552310671084756,1.7398653364297,2.9429091964012466,1.5128625534938078,1.506283743376341,1.4360806711639158,1.8445573228367984,1.07277530524595,1.354236397710588,1.506774395233638,2.032150202350748,1.1566832278516694,2.289353283370698,1.6303940604931786
LA,1.973943696754576,1.9772788456978097,1.7228880954683785,1.9091325510411623,1.697584375990706,1.928771643612038,1.7446886769921588,1.5483289828116853,1.3167100690945963,1.8154036666392677,1.9839277018518495,1.4930460516310708,2.170661593972636,1.5575280818784465,2.744783363110338,2.7982080563003864,1.3401610957619274,1.6537418977165164,1.418005421752865,1.3313537011973386,1.8096229678311688,1.6685348456372262,3.2098083538618706e-07,2.019152091042576,1.6904384057163868,1.2668335973994584,1.5784790172342515,1.9498569626100568,1.706293340820586,2.169437717667208,1.7490178189226675,1.6557607404665002,1.5405514317241848,1.8448348499839968,3.06920455255257,1.669948304716855,1.6903150389478727,1.3764387365009283,1.3058994953089988,1.4926461901575303,1.549372192111892,1.7636141993624073,1.9350456786897643,1.5958792763849563,2.066271928732654,1.7943377176023618
LB,1.6916255411081451,1.9561991785574449,1.8645899019760248,1.9846074098126705,1.9728772821506275,1.61996722553726,2.0457041245315453,1.913040542633242,1.721368540406489,1.9501398379629824,2.2757734081284307,1.8651119457929397,1.9308912246038128,1.833982058509089,2.214523298468681,2.0891650899730743,1.7632688385996804,1.833717214894216,2.0943425418343384,1.728202980135412,1.42477125223207,1.8475926106957885,2.019152091042576,0.0,1.958067136559665,1.7977113149170962,1.8940300440915028,2.30238585735189,1.8715489394374056,2.4430301412717483,2.0092761102494605,1.5562817019115986,1.918077533097044,1.9953554411667835,2.473753523130442,1.45025895654643,1.4353585374855102,1.7831057940521249,2.130651714921377,1.6733457130162248,1.8185172825635136,1.744230755104322,2.2035647959255567,1.772343023977078,2.492571284843901,1.5601550189501476
LK,1.826115990436815,1.8918349727542685,1.6363916375457952,1.832309218237856,1.5650421706783832,1.7641503244850367,1.778654912133378,1.4953052002400595,1.2432610759596294,1.7315902574573545,2.1680673105237687,1.500141505946473,2.168784836187565,1.317965992080237,2.730296134752612,2.7718625005085724,1.3030917211188642,1.60283129628873,1.7528624636341874,1.381405536864641,1.6639159067749794,1.6289590434564754,1.6904384057163868,1.958067136559665,0.0,1.3995318303618989,1.562838056431188,2.164423947747417,1.4624853333476768,2.262217507621394,1.6729179171680904,1.4563856924680434,1.567727567985047,1.7014944295761083,3.0500944038925693,1.496031507605286,1.5364074092273248,1.4308298142919862,1.876226191641921,1.3995815516173422,1.4345883309596432,1.6741042455082626,2.104526307803822,1.5498077573367632,2.381771493430257,1.700209100126723
MM,1.7365738896046707,1.7304133926936374,1.4207474308737773,1.6289712464275614,1.3673804812188397,1.6727960617795203,1.532041895715866,1.2491228200607642,0.8538539099542894,1.5133254110777037,1.8815031620251443,1.1779596148286344,2.0206127678653063,1.1905469326839169,2.5939457538717465,2.6627688621790617,0.9626572182187664,1.369823168803063,1.3269812754049406,1.032623922358288,1.52979315260165,1.3999037149819789,1.2668335973994584,1.7977113149170962,1.3995318303618989,3.053829302179694e-07,1.2394342836261212,1.8586160605601372,1.4366714601431694,2.059137856665356,1.4727103193013558,1.3120589252400974,1.2563174999802316,1.545897159750383,2.924593170106122,1.3728744182673738,1.3610029904513448,1.1066803948123305,1.5146380051286168,1.131218843742105,1.1469650074041595,1.476394659160415,1.8237214765704293,1.2978167621397216,2.1138454489051908,1.4837968538006685
MN,1.8942146835025664,1.8669988751521265,1.5018310722504018,1.6878705138621384,1.5413103755610968,1.82649089823486,1.7636747092847365,1.4563264956907382,1.02371069367574,1.5766703382647622,2.07816230104001,1.386145511559845,2.144906473890276,1.3466041048688937,2.678660566480582,2.735196396776965,1.1123279470190548,1.4646925286667938,1.6080370386754972,1.2074350253593733,1.6751032722001111,1.480927475174207,1.5784790172342515,1.8940300440915028,1.562838056431188,1.2394342836261212,8.940696716308595e-08,2.0756744128931244,1.6624057110438164,2.28122441686467,1.6326563928096327,1.4563850477103453,1.4212157137680583,1.6843286547330332,3.0087908479115724,1.5324844836747709,1.5030187730186924,1.394577009190097,1.8638298206285289,1.2556236314706175,1.2596165900803034,1.5567602810663248,2.0276151944623493,1.412465951039564,2.3204282957871705,1.5925290247712145
MO,2.2615841234253797,2.2805570798116057,2.228341254744397,2.391008264431508,2.192331629529164,2.2672417976368315,2.0223447600470688,1.960134407775797,1.9466792352793445,2.2995021326882967,0.9010439757848316,2.0533857624644747,2.377064540506847,2.1106701676032817,2.8866493856446858,2.861675549491033,1.955354899684845,2.1187071513782567,1.9789601568278488,1.831513169206738,2.189779568567705,2.11772300700206,1.9498569626100568,2.30238585735189,2.164423947747417,1.8586160605601372,2.0756744128931244,0.0,2.057312977947287,2.180075918332154,2.0773431900689867,2.157513262124019,1.9643742527376664,2.2650329556258177,3.1783049764499367,2.0603208144919,2.136660783796341,1.5837415714757024,1.8565763283722436,2.037721820930245,2.189414445188224,2.285944903743393,1.487477854943513,2.1040427118193885,2.240622564596058,2.247660961981035
MV,1.7089180940976625,1.8129090396322092,1.7039429381344178,1.879025687606802,1.500454641138493,1.6501373782497326,1.7138514246132537,1.4695030145480337,1.4082129628514242,1.7959273732505143,2.070922175391739,1.560735647001074,2.0667222376360006,1.372511186872849,2.6379713512573013,2.632947772941191,1.4637214756817225,1.6524425053661018,1.763226232206986,1.4453515812016091,1.5922641385902965,1.6707144981828317,1.706293340820586,1.8715489394374056,1.4624853333476768,1.4366714601431694,1.6624057110438164,2.057312977947287,3.182017282256875e-07,2.15760084937605,1.643116975727895,1.4398626505953287,1.6273545277054904,1.6799219647537682,2.914358076379734,1.4293910648059924,1.48703745029817,1.3809409086741835,1.811928995805708,1.457661859609625,1.5938031792668437,1.7338293070485324,2.053627619399676,1.5952176791198631,2.274381575799955,1.6899472924451595
MY,2.332722697353576,2.3835741672304493,2.346415646450996,2.478372208842986,2.272766973334491,2.3372103979823526,1.5039330373024609,2.1389534631738,2.134921712796121,2.4376707967457545,2.2382524448703665,2.029587481081132,2.5077717014568486,2.206649980735817,3.006869331717863,2.958271072803439,2.134926014756832,2.2373619986497477,2.198070488809279,2.04256267728842,2.284864955930859,2.2455789046246672,2.169437717667208,2.4430301412717483,2.262217507621394,2.059137856665356,2.28122441686467,2.180075918332154,2.15760084937605,0.0,2.2697238071073214,2.228151267628109,2.181603191752877,2.3564192493715828,3.2458447343968952,2.15823830850557,2.2294034142982726,1.6445031422346776,2.126352475410594,2.1465735608621146,2.3038508084667795,2.347090971332896,2.18888705928084,2.2136180272058943,2.480779520462828,2.345437312064872
NP,1.8334975606439392,1.844386042093586,1.756781213933466,1.9358445146683545,1.557180080744898,1.7977420066550842,1.8392892221606636,1.2509323651637494,1.3909644693334096,1.857700435822817,2.099200122472155,1.614099040155573,2.1865500260900155,1.3653843804100556,2.703428297664007,2.7627662414561702,1.4501564556787012,1.693445754589334,1.7915131322905813,1.470220850012114,1.713009673025618,1.723111402348296,1.7490178189226675,2.0092761102494605,1.6729179171680904,1.4727103193013558,1.6326563928096327,2.0773431900689867,1.643116975727895,2.2697238071073214,0.0,1.5601838754917576,1.665988372523407,1.7366315702295323,3.0431263560377118,1.4758759860958246,1.6096190504884886,1.5084741622618203,1.920827857714163,1.505583216786589,1.6116175924314595,1.816864035619512,2.032815426386158,1.6486142320291763,2.353524461186796,1.751064786536647
OM,1.1218288356773476,1.6424344529485722,1.5043968148121607,1.6580159472912754,1.3267605883976912,1.0746566542358456,1.7004574039946454,1.4058092543399625,1.1019655994726258,1.575717716291288,2.144911836353909,1.4011102202888908,1.962184976424152,1.1559831258189257,2.425710151516393,2.216953972103006,1.2135679198675575,1.4638238861470827,1.7173703697258516,1.289030397579518,1.0623077050738357,1.481148495369015,1.6557607404665002,1.5562817019115986,1.4563856924680434,1.3120589252400974,1.4563850477103453,2.157513262124019,1.4398626505953287,2.228151267628109,1.5601838754917576,2.511188320272076e-07,1.4494867376459597,1.4334986465046635,2.7026444677426897,0.9386646549325618,0.8949387186189673,1.3882019955314069,1.888493972935522,1.1948276186360185,1.2566935460831676,1.4752094004852505,2.0797093989541997,1.3880722587515089,2.3423348070492365,1.2437767757375402
PH,1.7899329565122415,1.8972084070963664,1.5757841730889297,1.7736742548173074,1.5715153169141516,1.7536719178095863,1.6099348461636276,1.4653063335676229,1.0900717069345494,1.6573216683762653,2.018010513354554,1.355031259724497,2.117776826574842,1.3698710833853924,2.7094243977703623,2.7705083704676063,1.1324225908475185,1.5315233810182824,1.5760668251837424,1.2110431893942963,1.5801437237580278,1.552310671084756,1.5405514317241848,1.918077533097044,1.567727567985047,1.2563174999802316,1.4212157137680583,1.9643742527376664,1.6273545277054904,2.181603191752877,1.665988372523407,1.4494867376459597,0.0,1.708301522069448,3.030680675502419,1.4144203032633025,1.4571514953800866,1.2708109524985811,1.7783186849642327,1.324062100928924,1.2747335642209736,1.6086902208443217,1.9664840814411888,1.4777901095925536,2.287589377715128,1.6476920792889784
PK,1.6955245707759503,1.6302071921409045,1.7689334625309363,1.90234798046454,1.5813900312535325,1.693439047645129,1.8902893042102389,1.5897533043939884,1.3974653494440972,1.852584459741376,2.265119312472527,1.6463792437962164,2.233622185017881,1.4294343396632276,2.69482505677038,2.7386806142564306,1.5025435296572196,1.7080408905761346,1.884420737092512,1.5395000277860034,1.6739207421236535,1.7398653364297,1.8448348499839968,1.9953554411667835,1.7014944295761083,1.545897159750383,1.6843286547330332,2.2650329556258177,1.6799219647537682,2.3564192493715828,1.7366315702295323,1.4334986465046635,1.708301522069448,2.3276357876976293e-07,3.030981708275593,1.5157608037636765,1.4496959822401847,1.6146508778482234,2.04281807630075,1.495930465304186,1.581041191572221,1.7690253139919034,2.2029198742291327,1.6559207243730338,2.471645922612,1.7366013134967275
PS,2.732267584553121,2.8724995820708408,2.985175899552149,3.0136573292139874,3.054953384564174,2.7045576187945097,3.0398087122510304,2.9893480000180945,2.936641419809046,3.048812881839884,3.1678427657540893,2.9580082482481127,2.1500585897159685,2.986590014535016,2.7629370130643944,2.213939030148955,2.971732710133704,2.924603225410491,3.1097839589810805,2.9087235782180563,2.596294533195426,2.9429091964012466,3.06920455255257,2.473753523130442,3.0500944038925693,2.924593170106122,3.0087908479115724,3.1783049764499367,2.914358076379734,3.2458447343968952,3.0431263560377118,2.7026444677426897,3.030680675502419,3.030981708275593,6.307962682401158e-07,2.604400941167774,2.605657232433971,2.8954720401281344,3.0897629595791134,2.832092877491144,2.9738154763049907,2.7980056771358064,3.131251350065525,2.888963652867672,3.3338225280941733,2.569961578905125
QA,1.18598767092238,1.6032086526218328,1.5570587204616095,1.7055116397246146,1.4349596371485651,1.0968057002587703,1.667332812836644,1.40497089627739,1.2484760972905873,1.6447190241766731,2.062727267123099,1.460353069130977,1.8689850537762207,1.246823222071067,2.3173493688457967,2.2106087125651976,1.3183735199540487,1.4946298857617395,1.7323065372616666,1.3349001152954183,0.9823531296589232,1.5128625534938078,1.669948304716855,1.45025895654643,1.496031507605286,1.3728744182673738,1.5324844836747709,2.0603208144919,1.4293910648059924,2.15823830850557,1.4758759860958246,0.9386646549325618,1.4144203032633025,1.5157608037636765,2.604400941167774,2.511188320272076e-07,0.916111973046382,1.362671949374375,1.8327528439563416,1.2759891867495328,1.4051893694953728,1.4790582709990558,2.006683761479039,1.42957222389337,2.2694046215433445,1.2566084896574692
SA,1.1447350508229428,1.6138555896826694,1.5442372770078316,1.6792368017992445,1.461628786460028,1.022980208642169,1.7051505298029817,1.46779337153775,1.1751490604543984,1.6306141786208228,2.13887163712584,1.4314566548782237,1.9159331992473767,1.287114883455977,2.3174340199408348,2.199576541679015,1.2770892271796637,1.4932711172866266,1.7484358454238236,1.3373362186766335,0.9229630225204598,1.506283743376341,1.6903150389478727,1.4353585374855102,1.5364074092273248,1.3610029904513448,1.5030187730186924,2.136660783796341,1.48703745029817,2.2294034142982726,1.6096190504884886,0.8949387186189673,1.4571514953800866,1.4496959822401847,2.605657232433971,0.916111973046382,3.526258339345227e-07,1.4259663867945258,1.912041852304088,1.2364011925440106,1.3249864559755884,1.473619291420464,2.082343141930151,1.4151641483009652,2.349833470664493,1.111741250383888
SG,1.6828169611219053,1.746278756465322,1.5205627471913727,1.7311465147885576,1.4587944587314066,1.6453958347487465,1.2468273215992116,1.306874125627917,1.1182199423788306,1.6278394378864292,1.6093539198745128,1.1931138175335092,1.9347000859998065,1.2705416480045293,2.569832918047792,2.5937872213831588,1.108570033722686,1.416640741981784,1.4263443295408544,1.038131128965558,1.5369344736624528,1.4360806711639158,1.3764387365009283,1.7831057940521249,1.4308298142919862,1.1066803948123305,1.394577009190097,1.5837415714757024,1.3809409086741835,1.6445031422346776,1.5084741622618203,1.3882019955314069,1.2708109524985811,1.6146508778482234,2.8954720401281344,1.362671949374375,1.4259663867945258,0.0,1.4327246084284333,1.240982984202848,1.3867384297838723,1.558302395587825,1.524374051370955,1.3766253256263257,1.9812602479960293,1.6015224648131932
TH,2.07091393035824,2.0977347859356312,1.9451845820465816,2.118810688871033,1.9369539824968505,2.056596429729894,1.8370642546237077,1.7455594075501812,1.6767905408941934,2.050684795541314,1.8878481795885167,1.7489149239998312,2.1936302102973984,1.8155956587941973,2.7956300734983808,2.793119196623992,1.6269450786477062,1.8338245492762304,1.6799839259062606,1.514717703814539,1.973277502467072,1.8445573228367984,1.3058994953089988,2.130651714921377,1.876226191641921,1.5146380051286168,1.8638298206285289,1.8565763283722436,1.811928995805708,2.126352475410594,1.920827857714163,1.888493972935522,1.7783186849642327,2.04281807630075,3.0897629595791134,1.8327528439563416,1.912041852304088,1.4327246084284333,2.7957056521316944e-07,1.7494511177026075,1.8782761262625955,1.971179322935928,1.822927222579087,1.796173295195172,2.072627039086849,2.0216088201333458
TJ,1.642999413835008,1.5393246498360629,1.217256114363905,1.3926714784737633,1.3948654300428602,1.5856616447471914,1.6125445612721876,1.3087491262117938,0.8497027079088273,1.3758974750560973,2.026187417761711,1.212993916431122,1.908330442225108,1.1355878151960708,2.5040439872252844,2.570628136197739,0.9782665652894118,0.9449832796052836,1.5739098910906155,1.0478077882170422,1.4336338120179817,1.07277530524595,1.4926461901575303,1.6733457130162248,1.3995815516173422,1.131218843742105,1.2556236314706175,2.037721820930245,1.457661859609625,2.1465735608621146,1.505583216786589,1.1948276186360185,1.324062100928924,1.495930465304186,2.832092877491144,1.2759891867495328,1.2364011925440106,1.240982984202848,1.7494511177026075,0.0,0.9956407169062976,1.272229333059795,1.95059112144862,0.7519016996136477,2.22451420862764,1.382511771463488
TM,1.848047423630781,1.7914866853844718,1.325498185358925,1.4808268070851,1.4142446177072314,1.7275013525640617,1.7213209866028385,1.4001062887968627,0.7061857720627945,1.4243161255878478,2.18252608657861,1.2111024473027945,2.0847693216002514,1.1042309800646266,2.643241021941773,2.739882363940973,0.9117807840382812,1.314873669201353,1.6219908862864452,1.1354241933806837,1.552435809931156,1.354236397710588,1.549372192111892,1.8185172825635136,1.4345883309596432,1.1469650074041595,1.2596165900803034,2.189414445188224,1.5938031792668437,2.3038508084667795,1.6116175924314595,1.2566935460831676,1.2747335642209736,1.581041191572221,2.9738154763049907,1.4051893694953728,1.3249864559755884,1.3867384297838723,1.8782761262625955,0.9956407169062976,2.1073424255447017e-08,1.2929626631646172,2.12472091587664,1.2223417144827593,2.404891962282518,1.4447095804490588
TR,1.8912127112748047,1.769236981452345,1.553366174970569,1.4588511971945164,1.6835365290190298,1.7875911941719482,1.886882558893108,1.6542516337530957,1.2435586535950596,1.5926004098782187,2.2594106757565338,1.511847372060905,2.012361849941081,1.4671865165485811,2.4616975750926784,2.5441508385688034,1.3129547399400334,1.4734978470734224,1.8430232077382056,1.3964867381768231,1.6293975723423828,1.506774395233638,1.7636141993624073,1.744230755104322,1.6741042455082626,1.476394659160415,1.5567602810663248,2.285944903743393,1.7338293070485324,2.347090971332896,1.816864035619512,1.4752094004852505,1.6086902208443217,1.7690253139919034,2.7980056771358064,1.4790582709990558,1.473619291420464,1.558302395587825,1.971179322935928,1.272229333059795,1.2929626631646172,0.0,2.1974768663073823,1.3759933982043675,2.429081827040873,1.557164319593204
TW,2.213675842192094,2.204202598865143,2.14055512018234,2.3117115526760834,2.135262782588767,2.206147583437657,2.009541112775021,1.915924297152956,1.883155685702002,2.2375571327827823,1.552945772841177,1.975146242308052,2.2812840879792637,2.035284120650164,2.8276887329085443,2.819931286616818,1.8335301907755104,2.0109289144781406,1.988618083786703,1.718491119386749,2.1250918409089885,2.032150202350748,1.9350456786897643,2.2035647959255567,2.104526307803822,1.8237214765704293,2.0276151944623493,1.487477854943513,2.053627619399676,2.18888705928084,2.032815426386158,2.0797093989541997,1.9664840814411888,2.2029198742291327,3.131251350065525,2.006683761479039,2.082343141930151,1.524374051370955,1.822927222579087,1.95059112144862,2.12472091587664,2.1974768663073823,0.0,2.011959966265932,2.148988804655981,2.1678004383917298
UZ,1.7849260336554391,1.6849164647263144,1.3569877413919014,1.4756678029353754,1.5536210531406298,1.7252136745659836,1.727015217659761,1.4678835174114944,1.0973840469499423,1.501835279338292,2.0884644691440304,1.3737590426906623,1.9803638497945315,1.3359378546667302,2.567081609889593,2.614439000384964,1.170333901065149,1.0679280095299208,1.6866576528428143,1.1994354523897692,1.5744042730935357,1.1566832278516694,1.5958792763849563,1.772343023977078,1.5498077573367632,1.2978167621397216,1.412465951039564,2.1040427118193885,1.5952176791198631,2.2136180272058943,1.6486142320291763,1.3880722587515089,1.4777901095925536,1.6559207243730338,2.888963652867672,1.42957222389337,1.4151641483009652,1.3766253256263257,1.796173295195172,0.7519016996136477,1.2223417144827593,1.3759933982043675,2.011959966265932,0.0,2.264786319353429,1.5366247971390132
VN,2.4248198287420366,2.4427893321386867,2.38456011559992,2.532147718479253,2.4037644214424576,2.4405154666291717,2.281695201811049,2.226871390976441,2.206674219337454,2.490779698332245,2.2652959359135183,2.272151624728945,2.54809650251644,2.3287240729364207,3.045909910967104,3.049755680868156,2.183105573362802,2.266236597564317,2.134858233389306,2.0467098496744103,2.3788053987583733,2.289353283370698,2.066271928732654,2.492571284843901,2.381771493430257,2.1138454489051908,2.3204282957871705,2.240622564596058,2.274381575799955,2.480779520462828,2.353524461186796,2.3423348070492365,2.287589377715128,2.471645922612,3.3338225280941733,2.2694046215433445,2.349833470664493,1.9812602479960293,2.072627039086849,2.22451420862764,2.404891962282518,2.429081827040873,2.148988804655981,2.264786319353429,4.339283638763737e-07,2.444364916891821
YE,1.572608341569915,1.7575352901755883,1.6485888394445003,1.7791175374193882,1.664949045668199,1.4562747418625184,1.871045312344992,1.6114059495694166,1.2996314801074786,1.7505532318491943,2.244147732090759,1.5585736575632854,1.9547585437520352,1.4976655751751289,2.2918869815216087,2.2146526496658785,1.4180717122555178,1.6111338482187203,1.840444604291468,1.4820524145467944,1.2677584622563278,1.6303940604931786,1.7943377176023618,1.5601550189501476,1.700209100126723,1.4837968538006685,1.5925290247712145,2.247660961981035,1.6899472924451595,2.345437312064872,1.751064786536647,1.2437767757375402,1.6476920792889784,1.7366013134967275,2.569961578905125,1.2566084896574692,1.111741250383888,1.6015224648131932,2.0216088201333458,1.382511771463488,1.4447095804490588,1.557164319593204,2.1678004383917298,1.5366247971390132,2.444364916891821,2.289159818848553e-07
