ISO_CODE,AD,AL,AT,BA,BE,BG,BY,CH,CY,CZ,DE,DK,EE,ES,FI,FO,FR,GB,GI,GR,HR,HU,IE,IM,IS,IT,LI,LT,LU,LV,MC,MD,ME,MK,MT,NL,NO,PL,PT,RO,RS,RU,SE,SI,SK,SM,UA
AD,0.0,1.1139148586070862,0.8800451965562831,1.0932250608564618,0.8447915470430185,1.0032539254925736,0.9790827588258552,0.8777692543642778,0.881435001038499,0.942572744541768,0.9198960798859864,0.9091914098512291,0.9940470502448868,0.7485624297553889,0.8973325376859109,0.9953389552795354,0.8688268705252422,0.8726785896402268,1.197144043591577,0.93486038602523,1.1986012164617192,1.0174381539258497,1.018903553590224,0.9746001200945628,1.1260830604027885,1.0562230187459136,1.3003089782040878,1.3214539662509135,0.7777026192529956,1.0144084811874554,1.207593405657086,0.9304143608387364,0.9569812141224002,1.0119371241950628,0.9842351923823026,0.9924694846330154,0.9930568642111584,0.8771352287809874,0.9749430493196422,0.9588317962395086,0.9907239079268664,1.0325229257396165,0.8685748913205894,0.9476706684554668,0.9493367744695188,2.325713279230944,0.990165198928178
AL,1.1139148586070862,2.5981062314156735e-07,0.9721218618756476,1.0968314182238854,0.9695321069805196,1.045960608825647,1.0125946492068765,0.961480050975884,0.979966133704494,0.9951906275499246,0.9668143658695968,1.0281518369825189,1.071304154493811,1.0099573767719932,0.9735677594669944,1.123426812957221,0.9528862198146828,0.9519092166521244,1.455146469793452,0.951593785324329,1.2244112057081469,1.0809351980563062,1.1301831198811565,1.1799799912735138,1.1967024879433048,1.0921729726804137,1.427554657347018,1.4032769785329522,1.0270704183937087,1.0676454041853447,1.4107205959572418,0.9788083932106504,0.9483042660425566,0.8826105362175054,1.166151014456232,1.0490288659822269,1.0758550479544535,0.95639029375873,1.226095122269479,1.041504124099628,0.989160352562981,1.0447575011577317,0.941294365719998,0.9822899857862653,1.017529753421765,2.4520362947378014,1.0001044121228315
AT,0.8800451965562831,0.9721218618756476,1.299053115707837e-07,0.8823707473845375,0.5291661145445281,0.8113673159537439,0.7377024060367464,0.4862293049150534,0.7588703093701621,0.5551911775160128,0.4822600398463207,0.6036888332194249,0.7762624081198585,0.6676889203387533,0.551157854648072,0.8287777275154092,0.5133631134245007,0.5111798604463158,1.286135503418807,0.7374339415568872,0.970602890132058,0.7223231732044167,0.7566331027838156,0.973571931585034,0.9375333821448888,0.8553959870522598,1.2266118363395373,1.1352898751579803,0.6814086002099374,0.7160958438208983,1.2260689337108766,0.704181383374514,0.8012375924320989,0.8784908747714756,0.9665232512045016,0.6606149655801455,0.7156159165994488,0.6513937932844719,1.0328920613683528,0.7880540098531585,0.7749001231079035,0.7679005155812324,0.5077637881337187,0.6222426257110282,0.6161977004168804,2.428315076802624,0.7442459188003835
BA,1.0932250608564618,1.0968314182238854,0.8823707473845375,7.300048299977713e-08,0.9084005885635504,0.9638587540088688,0.9788582268651316,0.9159760880374836,0.9364999001855138,0.8730317013457842,0.922593768137064,0.9777775412454336,1.0045620655916103,0.9675540005201416,0.9243048075289276,1.1172342097092582,0.8996189497324131,0.9174485341533262,1.4667531405956795,0.9583929270537876,0.8871960243827552,0.9834283247456423,1.0800699920353547,1.1780583191012346,1.184800722576508,1.1156715518681886,1.4419610569152777,1.3026610404732306,1.012613412609345,0.9686515158843668,1.4292498896476509,0.9025659872186124,0.5903971410730304,0.8774294284755266,1.156069766877518,1.0049834419008157,1.0218446705783863,0.9343405643197336,1.2496879807242325,0.9892603366432832,0.6130568728881087,0.9947922184407438,0.8970971362769463,0.7714292181027531,0.8850366441224082,2.527914750779149,0.925043552798094
BE,0.8447915470430185,0.9695321069805196,0.5291661145445281,0.9084005885635504,0.0,0.803551493189997,0.6663304603281772,0.4941494085472424,0.7701925295469263,0.5516175446184881,0.529909599416229,0.5641551179004788,0.7338530120246146,0.6505522026131986,0.5096409038720773,0.8388004633698857,0.4272403307437251,0.5191355720329317,1.2970923988369931,0.7400236262357122,1.0158523726131004,0.7389859847295419,0.8072085344145796,0.949259617307818,0.937337261205208,0.8858306629549183,1.278139334202133,1.1428786856087545,0.640924035606739,0.7043199318305745,1.2093252495681923,0.6712017980488428,0.8090868007146993,0.8940382875140777,0.9825589869210424,0.4449974033003662,0.6580194726912774,0.6187142966481476,1.0414839854731457,0.7706572062057769,0.7793434251006863,0.6856927690615736,0.4688964683526106,0.6588500133587198,0.6218862999331305,2.4493033453782287,0.7155326497929381
BG,1.0032539254925736,1.045960608825647,0.8113673159537439,0.9638587540088688,0.803551493189997,0.0,0.8365589801995347,0.8414421805528504,0.8172302510289464,0.7594436112229476,0.8085631833695164,0.8658319885828866,0.8769330653055499,0.8500479135811503,0.7828008390826032,1.0165369602553032,0.7758216549270364,0.7911295057673104,1.3881198081114985,0.8179217254974469,1.1220947069486005,0.8919854391481357,0.9925625795720108,1.080201571837054,1.0793077883388609,1.0254888072797712,1.377200715618102,1.227187629517602,0.9160353411479342,0.8498613451610555,1.3678150710214416,0.7649702095914894,0.8753444286774484,0.9276225842163957,1.0741604697987817,0.8908356267019191,0.908468623737818,0.783533169290987,1.1508498632925843,0.8419377911678784,0.8556847034638434,0.862701602502615,0.7654519351204301,0.8160329280357124,0.7671416112909261,2.488639789066096,0.7740496502627668
BY,0.9790827588258552,1.0125946492068765,0.7377024060367464,0.9788582268651316,0.6663304603281772,0.8365589801995347,0.0,0.669137128839019,0.9070881298970002,0.6542330736532292,0.5449071373850033,0.7597424366563418,0.6649137451365706,0.8027919286629338,0.5094696418604526,0.9075790878968784,0.5520041054048619,0.6620989325505059,1.470823763128407,0.8104437221184045,1.1620816417305917,0.8781946381044919,1.049777371644214,1.1033470660855351,0.9802549923873292,1.093296556261134,1.3887705321107366,1.3028368741968976,0.8687301941279146,0.6680549514320977,1.3010911208167075,0.560783940089948,0.8694236847113114,0.9696556568309996,1.2135164611816318,0.6957028692027525,0.7193813524065565,0.6090784874251803,1.193848365364678,0.8134361493204955,0.7819675023500583,0.2454079223460948,0.5569137519168098,0.8322182589812899,0.7329374133472826,2.5946690762878397,0.5286051717589907
CH,0.8777692543642778,0.961480050975884,0.4862293049150534,0.9159760880374836,0.4941494085472424,0.8414421805528504,0.669137128839019,0.0,0.8140852171118437,0.5619684318157834,0.4762675760740548,0.5575336101913635,0.7507423430183557,0.6660932276863095,0.5024885600587498,0.8032977175733511,0.4406278883348062,0.4925519755734996,1.307551969566429,0.767799315453387,1.0234091865914274,0.7391660200139615,0.8064846969388539,0.975543352727134,0.946014270965616,0.8819870411636496,1.223104777245823,1.169854727360648,0.6775231761143394,0.7063676651217553,1.182912517355466,0.7062512107404132,0.8278832133051237,0.9020681503566084,1.040489782345751,0.6200025170245808,0.6526527693913355,0.654696002595549,1.04428008188203,0.8177125576853839,0.7865801880153273,0.6820425540937085,0.4585591184692862,0.6710134014074427,0.6416693533703636,2.462886502813706,0.7424801815646517
CY,0.881435001038499,0.979966133704494,0.7588703093701621,0.9364999001855138,0.7701925295469263,0.8172302510289464,0.9070881298970002,0.8140852171118437,0.0,0.7649522579150213,0.839846906670837,0.7982592438883533,0.8901167003316172,0.7959567977028594,0.7990497867985575,0.9748365656640724,0.7818336345364406,0.720014546504347,1.2177157322491414,0.5619168450007411,1.0396440548611603,0.8275377865508136,0.843906894694959,0.8893228104897536,1.0531228917543642,0.9205669679802242,1.3169411306439092,1.1203963015961322,0.8082166608978022,0.8609871137670773,1.2846243050750037,0.758749702587748,0.7961690449385045,0.8261416972538063,0.8122185528695891,0.9013271252661698,0.9292243658121602,0.7857582301363735,1.0184810984677397,0.8046164246083909,0.8492950558447102,0.963891193000052,0.7469710821422453,0.7425263456490289,0.7513703952947717,2.3472010247654267,0.811483663916402
CZ,0.942572744541768,0.9951906275499246,0.5551911775160128,0.8730317013457842,0.5516175446184881,0.7594436112229476,0.6542330736532292,0.5619684318157834,0.7649522579150213,0.0,0.5455045000799457,0.5939116831800907,0.7166615180864014,0.6668959580090079,0.5240519646800689,0.8792007125110455,0.4668123952649805,0.5307683788247095,1.339265374065678,0.7314873090963568,0.96852393959355,0.6847562303822068,0.8142705273529731,1.0032771679160482,0.984893924801502,0.8913877800881153,1.3099406635329756,1.0680743997491022,0.7895921205473451,0.6379364524295156,1.255616205198817,0.6296283521709495,0.8102564609964008,0.9189287095438414,1.0442327139482488,0.6526292629409887,0.653717160141283,0.6318584573970739,1.090593738767013,0.7541815888075064,0.7590852319394994,0.6490159522282622,0.4855333983725535,0.5897447582925066,0.4192808972951141,2.467538764802747,0.609080729467699
DE,0.9198960798859864,0.9668143658695968,0.4822600398463207,0.922593768137064,0.529909599416229,0.8085631833695164,0.5449071373850033,0.4762675760740548,0.839846906670837,0.5455045000799457,4.712160915387242e-08,0.6082092218735523,0.7192620946690657,0.6923520637985919,0.4621378155738524,0.805734762690578,0.4152897859566473,0.5177469569172003,1.351677955295652,0.7440919306132041,1.0662670989455214,0.7554355180659004,0.8854120365310776,1.0166530789492378,0.9516633432179428,0.9348482680749328,1.2751139144300994,1.2299238878252887,0.7317459907367906,0.6813295481431516,1.2378297789532926,0.6534353517812471,0.8366994009240545,0.9138084819759824,1.1063026015105792,0.5923309289417146,0.629109262851424,0.5612486045725955,1.0872494030675903,0.7607823356892187,0.7737891577530388,0.5434368144571734,0.4671107954900406,0.709370578065846,0.6572995544548094,2.499643431010874,0.6704753022765623
DK,0.9091914098512291,1.0281518369825189,0.6036888332194249,0.9777775412454336,0.5641551179004788,0.8658319885828866,0.7597424366563418,0.5575336101913635,0.7982592438883533,0.5939116831800907,0.6082092218735523,1.6323404237781945e-07,0.7767280322112691,0.7390692658111269,0.5463064566420681,0.7951546481634438,0.5589018207866343,0.4983009297084461,1.2509073735569127,0.7940159045532134,1.0574781160029545,0.7649025804069545,0.7742180920550091,0.8845045257260528,0.9650102058807228,0.9602030392150596,1.2976246752224092,1.1114373722487894,0.7000840505570864,0.7495022314004255,1.2399575159967051,0.7582879649115789,0.8678510608062535,0.972887535635499,0.980976211510344,0.6622847521823398,0.6128297087881506,0.721700907313141,1.1080736655521173,0.853549918220122,0.8599277019597591,0.7711229326690271,0.4396246029505518,0.7066477427716277,0.6606014597502502,2.4732959787902,0.7882886960954222
EE,0.9940470502448868,1.071304154493811,0.7762624081198585,1.0045620655916103,0.7338530120246146,0.8769330653055499,0.6649137451365706,0.7507423430183557,0.8901167003316172,0.7166615180864014,0.7192620946690657,0.7767280322112691,0.0,0.8617809233829217,0.6361842294872824,0.9496331196973968,0.6935228859522445,0.7189691694379052,1.4166126954592333,0.8631163375400492,1.1531198915058176,0.8793961409984679,0.9954483355899618,1.0577128574196857,1.022477086857646,1.0961876605768075,1.397944532281764,1.2058418649071596,0.8613690316162999,0.7062542335018888,1.3010448903194742,0.7003315086179305,0.9108726264047352,1.0023316465129777,1.1317102869893072,0.8054490664901531,0.8031180292926968,0.7511722735207608,1.1959505535847674,0.8795904911724104,0.8633767498941127,0.681628796841362,0.6543059455742648,0.8120431483811553,0.7550305270391126,2.553390178984807,0.7091045132531371
ES,0.7485624297553889,1.0099573767719932,0.6676889203387533,0.9675540005201416,0.6505522026131986,0.8500479135811503,0.8027919286629338,0.6660932276863095,0.7959567977028594,0.6668959580090079,0.6923520637985919,0.7390692658111269,0.8617809233829217,1.1151007970493857e-07,0.6839097419370843,0.9268608198447712,0.5986877411112455,0.6454614395012493,1.2390160371417085,0.7769679748628995,1.034281887920731,0.819035008240489,0.8316524738787935,1.024848945768592,1.0150473599459937,0.883807099313924,1.3395051624317056,1.1990421774982922,0.7787345946743078,0.8098607773896633,1.255878954470499,0.770890070417451,0.8744045486331212,0.9357899527842324,1.0077853851056715,0.7704742503814235,0.8191788059927352,0.6842303932175705,0.9038215167178222,0.8109031098019167,0.8456863394609196,0.840144245750046,0.6495607911269635,0.7304353211834428,0.7018621558049135,2.429004833465217,0.7984442694696562
FI,0.8973325376859109,0.9735677594669944,0.551157854648072,0.9243048075289276,0.5096409038720773,0.7828008390826032,0.5094696418604526,0.5024885600587498,0.7990497867985575,0.5240519646800689,0.4621378155738524,0.5463064566420681,0.6361842294872824,0.6839097419370843,0.0,0.8183341318874467,0.4274377199928183,0.4785525591040251,1.3438812629832504,0.7395663604837585,1.0401427990687135,0.7370116029815623,0.8480499326149321,0.9618893417671504,0.917238299435723,0.9583027474184403,1.3067006511635495,1.1466098778206912,0.7229073271246692,0.630963914271743,1.2412127833412645,0.6148172502413268,0.8185144742085559,0.9247855748362108,1.0414603225915728,0.5852902371305013,0.5851955527143787,0.5852006439697542,1.109817779093847,0.7453954653726691,0.7639398527274968,0.5329740084924977,0.361939089197077,0.6654901980658796,0.6021742888897748,2.5204037723866213,0.6529600994364805
FO,0.9953389552795354,1.123426812957221,0.8287777275154092,1.1172342097092582,0.8388004633698857,1.0165369602553032,0.9075790878968784,0.8032977175733511,0.9748365656640724,0.8792007125110455,0.805734762690578,0.7951546481634438,0.9496331196973968,0.9268608198447712,0.8183341318874467,1.548574096771071e-07,0.8165612802967903,0.7445547580693129,1.2234943653407997,0.9232501022021926,1.214322262150138,0.9942033082038896,0.946383757576256,1.0120236021772429,0.953896758806501,1.0987733905511936,1.2911635272636055,1.33325630319712,0.8713233414649181,0.935493171968386,1.2130430898002798,0.9356234417899264,1.0050294113356726,1.0600348713822436,1.1423377877321852,0.907542244683523,0.8673720825119274,0.8527543519492671,1.141050417534631,0.9943281582473188,0.986667335082015,0.9256745793074992,0.7711833166622161,0.946354214443789,0.930151636896714,2.408350779768416,0.94501993745449
FR,0.8688268705252421,0.9528862198146828,0.5133631134245005,0.899618949732413,0.4272403307437248,0.7758216549270363,0.5520041054048619,0.4406278883348062,0.7818336345364405,0.4668123952649803,0.4152897859566473,0.5589018207866343,0.6935228859522445,0.5986877411112453,0.4274377199928183,0.8165612802967903,0.0,0.4720807763117625,1.3287222596567274,0.6996414997923538,1.013461606022686,0.6915061124028957,0.8248254745303988,0.9863856246365952,0.9267144485635328,0.8571944557489488,1.290981305146424,1.1638118539340194,0.6993432543455258,0.6476052724651407,1.1931627484815914,0.6193213504536775,0.8091031331308327,0.8916057384216753,1.0431443394243072,0.5612148722428368,0.600016492143545,0.5343427989690033,1.0152207382959204,0.7100908760002242,0.7479037217151159,0.5530655960460751,0.4126526504966066,0.6365443149763381,0.5884810447667644,2.479300291096201,0.6432255207862261
GB,0.8726785896402268,0.9519092166521244,0.5111798604463158,0.9174485341533262,0.5191355720329317,0.7911295057673104,0.6620989325505059,0.4925519755734996,0.720014546504347,0.5307683788247095,0.5177469569172003,0.4983009297084461,0.7189691694379052,0.6454614395012493,0.4785525591040251,0.7445547580693129,0.4720807763117625,0.0,1.1839769833968925,0.6979536716958249,0.9962926508948496,0.7154129532518827,0.6369656080459305,0.7973058226349605,0.8979223383764585,0.882072280866075,1.253908761290941,1.1283146593958582,0.6703910510004611,0.6917605755955392,1.1901530834376843,0.6883647534193208,0.805372951939132,0.892482181811555,0.9198131417148622,0.6153805712528347,0.6282830194514394,0.5981634183487357,1.0168724599307284,0.772057256056065,0.7740625040932974,0.6941482931404668,0.3898674978177316,0.6376983811877036,0.5897578589063559,2.4442907642880853,0.6985680941787816
GI,1.197144043591577,1.455146469793452,1.286135503418807,1.4667531405956795,1.2970923988369931,1.3881198081114985,1.470823763128407,1.307551969566429,1.2177157322491414,1.339265374065678,1.351677955295652,1.2509073735569127,1.4166126954592333,1.2390160371417085,1.3438812629832504,1.2234943653407997,1.3287222596567274,1.1839769833968925,0.0,1.3145688867250946,1.4836945563466533,1.364037265210602,1.2046699884892564,1.1237993723801656,1.4093857638595702,1.349214476502023,1.4954933459202064,1.5643434251949933,1.2323046987260642,1.418764712286538,1.4219766234119704,1.4021120515188912,1.348508795076596,1.3789811474659894,1.1737081153440805,1.3898451517839647,1.368808531960459,1.3230608385937623,1.3382804512019622,1.3697080914757218,1.4077301044564945,1.5045545858633385,1.2737269611750277,1.3241199153087575,1.3337249930947066,2.311988947383866,1.4013827514601127
GR,0.93486038602523,0.951593785324329,0.7374339415568872,0.9583929270537876,0.7400236262357122,0.8179217254974469,0.8104437221184045,0.767799315453387,0.5619168450007411,0.7314873090963568,0.7440919306132041,0.7940159045532134,0.8631163375400492,0.7769679748628995,0.7395663604837585,0.9232501022021926,0.6996414997923539,0.6979536716958249,1.3145688867250946,0.0,1.0766258657878824,0.8308630092502931,0.8996879777595308,1.0205292232879108,1.012798263108588,0.9403090360401172,1.3652174250596814,1.23342919960609,0.8465222257818198,0.8459780614487707,1.2945628595411685,0.7618750775835497,0.8345001712559255,0.8722045319220226,1.0129550666382856,0.8368328278086985,0.8803186339100534,0.7007550937993826,1.0470782946377728,0.7957675349484699,0.8289925993190566,0.8558800595904776,0.7088299635633566,0.7709681322467022,0.7609766198024392,2.4184375140285934,0.7923994638949604
HR,1.1986012164617192,1.2244112057081469,0.970602890132058,0.8871960243827552,1.0158523726131004,1.1220947069486005,1.1620816417305917,1.0234091865914274,1.0396440548611603,0.96852393959355,1.0662670989455214,1.0574781160029545,1.1531198915058176,1.034281887920731,1.0401427990687135,1.214322262150138,1.0134616060226862,0.9962926508948496,1.4836945563466533,1.0766258657878824,1.460009659995543e-07,1.0536259577606388,1.0626058067830275,1.2518820556918464,1.2782038953220956,1.1247360583890147,1.5141579532451326,1.3058895455152602,1.110290365301286,1.093024919265716,1.4851299079389757,1.0512313040899852,0.9271537050923028,1.0918123586469417,1.1949698469165335,1.1099051598594876,1.1379810557286918,1.0775745714124318,1.2883436138643556,1.1121253631110024,0.985393764175045,1.19486745076195,1.0061368090853609,0.8082543260282458,0.9584547912030668,2.5103238484592856,1.0908083056697406
HU,1.0174381539258497,1.0809351980563062,0.7223231732044167,0.9834283247456423,0.7389859847295419,0.8919854391481357,0.8781946381044919,0.7391660200139615,0.8275377865508136,0.6847562303822068,0.7554355180659004,0.7649025804069545,0.8793961409984679,0.819035008240489,0.7370116029815623,0.9942033082038896,0.691506112402896,0.7154129532518827,1.364037265210602,0.8308630092502931,1.0536259577606388,0.0,0.8954636348773249,1.0477551505537692,1.0835382475034403,0.9842830826270926,1.3792496619473211,1.1682198999986328,0.880700981018484,0.8203765523980993,1.3311472395398387,0.8123169366713313,0.9045817567967386,0.9880241104602928,1.0751339993391178,0.8350639351488475,0.8559389595799999,0.806933457056092,1.1372236018830977,0.8147765493088395,0.8907126980769421,0.8853868314014821,0.7179244096009312,0.7417311560742963,0.6925305488408041,2.473635308656965,0.8372667009188712
IE,1.018903553590224,1.1301831198811565,0.7566331027838156,1.0800699920353547,0.8072085344145796,0.9925625795720108,1.049777371644214,0.8064846969388539,0.843906894694959,0.8142705273529731,0.8854120365310776,0.7742180920550091,0.9954483355899618,0.8316524738787935,0.8480499326149321,0.946383757576256,0.8248254745303989,0.6369656080459305,1.2046699884892564,0.8996879777595308,1.0626058067830275,0.8954636348773249,4.214684851089404e-08,0.9190592222881956,1.059849903146982,0.9741253290743483,1.3647700165563927,1.170248439955553,0.856825111498136,0.9453337012563946,1.3294787333271425,0.9672974782745716,0.983920621919771,1.043064984470025,0.9119210248942912,0.9303595936166632,0.9499415550895692,0.9011111187321168,1.0720859463644434,0.9806321315827048,1.0042443239061534,1.1007576540078612,0.763157524234239,0.8009390137957154,0.8158541609028815,2.400234715618348,0.9996660737436414
IM,0.9746001200945628,1.1799799912735138,0.973571931585034,1.1780583191012346,0.949259617307818,1.080201571837054,1.1033470660855351,0.975543352727134,0.8893228104897536,1.0032771679160482,1.0166530789492378,0.8845045257260528,1.0577128574196857,1.024848945768592,0.9618893417671504,1.0120236021772429,0.9863856246365954,0.7973058226349605,1.1237993723801656,1.0205292232879108,1.2518820556918464,1.0477551505537692,0.9190592222881956,0.0,1.1679515193147676,1.1208864359614554,1.3265251723317646,1.273498932687459,0.8753474004740601,1.097407742319518,1.3031609282617025,1.0479473810726183,1.052277167225261,1.1077908635508136,0.8264224482062851,1.048042009532297,1.0195134567133382,0.9914307366456512,1.1861061146916592,1.0690754469971184,1.0953452649437836,1.1461690475307698,0.889097473561122,0.999693708844596,1.000712520898149,2.388553070241493,1.0640836949419783
IS,1.1260830604027885,1.1967024879433048,0.9375333821448888,1.184800722576508,0.937337261205208,1.0793077883388609,0.9802549923873292,0.946014270965616,1.0531228917543642,0.984893924801502,0.9516633432179428,0.9650102058807228,1.022477086857646,1.0150473599459937,0.917238299435723,0.953896758806501,0.9267144485635328,0.8979223383764585,1.4093857638595702,1.012798263108588,1.2782038953220956,1.0835382475034403,1.059849903146982,1.1679515193147676,0.0,1.2027234130385307,1.4736879222105683,1.4071232457469134,1.0024616473540768,1.035560753130214,1.369232003428965,1.0090063837466203,1.0871513002220212,1.1393308847340102,1.20026383883445,1.0162752471543344,1.0238489462755624,0.9516018029396608,1.245202784800694,1.0752321521104968,1.0560437242016112,1.0270621661789667,0.8824927207247985,1.0158222398176713,1.0139807063965989,2.5503214153126788,1.017096480229601
IT,1.0562230187459136,1.0921729726804137,0.8553959870522598,1.1156715518681886,0.8858306629549183,1.0254888072797712,1.093296556261134,0.8819870411636496,0.9205669679802242,0.8913877800881153,0.9348482680749328,0.9602030392150596,1.0961876605768075,0.883807099313924,0.9583027474184403,1.0987733905511936,0.8571944557489489,0.882072280866075,1.349214476502023,0.9403090360401172,1.1247360583890147,0.9842830826270926,0.9741253290743483,1.1208864359614554,1.2027234130385307,1.788139343261719e-07,1.3811587932635343,1.2597182053924976,0.9482481302580524,1.0313662136655672,1.2935370295119402,0.9817057514647776,1.01063633003387,1.058684988670324,0.961843609332696,0.9981315479763327,1.0350660599244084,0.8988124866003537,1.074283141438468,0.975095239663251,1.0433515545962166,1.116105549996239,0.9129321604992096,0.8834812334252214,0.9229851680436172,2.193535026381482,1.0044431253667074
LI,1.3003089782040878,1.427554657347018,1.2266118363395373,1.4419610569152777,1.278139334202133,1.377200715618102,1.3887705321107366,1.223104777245823,1.3169411306439092,1.3099406635329756,1.2751139144300994,1.2976246752224092,1.397944532281764,1.3395051624317056,1.3067006511635495,1.2911635272636055,1.290981305146424,1.253908761290941,1.4954933459202064,1.3652174250596814,1.5141579532451326,1.3792496619473211,1.3647700165563927,1.3265251723317646,1.4736879222105683,1.3811587932635343,0.0,1.6050517982805848,1.273779782276882,1.3968311282296628,1.4503691934560583,1.3483561809754228,1.356634307277479,1.3848802761973449,1.389449108676464,1.353006356261429,1.337652731923224,1.3264641639421924,1.4943659027634384,1.378197745981549,1.3898302762447374,1.4000511820761672,1.27506499139102,1.3251579597300451,1.3303008394817328,2.3698132848517024,1.3731555145292056
LT,1.3214539662509135,1.4032769785329522,1.1352898751579803,1.3026610404732306,1.1428786856087545,1.227187629517602,1.3028368741968976,1.169854727360648,1.1203963015961322,1.0680743997491022,1.2299238878252887,1.1114373722487894,1.2058418649071596,1.1990421774982922,1.1466098778206912,1.33325630319712,1.1638118539340194,1.1283146593958582,1.5643434251949933,1.23342919960609,1.3058895455152602,1.1682198999986328,1.170248439955553,1.273498932687459,1.4071232457469134,1.2597182053924976,1.6050517982805848,0.0,1.1914515931868292,1.067574404528402,1.5688595799772318,1.1651966395960227,1.2382731631498292,1.32508740805105,1.2074594381527322,1.2297735791751314,1.2169126906925818,1.2504106951596197,1.4146357051359644,1.247281748848982,1.261560708172589,1.3295654089126263,1.105737600244832,1.074840472949864,1.045375255982257,2.546222119175958,1.181387195921606
LU,0.7777026192529956,1.0270704183937087,0.6814086002099374,1.012613412609345,0.640924035606739,0.9160353411479342,0.8687301941279146,0.6775231761143394,0.8082166608978022,0.7895921205473451,0.7317459907367906,0.7000840505570864,0.8613690316162999,0.7787345946743078,0.7229073271246692,0.8713233414649181,0.699343254345526,0.6703910510004611,1.2323046987260642,0.8465222257818198,1.110290365301286,0.880700981018484,0.856825111498136,0.8753474004740601,1.0024616473540768,0.9482481302580524,1.273779782276882,1.1914515931868292,0.0,0.8685194752706545,1.200874854718455,0.8137720432447177,0.8666359408782965,0.9470264507313554,0.892374197942776,0.8047346652820088,0.8341451047452663,0.7649517766239325,0.9526826322071864,0.8840535448735201,0.9003790067157198,0.907946055047776,0.6754588467893213,0.8119708641994166,0.8072450727929105,2.3795089173743684,0.8694875514458253
LV,1.0144084811874554,1.0676454041853447,0.7160958438208983,0.9686515158843668,0.7043199318305745,0.8498613451610555,0.6680549514320977,0.7063676651217553,0.8609871137670773,0.6379364524295156,0.6813295481431516,0.7495022314004255,0.7062542335018888,0.8098607773896633,0.630963914271743,0.935493171968386,0.6476052724651407,0.6917605755955392,1.418764712286538,0.8459780614487707,1.093024919265716,0.8203765523980993,0.9453337012563946,1.097407742319518,1.035560753130214,1.0313662136655672,1.3968311282296628,1.067574404528402,0.8685194752706545,0.0,1.303445463734494,0.6628272677063461,0.8916741437637682,0.9912519396125756,1.1270774213191226,0.7788220134616987,0.7845543293391671,0.7496076959498403,1.1787674967800497,0.8587582421054795,0.8435608892883065,0.6738945286795449,0.6399022032737995,0.7539690055227632,0.6754239375009043,2.5337041511461997,0.6572453873065784
MC,1.207593405657086,1.4107205959572418,1.2260689337108766,1.4292498896476509,1.2093252495681923,1.3678150710214416,1.3010911208167075,1.182912517355466,1.2846243050750037,1.255616205198817,1.2378297789532926,1.2399575159967051,1.3010448903194742,1.255878954470499,1.2412127833412645,1.2130430898002798,1.1931627484815914,1.1901530834376843,1.4219766234119704,1.2945628595411685,1.4851299079389757,1.3311472395398387,1.3294787333271425,1.3031609282617025,1.369232003428965,1.2935370295119402,1.4503691934560583,1.5688595799772318,1.200874854718455,1.303445463734494,1.299053115707837e-07,1.27579307976811,1.3118764671932066,1.3647313032638198,1.3753152976336331,1.284034521932578,1.2980392515365482,1.2639588395786867,1.3927276856499409,1.3270507533586189,1.333802818477225,1.3175593253287228,1.2103759676504304,1.292179746251627,1.2846493503745582,2.332950843657444,1.3024373067705517
MD,0.9304143608387364,0.9788083932106504,0.704181383374514,0.9025659872186124,0.6712017980488428,0.7649702095914894,0.560783940089948,0.7062512107404132,0.758749702587748,0.6296283521709495,0.6534353517812471,0.7582879649115789,0.7003315086179305,0.770890070417451,0.6148172502413268,0.9356234417899264,0.6193213504536775,0.6883647534193208,1.4021120515188912,0.7618750775835497,1.0512313040899852,0.8123169366713313,0.9672974782745716,1.0479473810726183,1.0090063837466203,0.9817057514647776,1.3483561809754228,1.1651966395960227,0.8137720432447177,0.6628272677063461,1.27579307976811,0.0,0.7750403444629264,0.8864467917555338,1.0617906527491063,0.7596937367115784,0.7838812969269998,0.6543056174033852,1.1243080104795993,0.5410337474353396,0.7558915696578442,0.591395934937942,0.6227525423072205,0.7295771822675372,0.6673960720536616,2.485333489484584,0.5498564179877772
ME,0.9569812141224002,0.9483042660425566,0.8012375924320989,0.5903971410730304,0.8090868007146993,0.8753444286774484,0.8694236847113114,0.8278832133051237,0.7961690449385045,0.8102564609964008,0.8366994009240545,0.8678510608062535,0.9108726264047352,0.8744045486331212,0.8185144742085559,1.0050294113356726,0.8091031331308328,0.805372951939132,1.348508795076596,0.8345001712559255,0.9271537050923028,0.9045817567967386,0.983920621919771,1.052277167225261,1.0871513002220212,1.01063633003387,1.356634307277479,1.2382731631498292,0.8666359408782965,0.8916741437637682,1.3118764671932066,0.7750403444629264,0.0,0.7442520381307541,1.0186472394763832,0.922345359748779,0.9233845937216332,0.8396129834015372,1.1391737093289258,0.8903239640060497,0.5107574801764971,0.907226950241476,0.7731872460627499,0.7161081206630399,0.8224161863684432,2.4471129018665345,0.8325301674644341
MK,1.0119371241950628,0.8826105362175054,0.8784908747714756,0.8774294284755266,0.8940382875140777,0.9276225842163957,0.9696556568309996,0.9020681503566084,0.8261416972538063,0.9189287095438414,0.9138084819759824,0.972887535635499,1.0023316465129777,0.9357899527842324,0.9247855748362108,1.0600348713822436,0.8916057384216756,0.892482181811555,1.3789811474659894,0.8722045319220226,1.0918123586469417,0.9880241104602928,1.043064984470025,1.1077908635508136,1.1393308847340102,1.058684988670324,1.3848802761973449,1.32508740805105,0.9470264507313554,0.9912519396125756,1.3647313032638198,0.8864467917555338,0.7442520381307541,0.0,1.0724574752774052,1.004473871097321,1.0281218538068997,0.8969926208400077,1.143484308766278,0.9524873602061902,0.792069548562393,1.0066490331692413,0.8898947670855768,0.8553809753012152,0.932993272986182,2.439641674842241,0.932440521964315
MT,0.9842351923823026,1.166151014456232,0.9665232512045016,1.156069766877518,0.9825589869210424,1.0741604697987817,1.2135164611816318,1.040489782345751,0.8122185528695891,1.0442327139482488,1.1063026015105792,0.980976211510344,1.1317102869893072,1.0077853851056715,1.0414603225915728,1.1423377877321852,1.0431443394243074,0.9198131417148622,1.1737081153440805,1.0129550666382856,1.1949698469165335,1.0751339993391178,0.9119210248942912,0.8264224482062851,1.20026383883445,0.961843609332696,1.389449108676464,1.2074594381527322,0.892374197942776,1.1270774213191226,1.3753152976336331,1.0617906527491063,1.0186472394763832,1.0724574752774052,0.0,1.1233063026563512,1.136764884751087,1.0255627791984567,1.094864520829961,1.0600721512254547,1.100544348076838,1.2756829657127715,0.971833078984618,0.973504973139142,1.0049675480451876,2.323260117273425,1.1011728375809504
NL,0.9924694846330154,1.0490288659822269,0.6606149655801455,1.0049834419008157,0.4449974033003662,0.8908356267019191,0.6957028692027525,0.6200025170245808,0.9013271252661698,0.6526292629409887,0.5923309289417146,0.6622847521823398,0.8054490664901531,0.7704742503814235,0.5852902371305013,0.907542244683523,0.5612148722428368,0.6153805712528347,1.3898451517839647,0.8368328278086985,1.1099051598594876,0.8350639351488475,0.9303595936166632,1.048042009532297,1.0162752471543344,0.9981315479763327,1.353006356261429,1.2297735791751314,0.8047346652820088,0.7788220134616987,1.284034521932578,0.7596937367115784,0.922345359748779,1.004473871097321,1.1233063026563512,1.299053115707837e-07,0.6922315334579175,0.693981522219376,1.1467966786509305,0.8617705131976435,0.8657815464658877,0.6959523626734198,0.5588701802704528,0.7762558475505633,0.7287816084010518,2.522362731376369,0.7672878000857101
NO,0.9930568642111584,1.0758550479544535,0.7156159165994488,1.0218446705783863,0.6580194726912774,0.908468623737818,0.7193813524065565,0.6526527693913355,0.9292243658121602,0.653717160141283,0.629109262851424,0.6128297087881506,0.8031180292926968,0.8191788059927352,0.5851955527143787,0.8673720825119274,0.600016492143545,0.6282830194514394,1.368808531960459,0.8803186339100534,1.1379810557286918,0.8559389595799999,0.9499415550895692,1.0195134567133382,1.0238489462755624,1.0350660599244084,1.337652731923224,1.2169126906925818,0.8341451047452663,0.7845543293391671,1.2980392515365482,0.7838812969269998,0.9233845937216332,1.0281218538068997,1.136764884751087,0.6922315334579175,0.0,0.7097868838003185,1.1599849997773777,0.8947356192551479,0.896770506167078,0.672614449766243,0.5424317214224571,0.7988179527428413,0.7378176208152201,2.5327699950866385,0.7407403187181366
PL,0.8771352287809874,0.95639029375873,0.6513937932844719,0.9343405643197336,0.6187142966481476,0.783533169290987,0.6090784874251803,0.654696002595549,0.7857582301363735,0.6318584573970739,0.5612486045725955,0.721700907313141,0.7511722735207608,0.6842303932175705,0.5852006439697542,0.8527543519492671,0.5343427989690033,0.5981634183487357,1.3230608385937623,0.7007550937993826,1.0775745714124318,0.806933457056092,0.9011111187321168,0.9914307366456512,0.9516018029396608,0.8988124866003537,1.3264641639421924,1.2504106951596197,0.7649517766239325,0.7496076959498403,1.2639588395786867,0.6543056174033852,0.8396129834015372,0.8969926208400077,1.0255627791984567,0.693981522219376,0.7097868838003185,4.214684851089404e-08,0.995647561603802,0.7226086330033624,0.7824210800021997,0.6199348176836174,0.5969188034153048,0.7442898031916424,0.7051225523818706,2.463655188986564,0.6178067641290005
PT,0.9749430493196422,1.226095122269479,1.0328920613683528,1.2496879807242325,1.0414839854731457,1.1508498632925843,1.193848365364678,1.04428008188203,1.0184810984677397,1.090593738767013,1.0872494030675903,1.1080736655521173,1.1959505535847674,0.9038215167178222,1.109817779093847,1.141050417534631,1.0152207382959204,1.0168724599307284,1.3382804512019622,1.0470782946377728,1.2883436138643556,1.1372236018830977,1.0720859463644434,1.1861061146916592,1.245202784800694,1.074283141438468,1.4943659027634384,1.4146357051359644,0.9526826322071864,1.1787674967800497,1.3927276856499409,1.1243080104795993,1.1391737093289258,1.143484308766278,1.094864520829961,1.1467966786509305,1.1599849997773777,0.995647561603802,0.0,1.1035831697371683,1.159820897997621,1.22059046417554,1.0669439691004778,1.080753641153379,1.105086829687787,2.400622382835435,1.1069377024099354
RO,0.9588317962395086,1.041504124099628,0.7880540098531585,0.9892603366432832,0.7706572062057769,0.8419377911678784,0.8134361493204955,0.8177125576853839,0.8046164246083909,0.7541815888075064,0.7607823356892187,0.853549918220122,0.8795904911724104,0.8109031098019167,0.7453954653726691,0.9943281582473188,0.7100908760002244,0.772057256056065,1.3697080914757218,0.7957675349484699,1.1121253631110024,0.8147765493088395,0.9806321315827048,1.0690754469971184,1.0752321521104968,0.975095239663251,1.378197745981549,1.247281748848982,0.8840535448735201,0.8587582421054795,1.3270507533586189,0.5410337474353396,0.8903239640060497,0.9524873602061902,1.0600721512254547,0.8617705131976435,0.8947356192551479,0.7226086330033624,1.1035831697371683,2.9802322387695312e-08,0.8673665528942186,0.8486200358614816,0.7536521679196676,0.8099674486167144,0.7781677700408656,2.4521160555489074,0.8118538906769754
RS,0.9907239079268664,0.989160352562981,0.7749001231079035,0.6130568728881087,0.7793434251006863,0.8556847034638434,0.7819675023500583,0.7865801880153273,0.8492950558447102,0.7590852319394994,0.7737891577530388,0.8599277019597591,0.8633767498941127,0.8456863394609196,0.7639398527274968,0.986667335082015,0.7479037217151159,0.7740625040932974,1.4077301044564945,0.8289925993190566,0.985393764175045,0.8907126980769421,1.0042443239061534,1.0953452649437836,1.0560437242016112,1.0433515545962166,1.3898302762447374,1.261560708172589,0.9003790067157198,0.8435608892883065,1.333802818477225,0.7558915696578442,0.5107574801764971,0.792069548562393,1.100544348076838,0.8657815464658877,0.896770506167078,0.7824210800021997,1.159820897997621,0.8673665528942186,0.0,0.8108047743589848,0.7412342385968981,0.7358645794998018,0.785807788518596,2.5064450367780777,0.7785359502461792
RU,1.0325229257396165,1.0447575011577317,0.7679005155812324,0.9947922184407438,0.6856927690615736,0.862701602502615,0.2454079223460948,0.6820425540937085,0.963891193000052,0.6490159522282622,0.5434368144571734,0.7711229326690271,0.681628796841362,0.840144245750046,0.5329740084924977,0.9256745793074992,0.5530655960460751,0.6941482931404668,1.5045545858633385,0.8558800595904776,1.19486745076195,0.8853868314014821,1.1007576540078612,1.1461690475307698,1.0270621661789667,1.116105549996239,1.4000511820761672,1.3295654089126263,0.907946055047776,0.6738945286795449,1.3175593253287228,0.591395934937942,0.907226950241476,1.0066490331692413,1.2756829657127715,0.6959523626734198,0.672614449766243,0.6199348176836174,1.22059046417554,0.8486200358614816,0.8108047743589848,1.444721179430583e-07,0.5936216652800781,0.8615128879467036,0.7530116724452142,2.6098251403383723,0.499523953859204
SE,0.8685748913205894,0.941294365719998,0.5077637881337187,0.8970971362769463,0.4688964683526106,0.7654519351204301,0.5569137519168098,0.4585591184692862,0.7469710821422453,0.4855333983725535,0.4671107954900406,0.4396246029505518,0.6543059455742648,0.6495607911269635,0.361939089197077,0.7711833166622161,0.4126526504966066,0.3898674978177316,1.2737269611750277,0.7088299635633566,1.0061368090853609,0.7179244096009312,0.763157524234239,0.889097473561122,0.8824927207247985,0.9129321604992096,1.27506499139102,1.105737600244832,0.6754588467893213,0.6399022032737995,1.2103759676504304,0.6227525423072205,0.7731872460627499,0.8898947670855768,0.971833078984618,0.5588701802704528,0.5424317214224571,0.5969188034153048,1.0669439691004778,0.7536521679196676,0.7412342385968981,0.5936216652800781,0.0,0.622001672851162,0.5647908777015441,2.483034430822431,0.6380915345842421
SI,0.9476706684554668,0.9822899857862653,0.6222426257110282,0.7714292181027531,0.6588500133587198,0.8160329280357124,0.8322182589812899,0.6710134014074427,0.7425263456490289,0.5897447582925066,0.709370578065846,0.7066477427716277,0.8120431483811553,0.7304353211834428,0.6654901980658796,0.946354214443789,0.6365443149763382,0.6376983811877036,1.3241199153087575,0.7709681322467022,0.8082543260282458,0.7417311560742963,0.8009390137957154,0.999693708844596,1.0158222398176713,0.8834812334252214,1.3251579597300451,1.074840472949864,0.8119708641994166,0.7539690055227632,1.292179746251627,0.7295771822675372,0.7161081206630399,0.8553809753012152,0.973504973139142,0.7762558475505633,0.7988179527428413,0.7442898031916424,1.080753641153379,0.8099674486167144,0.7358645794998018,0.8615128879467036,0.622001672851162,1.97686242482388e-07,0.6066931408070669,2.438457882954676,0.7615676323538382
SK,0.9493367744695188,1.017529753421765,0.6161977004168804,0.8850366441224082,0.6218862999331305,0.7671416112909261,0.7329374133472826,0.6416693533703636,0.7513703952947717,0.4192808972951141,0.6572995544548094,0.6606014597502502,0.7550305270391126,0.7018621558049135,0.6021742888897748,0.930151636896714,0.5884810447667647,0.5897578589063559,1.3337249930947066,0.7609766198024392,0.9584547912030668,0.6925305488408041,0.8158541609028815,1.000712520898149,1.0139807063965989,0.9229851680436172,1.3303008394817328,1.045375255982257,0.8072450727929105,0.6754239375009043,1.2846493503745582,0.6673960720536616,0.8224161863684432,0.932993272986182,1.0049675480451876,0.7287816084010518,0.7378176208152201,0.7051225523818706,1.105086829687787,0.7781677700408656,0.785807788518596,0.7530116724452142,0.5647908777015441,0.6066931408070669,2.3276357876976293e-07,2.463769970833204,0.6551453595434694
