ISO_CODE,AD,AL,AT,BA,BE,BG,BY,CH,CY,CZ,DE,DK,EE,ES,FI,FO,FR,GB,GI,GR,HR,HU,IE,IM,IS,IT,LI,LT,LU,LV,MC,MD,ME,MK,MT,NL,NO,PL,PT,RO,RS,RU,SE,SI,SK,SM,UA
AD,0.0,0.6980252553943141,0.4281889564271696,0.916449166720902,0.4596685718845408,0.5648889811005473,0.6582958722083722,0.4497775223909868,0.6002752461052526,0.5632834350994065,0.4643038984920931,0.5318144837075054,0.5387385254146064,0.7358391356202383,0.5312954749952641,0.7468255450761454,0.477520437390018,0.48436363339578,0.7801242680440843,0.6673726421994883,0.6014478404098421,0.5585581140826424,0.512430369455472,0.6843558750783272,0.4978692395532224,0.5669469702108507,0.8323353823338187,0.6259250512623397,0.4714073569533136,0.4666304642344637,0.7973581863149805,0.4895729019102771,0.5663639635443305,0.631857198690563,0.6649819941435211,0.475257337248652,0.5217542242761056,0.5317422986663335,0.6691939988008083,0.5599060936940344,0.8271965664621512,0.7868995126528733,0.7931519337249753,0.7993450839889514,0.5527879785209601,1.575563297237227,0.5072117638257968
AL,0.6980252553943141,1.97686242482388e-07,0.6204361258680299,0.7016362489872583,0.715619482179016,0.6095360560242689,0.9041107826787916,0.7000115006250991,0.5147963864389878,0.7609452945952409,0.6499374747745811,0.7702275296130828,0.8274752485053251,0.7804799817035283,0.7992527886364216,0.988376801742373,0.7525704145730712,0.7185909385952877,0.8797661781560518,0.6292744019141091,0.5516219688745356,0.6393094207002609,0.6738569466652125,0.8782480420042518,0.7700074761094987,0.4918598980501656,0.985998471415482,0.6890735293864839,0.6455306187914432,0.6929875268199528,1.053379592181643,0.6263965598392042,0.5148952619752264,0.4448468659929849,0.6030121410094244,0.7170234955035314,0.7687680376366713,0.7736044834614292,0.6690126770678075,0.5152426069698837,0.7430990145661824,0.9623436027545428,0.9478190157902056,0.8097408763793218,0.7049082072871523,1.5753449325249802,0.6233530551265603
AT,0.4281889564271696,0.6204361258680301,0.0,0.785545609402733,0.2313532384248272,0.4078170077391506,0.4914447487392048,0.2126768160767036,0.4360904983883059,0.3648912535173786,0.1709664259500751,0.3543195179674232,0.3630733884403886,0.5777990987148179,0.3356636672981056,0.7269616701436423,0.2657591975247533,0.267069384887849,0.7996642107336432,0.4905408391501042,0.4492773807582713,0.3630611420983838,0.3123437433013761,0.6832276325330425,0.3552020200143715,0.4600052774994068,0.8123962757418131,0.4710375508147213,0.2878868391201288,0.2505838437658902,0.7963885591602715,0.3008566012089957,0.444781542679916,0.5199023349689125,0.56037844074018,0.2393487438232353,0.3075113448501306,0.320132984141658,0.5840090596817306,0.3987558352932759,0.6691788111375784,0.6365698274001215,0.6256760727344997,0.6158403529236783,0.3548583652296402,1.6233416749279177,0.322110546474832
BA,0.916449166720902,0.7016362489872583,0.785545609402733,0.0,0.8413573643709659,0.7592506278248802,0.8321327284213879,0.8524640230580005,0.7514858644722172,0.8305514146027209,0.7607084134047619,0.920797540991397,0.8789632628653719,0.5511698725350371,0.8569657056963254,1.051500832094468,0.8566950067665123,0.849332185154199,1.082770593769608,0.7358262738181742,0.7254975670593296,0.7759490998995283,0.8575560694341648,1.08720602673963,0.9376567380597054,0.7789494894946651,1.100171745198514,0.838238190552068,0.8753780991729582,0.8124526462939377,1.1876877161336186,0.7238807154086968,0.685150411600271,0.6841641409546152,0.8623519342458581,0.859142442738758,0.9165747800560864,0.8405767647713505,0.8905397328680942,0.6886326983331098,0.3909098206684501,0.775821423922615,0.7708410011504636,0.5093057208796472,0.8141445393147717,1.5641673526103863,0.713229644640519
BE,0.4596685718845408,0.715619482179016,0.2313532384248272,0.8413573643709659,0.0,0.4406531970420934,0.4664446449120592,0.2190185154166401,0.5200441288349782,0.3606053396902361,0.244958895659018,0.3258828431109546,0.2976634641454659,0.597096556587611,0.2754400319690804,0.6742666907637956,0.1866631256782381,0.2475071026703314,0.8272239745720619,0.5451932027526268,0.5204491014265479,0.4114962751409922,0.3376161955132314,0.6976520564019381,0.3185312481839475,0.5553596232500021,0.8342475158560975,0.5162890069578299,0.3053182353955671,0.2717959787954621,0.763134170775771,0.3389803567887737,0.526593973492289,0.6131290119913768,0.6113101985411461,0.2378047868557915,0.2792295708945573,0.3019339997935956,0.6346356692127689,0.4773168450756546,0.6999574998540646,0.61732834438894,0.5873370042491803,0.6173986355927658,0.3602146036869601,1.6431518774347644,0.3672078762072348
BG,0.5648889811005473,0.6095360560242689,0.4078170077391506,0.7592506278248802,0.4406531970420934,0.0,0.6375022298916265,0.4977364222617991,0.4292291311111534,0.4110338518603998,0.4271213264715583,0.5337145426316545,0.4776375534255147,0.6892268994074856,0.4498396775381205,0.8369982571759059,0.4839231839325543,0.4820059146707004,0.8691154065716076,0.4376539774412736,0.3659237862346181,0.3377881244298982,0.4809117963134605,0.754500986766538,0.5026044503255663,0.559712428583809,0.8933954148653986,0.4361784782299196,0.4985134836890132,0.4016772055522244,0.9035657551540056,0.3518725106082452,0.4873329981766326,0.4412384481793992,0.494243911422734,0.4529500382450822,0.4774243675901117,0.3972906521115975,0.609392765490202,0.3297046463022152,0.7223450016962869,0.7888586741382714,0.7758083200717838,0.6420504930665812,0.3758953156102512,1.6545811934799677,0.3552767462842776
BY,0.6582958722083722,0.9041107826787914,0.4914447487392048,0.8321327284213879,0.4664446449120592,0.6375022298916265,0.0,0.471053563731839,0.787151956051355,0.4962397385421426,0.4167471053670981,0.6120753109802544,0.3509012814603161,0.4882707965053611,0.3534934214743496,0.8379153607222526,0.4178845842202185,0.5147960579824984,1.0426240932816733,0.7625719359067666,0.773024150651337,0.6331006249354862,0.6451195062639792,0.9458243828641508,0.5858887194034628,0.7942358544779036,0.9812102865848128,0.7408951183652882,0.6412753282181235,0.3781932503376168,0.913954294311665,0.4299613395933463,0.7263678837558817,0.83214586647526,0.9062590559276448,0.4432360194348865,0.5218415633418988,0.4163686781770248,0.8843515521041844,0.6711434943681585,0.6353687604070156,0.3136213541095199,0.5115970127465953,0.5732439438886499,0.5700358634614726,1.7160829392781405,0.438346751128592
CH,0.4497775223909868,0.7000115006250991,0.2126768160767036,0.8524640230580005,0.2190185154166401,0.4977364222617991,0.471053563731839,0.0,0.5250579751468303,0.4176795120452786,0.2283203036979645,0.2661181747204483,0.361866307268381,0.5960333773229717,0.3284693339163309,0.6670984777616671,0.2155242130474059,0.2421520773730726,0.8230409267863549,0.5753995407855645,0.5619480646232935,0.4475580083578806,0.3512128106527661,0.6901529097974959,0.3339759828836637,0.546593698542745,0.8191011350266558,0.5602345075187458,0.2800823115109228,0.2859262901704326,0.7542599005235251,0.3671461960291622,0.5451575123689013,0.6258599071817597,0.6465382023735977,0.2479717781781771,0.2427172085188157,0.3746039433796409,0.6401896510475337,0.5064317421689111,0.718367295869582,0.5901057343143482,0.5510329919708954,0.6434643060581734,0.4277902349648227,1.6460708739877332,0.3783044410369813
CY,0.6002752461052526,0.5147963864389878,0.4360904983883056,0.7514858644722172,0.5200441288349782,0.4292291311111534,0.787151956051355,0.5250579751468303,0.0,0.542093347479208,0.4833489197471774,0.5627793901804521,0.6558862460526299,0.745628497278275,0.6222897225276203,0.8325814952650707,0.5718162070724155,0.5133234177527791,0.7881177381346293,0.3259639348369788,0.3591450494614271,0.4326007285677869,0.4571246832510816,0.7477727226458925,0.5638779633732628,0.4376652258620184,0.902277946865804,0.4883297363498527,0.4139142968721498,0.5191618105202914,0.9466004299231764,0.4798791277817756,0.4272854768316519,0.3768499900480481,0.3986004362770564,0.5181803884985348,0.5376304613595763,0.5687513208561098,0.5537339096063153,0.3634753104569327,0.7339904366586517,0.8874251389395752,0.8323776850635335,0.7121877504087964,0.468356726733349,1.6213955920899212,0.4867691791583113
CZ,0.5632834350994065,0.7609452945952409,0.3648912535173786,0.8305514146027209,0.3606053396902361,0.4110338518603998,0.4962397385421426,0.4176795120452786,0.542093347479208,0.0,0.3601319034177815,0.4982503339125462,0.3512098745679488,0.6567269874160165,0.338839353679535,0.7984774020079085,0.3729401934863093,0.409176240611651,0.9235558431029453,0.4799037561929464,0.5089992880248304,0.3724812496187009,0.4699854123349112,0.7743256718468583,0.4706372783178236,0.6317771752040097,0.9128730377902468,0.5234892816630474,0.4908135384996708,0.3449882501051312,0.8646810729088729,0.3686517476176627,0.5499193599928984,0.6284687486385316,0.6662951935464565,0.3926207902257462,0.422875806024144,0.3026191991928557,0.6869672450544537,0.4821159802103014,0.7182989506858432,0.6769985828188188,0.6944900226983416,0.633685765230005,0.1956171645054195,1.7024890965988315,0.3763557172291192
DE,0.4643038984920931,0.649937474774581,0.1709664259500751,0.7607084134047619,0.244958895659018,0.4271213264715583,0.4167471053670981,0.2283203036979645,0.4833489197471772,0.3601319034177815,8.688795409866125e-08,0.3830730063030712,0.3379488155036531,0.531086240203393,0.3015560726504944,0.7180419276384834,0.2429934435834322,0.2845566252630395,0.8297463109866686,0.5054087986867004,0.5013145790040922,0.3881202361375044,0.3777551679872523,0.7417342881907241,0.3922895271201236,0.5081285137427173,0.8308039678328862,0.5236228603287834,0.3394087483140721,0.2307368826118245,0.8077334638331919,0.280387107279499,0.4826991312657837,0.5601045317554623,0.6172708482556877,0.2342573894811292,0.3105197751595406,0.2864453262721717,0.6327208055684146,0.4131289251982363,0.6268535161022887,0.564239664357665,0.5739032000722928,0.5786577177200659,0.3678820771525785,1.6294637398469494,0.3153141168451323
DK,0.5318144837075054,0.7702275296130828,0.3543195179674232,0.920797540991397,0.3258828431109546,0.5337145426316545,0.6120753109802544,0.2661181747204483,0.5627793901804521,0.4982503339125462,0.3830730063030712,0.0,0.4443624453824739,0.7078468432614405,0.4176579812036127,0.5965178624491452,0.3512617311640506,0.2911890536907465,0.8176157094878634,0.6142209083343468,0.6113715157398476,0.5154644883585444,0.3791587862467633,0.6356854608001026,0.3437897057876065,0.6555844416782228,0.8221564410403509,0.5702129545799232,0.3605267346914481,0.4223921848324063,0.7612590650456308,0.4971057126014883,0.6388825152103053,0.6833866066514963,0.6405206867012957,0.3680084686539029,0.2403264579645556,0.4779009496739574,0.7080388726026998,0.5771587795838289,0.8061919152175427,0.703939631490037,0.563221144033752,0.7058451112834742,0.4967239404207566,1.6651051409039634,0.4929919433207227
EE,0.5387385254146064,0.8274752485053252,0.3630733884403886,0.8789632628653719,0.2976634641454659,0.4776375534255147,0.3509012814603161,0.361866307268381,0.6558862460526297,0.3512098745679488,0.3379488155036531,0.4443624453824739,0.0,0.6042859450652646,0.1936403737929462,0.7345184039573791,0.2941017672375531,0.35377657210904,0.9345863843055044,0.6363688524105171,0.6093128373716152,0.4867145870914404,0.462586504059723,0.7851016419223856,0.3863781113899637,0.6962436782917091,0.9082982481193438,0.5758409273006975,0.5061803641584228,0.2596209397888313,0.8243442537678619,0.3589338249093922,0.6271007131716995,0.720642286647907,0.7386731009603558,0.3233384288761651,0.3575943600320117,0.2850228766874286,0.75892043544043,0.5612149200043288,0.7169640656618277,0.5515496709595706,0.5800963207223119,0.6134258806185651,0.4074001309648452,1.692462366979197,0.3698907138181049
ES,0.7358391356202383,0.7804799817035285,0.5777990987148179,0.5511698725350374,0.597096556587611,0.6892268994074856,0.4882707965053611,0.5960333773229717,0.7456284972782751,0.6567269874160165,0.531086240203393,0.7078468432614405,0.6042859450652646,0.0,0.5850738334073976,0.9141663392028396,0.5737757822334575,0.6284299242928227,1.015522458190803,0.7421916200757682,0.7661530498716432,0.7131450775358829,0.6958500388363505,1.0269105647022994,0.7288690745907472,0.688684758335955,1.0010220693934906,0.7781863085357379,0.7046548522107267,0.5815349208501491,1.0079453845113018,0.5583964007521679,0.7100523543163536,0.7539449631360201,0.8649352427908691,0.5927884418799008,0.6885343269480928,0.6191532888263902,0.8329345479800918,0.6795035943200962,0.378509416579549,0.3858112985551716,0.4422320816254634,0.3632313227401019,0.6819014577717455,1.5620229499119214,0.5469349980270688
FI,0.5312954749952641,0.7992527886364217,0.3356636672981056,0.8569657056963254,0.2754400319690804,0.4498396775381205,0.3534934214743496,0.3284693339163309,0.6222897225276205,0.338839353679535,0.3015560726504944,0.4176579812036127,0.1936403737929462,0.5850738334073976,0.0,0.7263343463299032,0.2683233017992225,0.3424815463603754,0.9209204668117736,0.6108817869311634,0.5968283862248068,0.4602372523471174,0.4461910524532762,0.7726597144813052,0.4006401522434596,0.6668075733567177,0.8884831629795479,0.5567920166757182,0.4726560348589347,0.2447110931746641,0.816722681818877,0.3421246762554775,0.6151275419749276,0.6938183406744377,0.7155177533414446,0.2974072249612726,0.3244582231705311,0.2581606336221518,0.7257780629511486,0.5385706230152935,0.6969564484018665,0.5498997406547358,0.5657441873948884,0.6011774440638306,0.3873995026916055,1.6905729882054872,0.3518646832387008
FO,0.7468255450761454,0.988376801742373,0.7269616701436423,1.051500832094468,0.6742666907637956,0.8369982571759059,0.8379153607222526,0.6670984777616671,0.8325814952650707,0.7984774020079085,0.7180419276384834,0.5965178624491452,0.7345184039573791,0.9141663392028396,0.7263343463299032,1.2644054553268208e-07,0.6941046015885349,0.6595704065161899,0.8644293737387839,0.8746675537879935,0.8895962128154082,0.8244629259067986,0.73268719557483,0.8183838556715015,0.6531000291725935,0.9194680636921048,0.9258342326561584,0.8589085573110711,0.7130507262572536,0.744072597237359,0.870909222642481,0.7938217461643772,0.882278948621575,0.9336380320521984,0.8787048914146204,0.7263799320808109,0.6436579923102832,0.7851098980094974,0.9804299920456117,0.8623647306955105,0.9199808809280734,0.8673067015012452,0.7529290944024727,0.8892170637253154,0.8009941850059705,1.6375044296287935,0.7948661339006855
FR,0.477520437390018,0.7525704145730711,0.2657591975247533,0.8566950067665123,0.1866631256782381,0.4839231839325543,0.4178845842202185,0.2155242130474059,0.5718162070724153,0.3729401934863093,0.2429934435834322,0.3512617311640506,0.2941017672375531,0.5737757822334575,0.2683233017992225,0.6941046015885349,8.940696716308595e-08,0.2561753681356991,0.8702488350181021,0.5779284693532656,0.5710152351508379,0.4476101991289591,0.380793297060733,0.7401795092113128,0.3511644008254178,0.5892176909750733,0.8646054282561676,0.5617350769673607,0.3461176704095878,0.2841899881941981,0.7487897770834064,0.3531067467357436,0.5661830989455663,0.6670007943785532,0.6800236513129223,0.2682375427788607,0.3055563312774995,0.2966314628994526,0.6537181484618694,0.5191144737386427,0.7037913941282672,0.5609401705431922,0.5597090819388724,0.610372891366883,0.3852807878503203,1.651339669486016,0.3666617667528371
GB,0.48436363339578,0.7185909385952878,0.267069384887849,0.849332185154199,0.2475071026703314,0.4820059146707004,0.5147960579824984,0.2421520773730726,0.5133234177527793,0.409176240611651,0.2845566252630395,0.2911890536907469,0.35377657210904,0.6284299242928227,0.3424815463603754,0.6595704065161899,0.2561753681356991,0.0,0.7961372038459477,0.5495285457543339,0.5287462361477765,0.4458140617035865,0.2627220366872855,0.6622739481957991,0.3155303088191198,0.5783033495654353,0.8405806133447357,0.5449033742691272,0.3444008660725305,0.3432460692106917,0.767192247728835,0.3946413385643266,0.5467706738644479,0.624364418976887,0.6071240605657264,0.2811879774840973,0.2723456833146767,0.3745617376323899,0.646574235762157,0.507565434920383,0.725442923954493,0.638856529337899,0.5687340859036529,0.6418641111612569,0.4107444591336556,1.6416640007776555,0.4047523485994347
GI,0.7801242680440843,0.8797661781560518,0.7996642107336431,1.082770593769608,0.8272239745720619,0.8691154065716076,1.0426240932816733,0.8230409267863549,0.7881177381346293,0.9235558431029453,0.8297463109866688,0.8176157094878634,0.9345863843055044,1.015522458190803,0.9209204668117734,0.8644293737387839,0.8702488350181022,0.7961372038459475,0.0,0.8702108718848911,0.8479186495603792,0.8729973844731592,0.7719657471143858,0.8374550656487625,0.8132718365917417,0.8150227857484751,0.9534967586072962,0.895481547127057,0.7871418579663746,0.8740566675183448,0.9760932152053404,0.8773928943615952,0.8364357076483729,0.8319667140735902,0.803480492187116,0.8377060489521079,0.8289237695930155,0.9152744007328286,0.9156755243123988,0.8456437594024662,1.0355100552877765,1.1071237061931058,1.024941661457037,1.0467785230652629,0.896985051038748,1.5404621462431995,0.8882030021270647
GR,0.6673726421994883,0.6292744019141091,0.490540839150104,0.7358262738181742,0.5451932027526268,0.4376539774412736,0.7625719359067666,0.5753995407855645,0.3259639348369788,0.4799037561929464,0.5054087986867006,0.6142209083343468,0.6363688524105169,0.7421916200757682,0.6108817869311635,0.8746675537879935,0.5779284693532658,0.5495285457543336,0.8702108718848911,0.0,0.3979504104231632,0.4312394964202144,0.5212633654069133,0.8044517332733023,0.6083207027799759,0.5571632940368082,0.9396689705522354,0.5302019641554105,0.5196792400991704,0.5481570482384593,0.9604685481310448,0.5061221635956177,0.5003296170537578,0.4662994405786709,0.5095675725563724,0.5606886392852829,0.5734043012197811,0.5397164206831324,0.6139859787549294,0.4166860591369797,0.7271788354902313,0.8762329094725301,0.8313494838608533,0.6813745007842814,0.4249210031056147,1.6516423052079854,0.5065938667242689
HR,0.6014478404098421,0.5516219688745356,0.449277380758271,0.7254975670593296,0.5204491014265479,0.3659237862346181,0.773024150651337,0.5619480646232935,0.3591450494614271,0.5089992880248304,0.5013145790040924,0.6113715157398476,0.609312837371615,0.7661530498716432,0.5968283862248066,0.8895962128154082,0.571015235150838,0.5287462361477763,0.8479186495603792,0.3979504104231632,1.228781230931777e-07,0.3680825755232834,0.4764798544370043,0.7668859095105321,0.5664257853322253,0.4793544737574884,0.9155911812494052,0.442241443194073,0.4954284014397837,0.5128781520129798,0.9522824317522932,0.4620934420327812,0.3855905692538292,0.3860539310753338,0.4423802662921309,0.5460460470677656,0.5750921684824164,0.5213467727110129,0.5472387789065244,0.3359693659432504,0.7436987358135776,0.9111216256981204,0.8869901769647058,0.7065704256600489,0.4300813021347596,1.6265237750320338,0.4515174442548693
HU,0.5585581140826424,0.6393094207002609,0.3630611420983835,0.7759490998995283,0.4114962751409922,0.3377881244298982,0.6331006249354862,0.4475580083578806,0.4326007285677869,0.3724812496187009,0.3881202361375042,0.5154644883585444,0.4867145870914404,0.7131450775358829,0.4602372523471174,0.8244629259067986,0.4476101991289591,0.4458140617035865,0.8729973844731592,0.4312394964202144,0.3680825755232834,0.0,0.4461744554617812,0.7148319621265755,0.5013751697612602,0.5435016984592413,0.8787091280851819,0.4370992587455665,0.4401984860613086,0.4057302763852642,0.8918686201868881,0.3772828074061712,0.4770711693414496,0.4812272242840205,0.5292496784747428,0.4418145620085663,0.4539090631750624,0.3645604978578478,0.5958482673981504,0.3519148842008188,0.7363975667785624,0.7897117654848134,0.780599756806065,0.6693699633837764,0.3446687141185639,1.6686488152445873,0.38855500360256
IE,0.512430369455472,0.6738569466652125,0.3123437433013757,0.8575560694341648,0.3376161955132314,0.4809117963134605,0.6451195062639792,0.3512128106527661,0.4571246832510816,0.4699854123349112,0.377755167987252,0.3791587862467633,0.462586504059723,0.6958500388363505,0.4461910524532762,0.73268719557483,0.3807932970607326,0.2627220366872851,0.7719657471143858,0.5212633654069133,0.4764798544370043,0.4461744554617812,2.9802322387695312e-08,0.636337204787909,0.3608783519879383,0.5389926566655926,0.8489387491196386,0.5226130210730885,0.3542584229719723,0.426247650611064,0.814140200501005,0.4525522217661672,0.5068301133042817,0.560762051791096,0.5170647092414765,0.3614289025922703,0.3660961692652587,0.4447477995723223,0.5846209935572233,0.4853818794966991,0.7635155927590056,0.7705942806515376,0.683639403535061,0.6849896191405932,0.431360868209108,1.6204177567604938,0.4628483155645124
IM,0.6843558750783272,0.8782480420042518,0.6832276325330423,1.08720602673963,0.6976520564019381,0.754500986766538,0.9458243828641508,0.6901529097974959,0.7477727226458925,0.7743256718468583,0.7417342881907242,0.6356854608001026,0.7851016419223857,1.0269105647022994,0.772659714481305,0.8183838556715015,0.7401795092113129,0.6622739481957989,0.8374550656487625,0.8044517332733023,0.7668859095105321,0.7148319621265755,0.636337204787909,0.0,0.6588220852808538,0.8329333674599217,0.9379621071844292,0.7500509548840438,0.6664339356586065,0.7575261245463257,0.9138958599288668,0.7796979351188924,0.7851888049169659,0.8034067583426477,0.7217002498975069,0.7338642762387554,0.6845402797968965,0.7796054792895917,0.8369700727118039,0.77196386058687,1.0599017390656955,1.056928929670131,0.9678076716237256,1.0241738692805953,0.7617880901407723,1.6983912186677326,0.781885927684556
IS,0.4978692395532224,0.7700074761094987,0.3552020200143715,0.9376567380597054,0.3185312481839475,0.5026044503255663,0.5858887194034628,0.3339759828836637,0.5638779633732628,0.4706372783178236,0.3922895271201236,0.3437897057876065,0.3863781113899637,0.7288690745907472,0.4006401522434596,0.6531000291725935,0.3511644008254178,0.3155303088191198,0.8132718365917417,0.6083207027799759,0.5664257853322253,0.5013751697612602,0.3608783519879383,0.6588220852808538,8.429369702178808e-08,0.6444251526701483,0.8660533372642305,0.5580854578821258,0.4010588135008459,0.3753384049411467,0.7797646937809851,0.4467702825918111,0.6030163460028763,0.6665695601222833,0.6188534284668205,0.3561158023545564,0.3178407773121037,0.4442728388467003,0.7050217095231417,0.5567455781972529,0.8184905845382915,0.7207241195160844,0.6584383771001415,0.7156406087223139,0.4655540083962738,1.6712624579266944,0.4607684576617276
IT,0.5669469702108507,0.4918598980501656,0.4600052774994065,0.7789494894946651,0.5553596232500021,0.559712428583809,0.7942358544779036,0.546593698542745,0.4376652258620184,0.6317771752040097,0.5081285137427175,0.6555844416782228,0.6962436782917089,0.6886847583359551,0.6668075733567176,0.9194680636921048,0.5892176909750735,0.5783033495654352,0.8150227857484751,0.5571632940368082,0.4793544737574884,0.5435016984592413,0.5389926566655926,0.8329333674599217,0.6444251526701483,1.3328003749250113e-07,0.932219657205036,0.6102587972960497,0.4971314809382997,0.5633632616046879,0.9555705541514818,0.5228331770215823,0.4317349666785369,0.4451859962694046,0.5424139876281795,0.5583656859602809,0.6439977911283989,0.6194584416340522,0.5740751207389141,0.4723030921624746,0.7205906750992648,0.8801860653373074,0.8851482413532878,0.7790827289174483,0.5748801979897702,1.5546985437748393,0.5272823699350143
LI,0.8323353823338187,0.985998471415482,0.812396275741813,1.100171745198514,0.8342475158560975,0.8933954148653986,0.9812102865848128,0.8191011350266558,0.902277946865804,0.9128730377902468,0.8308039678328861,0.8221564410403509,0.9082982481193438,1.0010220693934906,0.8884831629795479,0.9258342326561584,0.8646054282561676,0.8405806133447355,0.9534967586072962,0.9396689705522354,0.9155911812494052,0.8787091280851819,0.8489387491196386,0.9379621071844292,0.8660533372642305,0.932219657205036,0.0,0.9314515784323618,0.8346779163323005,0.8732700667616439,0.9711751213539164,0.8929050460984719,0.9260821312893648,0.9263502191428205,0.9261672336982144,0.8521050944520894,0.8405602872709984,0.9008285697838848,0.973261543555966,0.9056012491481304,1.0489573981854918,1.0399588112547022,0.9763186579416004,1.0024988330152331,0.9030890728615854,1.5956938901991036,0.9012813023760448
LT,0.6259250512623397,0.6890735293864839,0.471037550814721,0.838238190552068,0.5162890069578299,0.4361784782299196,0.7408951183652882,0.5602345075187458,0.4883297363498527,0.5234892816630474,0.5236228603287831,0.5702129545799232,0.5758409273006974,0.7781863085357379,0.556792016675718,0.8589085573110711,0.5617350769673606,0.5449033742691269,0.895481547127057,0.5302019641554105,0.442241443194073,0.4370992587455665,0.5226130210730885,0.7500509548840438,0.5580854578821258,0.6102587972960497,0.9314515784323618,6.664001874625056e-08,0.5190607208424117,0.4888845448459518,0.9499190777306908,0.4924701637552016,0.5429127798777539,0.5624394377194673,0.539374113515516,0.5537072845168721,0.5398777473669057,0.5083818568680565,0.6494010200744298,0.4664650327007382,0.7946780489399103,0.8755489992508362,0.8364346361768226,0.7056371788398578,0.4566971663670809,1.6738583100726463,0.4687934901227569
LU,0.4714073569533136,0.6455306187914432,0.2878868391201284,0.8753780991729582,0.3053182353955671,0.4985134836890132,0.6412753282181235,0.2800823115109228,0.4139142968721498,0.4908135384996708,0.3394087483140724,0.3605267346914481,0.5061803641584226,0.7046548522107267,0.4726560348589345,0.7130507262572536,0.3461176704095874,0.3444008660725302,0.7871418579663746,0.5196792400991704,0.4954284014397837,0.4401984860613086,0.3542584229719723,0.6664339356586065,0.4010588135008459,0.4971314809382997,0.8346779163323005,0.5190607208424117,0.0,0.3895916962958178,0.790406926184713,0.4321241350109032,0.4987743017408889,0.5569157116061454,0.5382177379421182,0.3472954662982521,0.3492291813077773,0.4533941144415095,0.5361841664844439,0.4601524234636642,0.7805243883079084,0.7599980949643594,0.7051718562853249,0.718023491285873,0.4433531569068882,1.642928740711457,0.4578385820538408
LV,0.4666304642344637,0.6929875268199527,0.2505838437658902,0.8124526462939377,0.2717959787954621,0.4016772055522244,0.3781932503376168,0.2859262901704326,0.5191618105202912,0.3449882501051312,0.2307368826118245,0.4223921848324063,0.2596209397888313,0.5815349208501491,0.2447110931746641,0.744072597237359,0.2841899881941981,0.3432460692106917,0.8740566675183447,0.5481570482384591,0.5128781520129796,0.4057302763852639,0.4262476506110638,0.7575261245463255,0.3753384049411467,0.5633632616046876,0.8732700667616439,0.4888845448459516,0.3895916962958175,0.0,0.8230737539376933,0.2228603856237356,0.5013436312583495,0.5941545737620146,0.6469100935653965,0.263307719597893,0.3203005510893843,0.2775254582718039,0.6790772158141407,0.4344190079403799,0.6740091195872612,0.5718140325085815,0.6169714599066808,0.6064151091557035,0.3593664044012278,1.6761179541548268,0.2545065903628443
MC,0.7973581863149805,1.053379592181643,0.7963885591602715,1.1876877161336186,0.763134170775771,0.9035657551540056,0.913954294311665,0.7542599005235251,0.9466004299231764,0.8646810729088729,0.8077334638331919,0.7612590650456308,0.8243442537678619,1.0079453845113018,0.816722681818877,0.870909222642481,0.7487897770834064,0.767192247728835,0.9760932152053404,0.9604685481310448,0.9522824317522932,0.8918686201868881,0.814140200501005,0.9138958599288668,0.7797646937809851,0.9555705541514818,0.9711751213539164,0.9499190777306908,0.790406926184713,0.8230737539376933,8.940696716308595e-08,0.8570831966044976,0.9556456046410045,0.9928822404791704,0.987570981556784,0.8098283601072029,0.7884861875721001,0.8533944088834606,0.989747615158476,0.9352095724645172,1.0873761835886466,0.982400355219894,0.9380808478674458,1.014091689152651,0.8642705271582382,1.642489523938702,0.8610633894285201
MD,0.4895729019102771,0.6263965598392042,0.3008566012089957,0.7238807154086968,0.3389803567887737,0.3518725106082452,0.4299613395933463,0.3671461960291622,0.4798791277817756,0.3686517476176627,0.280387107279499,0.4971057126014883,0.3589338249093922,0.5583964007521679,0.3421246762554775,0.7938217461643772,0.3531067467357436,0.3946413385643266,0.8773928943615952,0.5061221635956177,0.4620934420327812,0.3772828074061712,0.4525522217661672,0.7796979351188924,0.4467702825918111,0.5228331770215823,0.8929050460984719,0.4924701637552016,0.4321241350109032,0.2228603856237356,0.8570831966044976,0.0,0.4191620796129895,0.5087739274772409,0.6061757651317554,0.3499632134587039,0.4207443590523548,0.3204250598188559,0.6510306694317243,0.3607098259535529,0.6226009296388609,0.6001028623150673,0.6650923743000542,0.5774630078700932,0.3500878986153067,1.6511326606070178,0.2053444808640935
ME,0.5663639635443305,0.5148952619752264,0.4447815426799157,0.685150411600271,0.526593973492289,0.4873329981766326,0.7263678837558817,0.5451575123689013,0.4272854768316519,0.5499193599928984,0.4826991312657839,0.6388825152103053,0.6271007131716992,0.7100523543163536,0.6151275419749274,0.882278948621575,0.5661830989455665,0.5467706738644477,0.8364357076483729,0.5003296170537578,0.3855905692538292,0.4770711693414496,0.5068301133042817,0.7851888049169659,0.6030163460028763,0.4317349666785369,0.9260821312893648,0.5429127798777539,0.4987743017408889,0.5013436312583497,0.9556456046410045,0.4191620796129895,0.0,0.4212859105030833,0.5346684152276798,0.5431192032696793,0.6086906487826429,0.5577906330215023,0.5913954121821647,0.394948647832213,0.6662903365665884,0.848874735912777,0.8605249925701182,0.7102267073750306,0.4796152141618121,1.5946525052027194,0.453451824515328
MK,0.631857198690563,0.4448468659929849,0.5199023349689122,0.6841641409546152,0.6131290119913768,0.4412384481793992,0.83214586647526,0.6258599071817597,0.3768499900480481,0.6284687486385316,0.5601045317554625,0.6833866066514963,0.7206422866479069,0.7539449631360202,0.6938183406744376,0.9336380320521984,0.6670007943785533,0.6243644189768868,0.8319667140735902,0.4662994405786709,0.3860539310753338,0.4812272242840205,0.560762051791096,0.8034067583426477,0.6665695601222833,0.4451859962694046,0.9263502191428205,0.5624394377194673,0.5569157116061454,0.5941545737620147,0.9928822404791704,0.5087739274772409,0.4212859105030833,0.0,0.4292408632707026,0.61821229009516,0.6655824954827795,0.6291222975184746,0.5815004090505772,0.3602125292999305,0.7259658773792442,0.9342932593507692,0.9115585340244108,0.745546653860809,0.5604649639928759,1.579439978407158,0.5231260147005767
MT,0.6649819941435211,0.6030121410094244,0.5603784407401797,0.8623519342458581,0.6113101985411461,0.494243911422734,0.9062590559276448,0.6465382023735977,0.3986004362770564,0.6662951935464565,0.6172708482556878,0.6405206867012957,0.738673100960356,0.864935242790869,0.7155177533414447,0.8787048914146204,0.6800236513129224,0.6071240605657262,0.803480492187116,0.5095675725563724,0.4423802662921309,0.5292496784747428,0.5170647092414765,0.7217002498975069,0.6188534284668205,0.5424139876281795,0.9261672336982144,0.539374113515516,0.5382177379421182,0.6469100935653966,0.987570981556784,0.6061757651317554,0.5346684152276798,0.4292408632707026,0.0,0.6254408519905834,0.6310279835292404,0.6556901470700676,0.5951409798375796,0.4683533058299303,0.8544344573676625,1.019038139458002,0.942465993346734,0.825242453630401,0.5802282226718185,1.6085536792415476,0.6178439418533237
NL,0.475257337248652,0.7170234955035313,0.2393487438232353,0.859142442738758,0.2378047868557915,0.4529500382450822,0.4432360194348865,0.2479717781781771,0.5181803884985345,0.3926207902257462,0.2342573894811292,0.3680084686539029,0.3233384288761651,0.5927884418799008,0.2974072249612726,0.7263799320808109,0.2682375427788607,0.2811879774840973,0.8377060489521077,0.5606886392852827,0.5460460470677654,0.4418145620085663,0.3614289025922707,0.7338642762387553,0.3561158023545564,0.5583656859602807,0.8521050944520893,0.5537072845168723,0.3472954662982518,0.263307719597893,0.8098283601072029,0.3499632134587039,0.5431192032696796,0.6182122900951598,0.6254408519905833,1.7249341164216738e-07,0.2684941152036473,0.3202923927750906,0.6596268801643584,0.4790958162396851,0.7172285656114755,0.6095189973210603,0.5960299388841779,0.6436788512547957,0.4060647262227241,1.6656173012462898,0.3752366597170586
NO,0.5217542242761056,0.7687680376366713,0.3075113448501306,0.9165747800560864,0.2792295708945573,0.4774243675901117,0.5218415633418988,0.2427172085188157,0.5376304613595763,0.422875806024144,0.3105197751595406,0.2403264579645556,0.3575943600320117,0.6885343269480928,0.3244582231705311,0.6436579923102832,0.3055563312774995,0.2723456833146767,0.8289237695930155,0.5734043012197811,0.5750921684824164,0.4539090631750624,0.3660961692652587,0.6845402797968965,0.3178407773121037,0.6439977911283989,0.8405602872709984,0.5398777473669057,0.3492291813077773,0.3203005510893843,0.7884861875721001,0.4207443590523548,0.6086906487826429,0.6655824954827795,0.6310279835292404,0.2684941152036473,9.657056180250437e-08,0.3708495041588535,0.6999875088310848,0.5228867711456787,0.7925318041252934,0.6697721979999297,0.582099584726899,0.6933610302694608,0.4329742138837407,1.7043062323321894,0.4304361442393318
PL,0.5317422986663335,0.7736044834614292,0.320132984141658,0.8405767647713505,0.3019339997935956,0.3972906521115975,0.4163686781770248,0.3746039433796409,0.5687513208561098,0.3026191991928557,0.2864453262721717,0.4779009496739574,0.2850228766874286,0.6191532888263902,0.2581606336221518,0.7851098980094974,0.2966314628994526,0.3745617376323899,0.9152744007328286,0.5397164206831324,0.5213467727110129,0.3645604978578478,0.4447477995723223,0.7796054792895917,0.4442728388467003,0.6194584416340522,0.9008285697838848,0.5083818568680565,0.4533941144415095,0.2775254582718039,0.8533944088834606,0.3204250598188559,0.5577906330215023,0.6291222975184746,0.6556901470700676,0.3202923927750906,0.3708495041588535,0.0,0.6733575458099982,0.4502741020903875,0.7090908007235293,0.6281662816172571,0.6674616080137034,0.6262083556591242,0.3168279150522398,1.6963321143690244,0.3477177797275898
PT,0.6691939988008083,0.6690126770678075,0.5840090596817303,0.8905397328680942,0.6346356692127689,0.609392765490202,0.8843515521041844,0.6401896510475337,0.5537339096063153,0.6869672450544537,0.6327208055684148,0.7080388726026998,0.7589204354404301,0.8329345479800919,0.7257780629511487,0.9804299920456117,0.6537181484618695,0.6465742357621569,0.9156755243123988,0.6139859787549294,0.5472387789065244,0.5958482673981504,0.5846209935572233,0.8369700727118039,0.7050217095231417,0.5740751207389141,0.973261543555966,0.6494010200744298,0.5361841664844439,0.6790772158141408,0.989747615158476,0.6510306694317243,0.5913954121821647,0.5815004090505772,0.5951409798375796,0.6596268801643586,0.6999875088310848,0.6733575458099982,0.0,0.5793897381585245,0.8723632203317118,0.987743986618244,0.9576166442560444,0.8371201230212358,0.629111029948572,1.617367598017731,0.6500342837891474
RO,0.5599060936940344,0.5152426069698837,0.3987558352932756,0.6886326983331098,0.4773168450756546,0.3297046463022152,0.6711434943681585,0.5064317421689111,0.3634753104569327,0.4821159802103014,0.4131289251982366,0.5771587795838289,0.5612149200043287,0.6795035943200962,0.5385706230152932,0.8623647306955105,0.5191144737386425,0.5075654349203828,0.8456437594024662,0.4166860591369797,0.3359693659432504,0.3519148842008188,0.4853818794966991,0.77196386058687,0.5567455781972529,0.4723030921624746,0.9056012491481304,0.4664650327007382,0.4601524234636642,0.4344190079403797,0.9352095724645172,0.3607098259535529,0.394948647832213,0.3602125292999305,0.4683533058299303,0.4790958162396854,0.5228867711456787,0.4502741020903875,0.5793897381585245,0.0,0.6775208459935022,0.8062336410962032,0.8058693974167082,0.6595067668378367,0.4216823083445254,1.6266114992954992,0.3885227896454629
RS,0.8271965664621512,0.7430990145661827,0.6691788111375784,0.3909098206684503,0.6999574998540646,0.7223450016962869,0.6353687604070156,0.718367295869582,0.7339904366586518,0.7182989506858432,0.6268535161022887,0.8061919152175427,0.7169640656618277,0.378509416579549,0.6969564484018665,0.9199808809280734,0.7037913941282672,0.725442923954493,1.0355100552877765,0.7271788354902313,0.7436987358135776,0.7363975667785624,0.7635155927590056,1.0599017390656955,0.8184905845382915,0.720590675099265,1.0489573981854918,0.7946780489399103,0.7805243883079084,0.6740091195872612,1.0873761835886466,0.6226009296388609,0.6662903365665884,0.7259658773792443,0.8544344573676627,0.7172285656114755,0.7925318041252934,0.7090908007235293,0.8723632203317118,0.6775208459935022,1.4136482746161726e-07,0.5633611086746464,0.5991137211212574,0.4018806095525191,0.7187484744419634,1.552839649338838,0.6128174762641039
RU,0.7868995126528733,0.9623436027545428,0.6365698274001215,0.775821423922615,0.61732834438894,0.7888586741382714,0.3136213541095199,0.5901057343143482,0.8874251389395752,0.6769985828188188,0.564239664357665,0.703939631490037,0.5515496709595706,0.3858112985551716,0.5498997406547358,0.8673067015012452,0.5609401705431922,0.638856529337899,1.1071237061931058,0.8762329094725301,0.9111216256981204,0.7897117654848134,0.7705942806515376,1.056928929670131,0.7207241195160844,0.8801860653373074,1.0399588112547022,0.8755489992508362,0.7599980949643594,0.5718140325085815,0.982400355219894,0.6001028623150673,0.848874735912777,0.9342932593507692,1.019038139458002,0.6095189973210603,0.6697721979999297,0.6281662816172571,0.987743986618244,0.8062336410962032,0.5633611086746464,1.3328003749250113e-07,0.3733422501897441,0.5026572881737983,0.7422655606201936,1.6766794597165944,0.5820758038120657
SE,0.7931519337249753,0.9478190157902056,0.6256760727344997,0.7708410011504636,0.5873370042491803,0.7758083200717838,0.5115970127465953,0.5510329919708954,0.8323776850635335,0.6944900226983416,0.5739032000722928,0.563221144033752,0.5800963207223119,0.4422320816254634,0.5657441873948884,0.7529290944024727,0.5597090819388724,0.5687340859036529,1.024941661457037,0.8313494838608533,0.8869901769647058,0.780599756806065,0.683639403535061,0.9678076716237256,0.6584383771001415,0.8851482413532878,0.9763186579416004,0.8364346361768226,0.7051718562853249,0.6169714599066808,0.9380808478674458,0.6650923743000542,0.8605249925701182,0.9115585340244108,0.942465993346734,0.5960299388841779,0.582099584726899,0.6674616080137034,0.9576166442560444,0.8058693974167082,0.5991137211212574,0.3733422501897441,0.0,0.4697178410932665,0.7436752428815218,1.6441219636244784,0.6517151992860487
SI,0.7993450839889514,0.809740876379322,0.6158403529236783,0.5093057208796474,0.6173986355927658,0.6420504930665812,0.5732439438886499,0.6434643060581734,0.7121877504087963,0.633685765230005,0.5786577177200659,0.7058451112834742,0.6134258806185651,0.3632313227401019,0.6011774440638306,0.8892170637253154,0.610372891366883,0.6418641111612569,1.0467785230652629,0.6813745007842813,0.706570425660049,0.6693699633837764,0.6849896191405932,1.0241738692805953,0.7156406087223139,0.7790827289174483,1.0024988330152331,0.7056371788398578,0.718023491285873,0.6064151091557035,1.014091689152651,0.5774630078700932,0.7102267073750306,0.7455466538608091,0.8252424536304012,0.6436788512547957,0.6933610302694608,0.6262083556591242,0.837120123021236,0.6595067668378367,0.4018806095525191,0.5026572881737983,0.4697178410932665,4.712160915387242e-08,0.6362995361243512,1.5827338197250242,0.5589332258531227
SK,0.5527879785209601,0.7049082072871523,0.3548583652296402,0.8141445393147717,0.3602146036869601,0.3758953156102512,0.5700358634614726,0.4277902349648227,0.468356726733349,0.1956171645054195,0.3678820771525785,0.4967239404207566,0.4074001309648452,0.6819014577717455,0.3873995026916055,0.8009941850059705,0.3852807878503203,0.4107444591336556,0.896985051038748,0.4249210031056147,0.4300813021347596,0.3446687141185639,0.431360868209108,0.7617880901407723,0.4655540083962738,0.5748801979897702,0.9030890728615854,0.4566971663670809,0.4433531569068882,0.3593664044012278,0.8642705271582382,0.3500878986153067,0.4796152141618121,0.5604649639928759,0.5802282226718185,0.4060647262227241,0.4329742138837407,0.3168279150522398,0.629111029948572,0.4216823083445254,0.7187484744419634,0.7422655606201936,0.7436752428815218,0.6362995361243512,9.424321830774485e-08,1.6821601580688956,0.3645111133319659
