ISO_CODE,AO,BF,BI,BJ,BW,CD,CF,CG,CI,CM,CV,DJ,DZ,EG,ER,ET,GA,GH,GM,GN,GQ,GW,KE,KM,LR,LS,LY,MA,MG,ML,MR,MU,MW,MZ,NA,NE,NG,RE,RW,SC,SL,SN,SO,SS,ST,SZ,TD,TG,TN,TZ,UG,YT,ZA,ZM,ZW
AO,1.1151007970493857e-07,0.788434051478247,0.4237872764456112,0.4829447494054545,0.8377850312112775,0.3876845062442871,0.376774964989331,0.3037690630109101,0.5743811358410946,0.615945534492657,0.4384202441311632,0.326196331042717,0.5914700102462466,0.7033743806218742,0.6059430034495397,0.4091711576250304,0.3795535189449497,0.7501874271906916,0.3256115278908049,0.4874130792857243,0.4633775278511539,0.4255658681150079,0.6993513181557783,0.450864602270172,0.3859202043969716,0.412055004888571,0.7847350084674386,0.6565307469307405,0.5165068493789887,0.4427535223863784,0.3110091867755716,0.7440809332021461,0.3534063929020643,0.373348393670334,0.5840920525796598,0.5241697417049106,0.6653157197282884,0.71940504515925,0.4683331759994396,0.6889534688211671,0.5696070286350353,0.5934706867601841,0.5079515097050991,0.6636257162001589,0.464276613170005,0.456106515569929,0.5370755466484921,0.4189864554054612,0.8173139141227129,0.7158088029687492,0.6927434804765619,0.4257901098491381,0.3704753869578193,0.638952562026629,0.5060288917620288
BF,0.788434051478247,1.1151007970493857e-07,0.7360276940917363,0.5327420658225085,0.8785786576162058,0.7046889843753029,0.7241171907095212,0.7477183165352671,0.5335354232634039,0.4743355103453817,0.7771113460495574,0.7648282168606563,0.7301587086015447,0.7317840231879416,1.0346208483953918,0.7603923465578073,0.6874502268374795,0.6351993977623733,0.7358454687866977,0.6134023823081778,0.9285651778727652,0.9098488442169892,0.631621746677403,0.902679936880346,0.7220766384524836,0.8010858292882717,0.777248777467036,0.7039672771526605,0.6856805063343915,0.6088702744784749,0.7154160922040617,0.815498115757773,0.6914230604663082,0.7958540309898205,0.7978551856944832,0.5930190309965725,0.6225345055500776,0.7959425799374192,0.6667355670874168,0.6130226720150337,0.7168507624863405,0.5045119850642504,0.6738204479954342,0.6660485519443228,0.8482291893827683,0.7428844976550495,0.8961055156864817,0.6704913677998376,0.8575348015083484,0.704555366108667,0.604291450434147,0.8351089651203658,0.7653778797058709,0.6459913037769073,0.6756613675223785
BI,0.4237872764456112,0.7360276940917363,1.659323085197813e-07,0.4307340403130636,0.7934342370194247,0.3931305410692264,0.3182279568530305,0.3731819012500584,0.4845503291084198,0.565506151962754,0.4076129606949576,0.3010846962637621,0.4634449552854541,0.6770751811751637,0.6700890174060736,0.3454778659878012,0.4428717803861324,0.6245670393194758,0.335354030818594,0.3356418021085893,0.5283060004292961,0.4859845814412329,0.6344983025570688,0.4671405958194156,0.2797047274927515,0.4513120442209299,0.7397171663745495,0.5910791005179994,0.4358744625715537,0.3025517584865366,0.3524645908182115,0.6978107678879104,0.3219469208104374,0.3933265229453401,0.5602465137665161,0.3588891829746266,0.5108048806222898,0.7291494946063735,0.4082479826939853,0.7062174295415132,0.4877488170858091,0.5518812375573044,0.3934450280587763,0.4444389542586384,0.5083396459010996,0.5354992132622507,0.5277719107926145,0.4589449869908761,0.7201882054180309,0.5593741472560217,0.5810749403338874,0.3960388625597125,0.2819769530823687,0.5108613624367492,0.4101805380512677
BJ,0.4829447494054545,0.5327420658225085,0.4307340403130636,4.214684851089404e-08,0.8850337993217554,0.422458404901664,0.3911434924880048,0.3794050181195513,0.4770271840775541,0.3176851006163423,0.5690035112429513,0.410013834157212,0.5962281531978162,0.7272196258039194,0.6373843580133645,0.422809037484868,0.4207411181894026,0.5967543923880864,0.3495163873811069,0.4316528641902591,0.5502836081198682,0.5080057193489221,0.6213903803963516,0.4917890595588484,0.4233199816960396,0.5241982056460841,0.800267968337831,0.6639539999097814,0.5597623393426583,0.3965354610947658,0.3721856034170609,0.8111641687789934,0.35865486760334,0.540397580206485,0.6981425187053122,0.3998804484620661,0.5354150315240662,0.6613067741272722,0.2623795202579935,0.5191245640051473,0.5523091348404666,0.3464869344222432,0.5032759555929059,0.5387318896526542,0.4535091485480554,0.3520216409393546,0.5300079919930734,0.2539378765241997,0.8659146863357945,0.5994595495940844,0.6100232738768873,0.5607807608147405,0.4498569729067842,0.5670376199326713,0.4760752636892654
BW,0.8377850312112772,0.8785786576162058,0.7934342370194245,0.8850337993217553,0.0,0.8157774419904097,0.8440449191908287,0.851086718447243,0.5900477851967194,0.7710497359437886,0.7561334959770996,0.8201959007770426,0.6394911198493514,0.5430564708054094,1.2615748102652515,0.8521763733627257,0.7342243438004928,0.6367537934841215,0.8319698476693785,0.6326759260480069,1.0878836776493728,1.086282498193076,0.5334668741966391,1.087341865226113,0.7522108123617489,0.6543591912234983,0.5966082402282216,0.5334242137935707,0.6995864800551992,0.6721067133715237,0.7928580888732356,0.5180320289669132,0.7942404191593679,0.6938385179622666,0.4744731309434625,0.6768243718525034,0.5609835859019863,1.0258114262065148,0.923924783139084,0.8158277410744899,0.5651360428972934,0.8960155641606571,0.6113879881398243,0.6305037731511735,1.101972479476374,0.9242678647676758,1.0994460549864529,0.9477689611924645,0.6550208158343478,0.6840840907263862,0.5392370309722104,0.8979807780475619,0.7358559877095564,0.5129950615272416,0.6542203272067121
CD,0.3876845062442871,0.7046889843753029,0.3931305410692264,0.422458404901664,0.8157774419904097,1.6049041769309353e-07,0.3307111301581755,0.2691224815738325,0.5080275669950581,0.5487910077812167,0.5197356174300195,0.3262823649488515,0.5893316632599102,0.6912699358646047,0.576910553026086,0.3845018964824457,0.3830275959353383,0.7160339942227559,0.2998438528175077,0.4364347549399787,0.4482308088847715,0.4145979096787987,0.6761772067057523,0.4238803472313755,0.3174063067826511,0.4043119658221555,0.8089407582096717,0.6426207519566368,0.4584899698526652,0.3780494148149699,0.3004621697526421,0.761691917649454,0.3325835181047284,0.4296065114733385,0.5993910282451966,0.460506840881987,0.6342968434341866,0.7089528282716825,0.4151723807373519,0.6786542408255564,0.504055049779537,0.5052792642167988,0.5103250700389393,0.6224884919422479,0.4700128595993592,0.4197349081589878,0.5028348719163749,0.3720735465995954,0.7785423045441795,0.6659376489219243,0.674188669178468,0.4272307228723816,0.3541959701263766,0.6137263409177952,0.4780043876134283
CF,0.376774964989331,0.7241171907095212,0.3182279568530305,0.3911434924880048,0.8440449191908287,0.3307111301581755,1.4292691717483756e-07,0.2484690667231883,0.5188749208135401,0.5476285092223351,0.4173687981224236,0.2212573618220513,0.4907594352169555,0.6922911090729147,0.5518331138887947,0.288769467710344,0.3745134326282907,0.7214707481926499,0.2254613077692636,0.42730687823914,0.4069667232119585,0.3655047065330852,0.6752767014231562,0.3441629780331671,0.2523333311876904,0.4163983014885016,0.7725444680876415,0.6321251690172536,0.4504096205275907,0.3881875600332043,0.2696809228496856,0.7417829424772879,0.3308094768349948,0.3784013405699026,0.6012883526888765,0.4740591284488514,0.6267614728042245,0.6728943729778175,0.3168377373314691,0.6314557181653216,0.4808898020357975,0.5188695971068573,0.4188190482951771,0.5824804181249157,0.379478675600246,0.4079563492361843,0.4702114897715933,0.3192075025642732,0.7613002808190115,0.6559504845510733,0.6737794918949083,0.3335942904131028,0.3306851724019921,0.6166062987513781,0.4727913236044784
CG,0.3037690630109101,0.7477183165352671,0.3731819012500584,0.3794050181195513,0.8510867184472432,0.2691224815738325,0.2484690667231883,0.0,0.5344560486858693,0.5470251963484262,0.4805069968440207,0.2159223456607169,0.5628173847233857,0.7108850058896469,0.4945442016123793,0.307215520110649,0.3025676175526139,0.7283812473594967,0.1728656338712322,0.4505379220853907,0.3494367367030941,0.3168269476678879,0.6818619861287494,0.3203750259814452,0.2960282204055282,0.3428440795426495,0.7996064408210658,0.6537153158092924,0.4848075682484374,0.3963770128068658,0.1955097232269955,0.7666571423175961,0.27264120930593,0.368961011387118,0.5894397589533379,0.4789846282072642,0.6408029320897556,0.6791749417435937,0.3437882620104178,0.6496775806048428,0.5228649549166651,0.5261181308910828,0.4791154659125546,0.6402148339584112,0.3752029276714652,0.3316440435496182,0.4458525559177231,0.2703518526935849,0.8306424639674387,0.6879478408985361,0.6908566316193322,0.3558651357980126,0.300476562899678,0.6300530135483362,0.4747330499166565
CI,0.5743811358410946,0.5335354232634039,0.4845503291084198,0.4770271840775541,0.5900477851967194,0.5080275669950581,0.5188749208135401,0.5344560486858693,9.8843121241194e-08,0.4555874530683509,0.5183103180397142,0.5250305237098712,0.4662774938483744,0.4982164447851084,0.9156774768357102,0.5623429825570478,0.4499094311500181,0.4841215046569655,0.5282955135659906,0.3705520792408913,0.7643359504759444,0.7449531656641102,0.4158837840381141,0.7446760063886908,0.4720132368744492,0.513148530568738,0.5450493308315586,0.4597492360436734,0.4805518329358524,0.3456490663260558,0.4817434139378958,0.541646604023675,0.48147401937865,0.48363828063397,0.4589076192419614,0.3786003632674283,0.4275096461987021,0.7303559605901863,0.5842950741016933,0.5659614271837045,0.4934455561531775,0.4981138032068735,0.4380937601313758,0.4884484758534111,0.7530735473820536,0.6260037493668221,0.7595223344783485,0.5844576622000197,0.6335646270334738,0.5233902303552433,0.4444501787996908,0.5989159361680361,0.4509202001116081,0.4052208514081165,0.4571941513600375
CM,0.615945534492657,0.4743355103453817,0.565506151962754,0.3176851006163423,0.7710497359437886,0.5487910077812167,0.5476285092223351,0.5470251963484262,0.4555874530683509,0.0,0.6414827969752115,0.5687933418300845,0.601690092715095,0.6657633488528758,0.8694413126378586,0.577351220865847,0.5092387299084584,0.511333513470344,0.5217405356619579,0.4487616229162701,0.7641207112516185,0.7345156925085268,0.5210898690463788,0.7220761808758771,0.5363010715332763,0.5956001315853129,0.7437242934432547,0.6100681199780401,0.638486382337831,0.4639148120440647,0.5293703399374875,0.7686481337185088,0.5170106805309961,0.6273026280639218,0.690442192190024,0.4356330159050919,0.4491087294524594,0.7368445187966763,0.4496453663807133,0.4883230698647739,0.5579410077840765,0.3995669521050747,0.5454952270976757,0.519506402002678,0.6724096595310993,0.5005853750986987,0.7354417283418667,0.4731612861805009,0.8442014316708402,0.5624206022146732,0.529604737303816,0.7196767730708927,0.5805750901980772,0.4900675575654679,0.5006064290420291
CV,0.4384202441311632,0.7771113460495574,0.4076129606949576,0.5690035112429513,0.7561334959770993,0.5197356174300195,0.4173687981224236,0.4805069968440207,0.5183103180397142,0.6414827969752115,0.0,0.3986816287593019,0.4390371529866667,0.6374665920263815,0.7928558445216625,0.4617093301745345,0.4876218363021844,0.7079657046417746,0.4521776691958903,0.4675918899915294,0.6512523538637942,0.6119489624219687,0.633346465403974,0.5955517391375121,0.3825065538667996,0.5298773459965591,0.6594157533649967,0.5767742013282464,0.475021054047882,0.4689837165321179,0.4425322865888102,0.6116636743541854,0.483740057921686,0.3998286017242302,0.5483561196664842,0.5444223002491244,0.6035936354852368,0.6694052576208079,0.5369028541047283,0.6545028367853026,0.539810388353629,0.6400729282976871,0.4297730485469278,0.58793318371988,0.5987288455107886,0.6237620324391658,0.6798148918821265,0.5663889102161694,0.6540579580111257,0.6703763797756251,0.6498876132426311,0.4395399709992814,0.4192133107402555,0.5873395245577896,0.5257523112741788
DJ,0.326196331042717,0.7648282168606563,0.3010846962637621,0.410013834157212,0.8201959007770429,0.3262823649488515,0.2212573618220513,0.2159223456607169,0.5250305237098712,0.5687933418300845,0.3986816287593019,4.712160915387242e-08,0.4807061159695722,0.6762600871088508,0.554856973784912,0.2661131954645584,0.3379683851453054,0.7225999705355779,0.1921924266808072,0.4175926725231956,0.3994750321722072,0.3645050375608386,0.6706447047584663,0.3393005819957965,0.2225588636089972,0.374421121827117,0.7523843614969786,0.6101165031029944,0.4668472527796123,0.3893757171154591,0.2203789637860254,0.7073916028194926,0.2942244964271832,0.3523749881429,0.5586679471823787,0.4680194509796211,0.6118705770319011,0.6617123233822163,0.342956684778669,0.6295119580956494,0.5073087620487516,0.5433679220602886,0.3882817960158257,0.5930106445953517,0.394898610882374,0.415399881045772,0.4717864734281722,0.3275069642802853,0.7586422820768013,0.6758265514644352,0.6785994386200945,0.3011929712616602,0.2724412210209403,0.6047370003576374,0.4538530777575265
DZ,0.5914700102462466,0.7301587086015447,0.4634449552854541,0.5962281531978162,0.6394911198493514,0.5893316632599102,0.4907594352169555,0.5628173847233857,0.4662774938483744,0.601690092715095,0.4390371529866667,0.4807061159695722,4.214684851089404e-08,0.4837739106724026,0.9462400658404364,0.5548152440617188,0.4683293804802856,0.635763686634645,0.5356634905599875,0.4142647118077948,0.7811782070880643,0.7612908666337043,0.5509648408244818,0.734336643824726,0.3992972389606918,0.5850338571449286,0.4885266769551931,0.3542337834371999,0.5264210727860302,0.4738958135511613,0.503385241858184,0.4926504520382799,0.5572929485608523,0.4684874714929198,0.4882913169444191,0.5007180188064478,0.5109521302522584,0.7294256050535725,0.6030093965622729,0.630043443584041,0.5224728077684132,0.659093810048111,0.3477301961591811,0.5180230668739092,0.7437367442062525,0.7190126047203742,0.8000103443086519,0.6262531940278877,0.5033608399660577,0.5967623679040214,0.5474288897915672,0.552617161510339,0.4886737799109066,0.4906169957913359,0.5217894498213316
EG,0.7033743806218742,0.7317840231879416,0.6770751811751636,0.7272196258039194,0.5430564708054094,0.6912699358646047,0.6922911090729147,0.7108850058896469,0.4982164447851084,0.6657633488528758,0.6374665920263812,0.6762600871088509,0.4837739106724026,1.1920928955078125e-07,1.1122771544080228,0.7326724771395544,0.564829406049536,0.6410089455875827,0.7004165844132155,0.535299083910337,0.9401214232322804,0.9362989117942796,0.5345324074384927,0.9342428624438104,0.6112926291657471,0.6578862503402342,0.4314476991092622,0.3862770236020446,0.6319690751743331,0.5741796621239598,0.6377946093613119,0.4814815157926487,0.6712886609233288,0.6141271722708443,0.4966939612983159,0.5833829453559534,0.5635019566492906,0.8428553590435314,0.7888167992692838,0.6817841953300378,0.6137235702096969,0.7289444588397009,0.5181362822442863,0.6331069798984507,0.9350654675303384,0.8253309919580801,0.9559024378825558,0.7759397012540797,0.5701571125700846,0.6770534021511971,0.5377401909059114,0.7498409596565445,0.6265356747139185,0.5238427462843543,0.6192227082614491
ER,0.6059430034495397,1.0346208483953918,0.6700890174060735,0.6373843580133645,1.2615748102652515,0.576910553026086,0.5518331138887946,0.4945442016123791,0.91567747683571,0.8694413126378586,0.7928558445216625,0.554856973784912,0.9462400658404362,1.1122771544080228,3.9424766765007245e-08,0.5505454884858727,0.7048022385302268,1.0696245400851083,0.5004142786616093,0.8417289698276987,0.3242526432721396,0.2750778628502546,1.0599234060199814,0.2851528292408399,0.6570226004913067,0.6886567133565792,1.1859536502576769,1.0779978105071284,0.7724671316230066,0.768338376975374,0.560458500925917,1.1634357149259045,0.5793209400436165,0.7215006425869683,0.9896649193713614,0.842806393024859,1.0172136707503625,0.8785051173501957,0.5449182177407342,0.9280462143639036,0.849095611802089,0.7780666059911334,0.8533387716833637,0.965751315737404,0.38298789595935,0.503142015050693,0.4707511984043362,0.4899133139157131,1.189716511081669,1.0021360676598876,1.0612789878207485,0.590158195607101,0.6440165650075672,1.0174187839652482,0.8012219601331436
ET,0.4091711576250304,0.7603923465578073,0.3454778659878012,0.422809037484868,0.8521763733627259,0.3845018964824457,0.288769467710344,0.307215520110649,0.5623429825570478,0.577351220865847,0.4617093301745345,0.2661131954645584,0.5548152440617188,0.7326724771395544,0.5505454884858728,1.7120130796843852e-07,0.4382795601765954,0.7223093702867908,0.2651310076709208,0.475941728091405,0.4376051565567515,0.4122306899420998,0.6989834284593711,0.3720859468138313,0.3394110178896006,0.4330684171169677,0.8104973273087138,0.6937554776269388,0.4415846504431731,0.4312277528808407,0.3330664053426521,0.7863139928843236,0.2839822867057939,0.419306613966166,0.6436444214334142,0.5177053438973788,0.6252683675243889,0.662553191165624,0.3226928324335421,0.6605109271673227,0.474173854383706,0.5530852483507953,0.4232800307293012,0.564713637945127,0.4208562078320183,0.4166676865693677,0.4699418852634964,0.3617448031997292,0.8048675149538126,0.6748356908734848,0.6628009583111869,0.3875627110340346,0.3496844713860911,0.6187843176049252,0.4455651154603281
GA,0.3795535189449497,0.6874502268374795,0.4428717803861324,0.4207411181894026,0.7342243438004928,0.3830275959353383,0.3745134326282907,0.3025676175526139,0.4499094311500181,0.5092387299084584,0.4876218363021844,0.3379683851453054,0.4683293804802856,0.564829406049536,0.7048022385302269,0.4382795601765954,1.0536712127723508e-07,0.6520341375817973,0.3233117701103695,0.4140211770318619,0.5332098615585416,0.5326238605349377,0.5760151229742096,0.537409594166145,0.3456517185530519,0.395990907184766,0.6464878436008742,0.4945465886297294,0.5199775002609031,0.3958503587070875,0.2656812977154333,0.6315373945384359,0.3382186947121924,0.3703446921201869,0.492971335585787,0.433741133708374,0.5629712978420628,0.6869598599858715,0.4687859905893236,0.5671374485143351,0.5281432943990428,0.5410439269954965,0.4353613143692889,0.6058777445541967,0.5587596760745851,0.4573621327202226,0.6024421020299957,0.3891440049472265,0.731252307725359,0.6342418960967326,0.5916674589982335,0.4586080045852688,0.3563269596543681,0.5346514951548209,0.4501494717038434
GH,0.7501874271906916,0.6351993977623733,0.6245670393194758,0.5967543923880866,0.6367537934841215,0.7160339942227559,0.7214707481926499,0.7283812473594967,0.4841215046569655,0.511333513470344,0.7079657046417746,0.7225999705355779,0.635763686634645,0.6410089455875827,1.0696245400851083,0.7223093702867908,0.6520341375817973,1.6049041769309353e-07,0.6892702595379031,0.5057508317967262,0.9374661744682672,0.9257280140449656,0.4329785214336049,0.9180117338666136,0.6787390165213291,0.6425173245780355,0.6894754822226098,0.5993186684402706,0.6242343012408962,0.4800249868474429,0.6825139941639438,0.6947861507390459,0.5943327992573565,0.6927494523142724,0.6259591211664175,0.4359238860477455,0.345606605676214,0.8980006476958384,0.702478722685883,0.7017601258150148,0.552206821830809,0.6018375049630037,0.5934323032811526,0.38206280254924,0.9150515640028104,0.7526861781322619,0.867970637891166,0.7576040117637933,0.7890113674838746,0.3828610999763414,0.3508569177545983,0.8200596071094234,0.6277475250348774,0.336484501579355,0.467471331222374
GM,0.3256115278908049,0.7358454687866977,0.335354030818594,0.3495163873811069,0.8319698476693785,0.2998438528175077,0.2254613077692636,0.1728656338712322,0.5282955135659906,0.5217405356619579,0.4521776691958903,0.1921924266808072,0.5356634905599875,0.7004165844132155,0.5004142786616094,0.2651310076709208,0.3233117701103695,0.6892702595379031,0.0,0.4220277946605551,0.3653907823682317,0.3273712309479611,0.6584993515396841,0.315401160176739,0.2650602502133228,0.3398132733077016,0.7838821557964827,0.6480227337432639,0.4644395255632131,0.3839463362995923,0.1879467947280204,0.7623517518791653,0.2498592848358939,0.3678822354031101,0.5879940191854514,0.4559041050692751,0.6033812757155375,0.6806885616626658,0.2777933579166194,0.6190785505177628,0.4591453294851245,0.503561971131491,0.4258875024870791,0.5779375646559334,0.3637069865880824,0.3142072268001767,0.4406171319838595,0.2541926616568605,0.8180441812571505,0.6418184331954342,0.6546307619796474,0.363010089844777,0.2958579030676159,0.5971406324342875,0.4324198993537796
GN,0.4874130792857243,0.6134023823081778,0.3356418021085893,0.4316528641902591,0.6326759260480069,0.4364347549399787,0.42730687823914,0.4505379220853907,0.3705520792408913,0.4487616229162701,0.4675918899915294,0.4175926725231956,0.4142647118077948,0.535299083910337,0.8417289698276988,0.475941728091405,0.4140211770318619,0.5057508317967262,0.4220277946605551,7.884953353001449e-08,0.6852378636352671,0.6536579210593204,0.4598641177495355,0.6511733057959488,0.3489223442976216,0.4518938928625389,0.6135089649644314,0.4505506139333246,0.4640151349648647,0.2464693242051937,0.3994552711391148,0.5828217283110729,0.4013769547572181,0.4343101902313994,0.4596669208735766,0.2535179210030158,0.3779187623393272,0.7653334854547588,0.4897875509280682,0.6319311599883835,0.4356753528880908,0.4854987628824832,0.3552716415346102,0.388203148456188,0.65872979790851,0.5847451390784965,0.6742735340504308,0.5153704358648639,0.6464874785503316,0.4844092772754479,0.4499063740788546,0.5387129290430297,0.378417702742904,0.3736597041439403,0.3702883690086523
GQ,0.4633775278511539,0.9285651778727652,0.5283060004292961,0.5502836081198682,1.0878836776493728,0.4482308088847715,0.4069667232119585,0.3494367367030941,0.7643359504759444,0.7641207112516185,0.6512523538637942,0.3994750321722072,0.7811782070880643,0.9401214232322804,0.3242526432721395,0.4376051565567515,0.5332098615585416,0.9374661744682672,0.3653907823682317,0.6852378636352671,0.0,0.2380858342780864,0.909372713558077,0.2529108450015498,0.5040774544449023,0.5358518291775803,1.0181128319902568,0.8983274622938877,0.6419672369673886,0.6137843801039568,0.4094703617182446,0.9802496661546688,0.4420658024116605,0.5602923553724131,0.8062457230735112,0.6933546532136168,0.8749272859901811,0.7982555026589313,0.4743314050645215,0.826548002939693,0.7142801902687197,0.6986461988657247,0.6916021291934066,0.830887811024916,0.3611605937553376,0.4425252218676408,0.4228554637713557,0.4119032026540337,1.017095892381792,0.8746086560452159,0.9082245410327242,0.4374514622207658,0.4816369023590193,0.8614811117158451,0.6516999796674249
GW,0.4255658681150079,0.9098488442169892,0.4859845814412329,0.5080057193489221,1.086282498193076,0.4145979096787987,0.3655047065330852,0.3168269476678879,0.7449531656641102,0.7345156925085268,0.6119489624219687,0.3645050375608386,0.7612908666337043,0.9362989117942796,0.2750778628502546,0.4122306899420998,0.5326238605349377,0.9257280140449656,0.3273712309479611,0.6536579210593204,0.2380858342780864,6.828569911354543e-08,0.9031133157223006,0.1661984944717395,0.4584633365373598,0.5265951540653063,1.0174756260819964,0.891274634323774,0.6280844550140051,0.5918838172126559,0.3785579491352476,0.9833962675633297,0.4272205970179007,0.5386407792248293,0.8068548835206482,0.6681421077217645,0.854766514894745,0.7844957922504324,0.4156883585048157,0.8041105803189758,0.6987666277013562,0.6547724246792407,0.6752617853670628,0.8145285627349698,0.2734069477194686,0.4086524354983794,0.3873715160154686,0.3575317743221522,1.0147645589703709,0.8555434457296158,0.9078135245268424,0.4243620424731654,0.4632999597654092,0.8509130422333275,0.6516333004087453
KE,0.6993513181557783,0.631621746677403,0.6344983025570688,0.6213903803963516,0.5334668741966391,0.6761772067057523,0.6752767014231562,0.6818619861287494,0.4158837840381141,0.5210898690463788,0.633346465403974,0.6706447047584663,0.5509648408244818,0.5345324074384927,1.0599234060199814,0.6989834284593711,0.5760151229742096,0.4329785214336049,0.6584993515396841,0.4598641177495355,0.909372713558077,0.9031133157223006,0.0,0.8961505058312418,0.62933537080683,0.5878971964401948,0.5663517237881386,0.5002473796344173,0.5997923869395948,0.4958469032704567,0.6306638023159443,0.5487508938646652,0.594341076132656,0.6138642705611682,0.4992482770510862,0.4972610577509641,0.4087220640127691,0.8366765663553608,0.7129356607466495,0.6014829828535335,0.5636436146651146,0.6486187729561301,0.5391558384335357,0.500685244595905,0.8993991341166506,0.7317739202223339,0.8993710619709567,0.7339310452537721,0.7007981120334816,0.5070576260758553,0.4026099285463705,0.7595226145818408,0.581906266460064,0.3672464835309788,0.5136748508240023
KM,0.450864602270172,0.902679936880346,0.4671405958194156,0.4917890595588484,1.087341865226113,0.4238803472313755,0.3441629780331671,0.3203750259814452,0.7446760063886908,0.7220761808758771,0.5955517391375121,0.3393005819957965,0.734336643824726,0.9342428624438104,0.2851528292408401,0.3720859468138313,0.537409594166145,0.9180117338666136,0.315401160176739,0.6511733057959488,0.2529108450015498,0.1661984944717395,0.8961505058312418,9.8843121241194e-08,0.4433581365844496,0.5414961107796196,1.008572183749351,0.8840616987090786,0.6161973161987028,0.5908172036942927,0.3856240735952507,0.9758937517777015,0.4251319405299495,0.5421808724946391,0.8165153898303377,0.6702641271195364,0.8436228347084848,0.7465180504102309,0.3787262638393252,0.7884157367371635,0.687819159006326,0.6479517981718685,0.6491797781028108,0.7916519216283511,0.2527995820595608,0.4075140804256412,0.3898077758230899,0.3423604456800564,1.0014113715076731,0.8489773753553427,0.9007837441426604,0.4067896011446217,0.4577795510040213,0.8442000282685028,0.6448676519259098
LR,0.3859202043969716,0.7220766384524836,0.2797047274927515,0.4233199816960396,0.7522108123617489,0.3174063067826511,0.2523333311876904,0.2960282204055282,0.4720132368744492,0.5363010715332763,0.3825065538667996,0.2225588636089972,0.3992972389606918,0.6112926291657471,0.6570226004913067,0.3394110178896006,0.3456517185530519,0.6787390165213291,0.2650602502133228,0.3489223442976216,0.5040774544449023,0.4584633365373598,0.62933537080683,0.4433581365844496,1.2818463544611077e-07,0.4047233322894216,0.6879905976575366,0.5249400832850608,0.4502023256904779,0.3607981962506855,0.2745415502740362,0.6603928462909545,0.3514192680788839,0.3507080531296148,0.5171751507049113,0.4126128912398519,0.5529627241652,0.7088188501912214,0.3752861196926821,0.6274869754915151,0.4539121365033967,0.5359357160397484,0.3500577987216043,0.5433375164629538,0.4763966926563492,0.4801836763770647,0.5535063856494028,0.3799522389066834,0.6789103341280649,0.6220569662803922,0.6255375903535563,0.3730001755126793,0.3058179491006629,0.5470261743461675,0.4448198582527233
LS,0.412055004888571,0.8010858292882717,0.4513120442209299,0.5241982056460841,0.6543591912234981,0.4043119658221555,0.4163983014885016,0.3428440795426495,0.513148530568738,0.5956001315853129,0.5298773459965591,0.374421121827117,0.5850338571449286,0.6578862503402343,0.6886567133565793,0.4330684171169677,0.395990907184766,0.6425173245780355,0.3398132733077016,0.4518938928625389,0.5358518291775803,0.5265951540653063,0.587897196440195,0.5414961107796196,0.4047233322894216,7.884953353001449e-08,0.7519425165579592,0.6315712214708036,0.4827473117424077,0.4030400436890871,0.3336347166955549,0.7082862257294243,0.3455945128371818,0.3631364178490176,0.4533602105827791,0.4680539900811937,0.572740583713817,0.8329448976228683,0.495990199635917,0.6958953944078398,0.4152673513107182,0.6479050071403888,0.4720944469493768,0.5734305730120325,0.5983396756943463,0.4297277505613239,0.6079080829388873,0.4900727341986036,0.8144593157529948,0.6183787303344866,0.6145738867659695,0.4887961952917828,0.3399576450443892,0.539477321980495,0.4148596555323847
LY,0.7847350084674384,0.777248777467036,0.7397171663745498,0.8002679683378312,0.5966082402282216,0.8089407582096717,0.7725444680876415,0.7996064408210659,0.5450493308315586,0.7437242934432547,0.6594157533649969,0.7523843614969785,0.4885266769551931,0.4314476991092622,1.1859536502576769,0.8104973273087139,0.6464878436008742,0.6894754822226098,0.7838821557964827,0.6135089649644314,1.0181128319902568,1.0174756260819964,0.5663517237881386,1.008572183749351,0.6879905976575366,0.7519425165579594,0.0,0.4323032258170591,0.6716487771999021,0.6637197397765305,0.7103700179115062,0.4594494535619763,0.7615673472971936,0.6726049406071807,0.53399392139607,0.6626215368933248,0.6233903738829454,0.8744487905639122,0.8686523138517168,0.6945689109017296,0.6916577765697767,0.8172355630199928,0.5638358002409368,0.6867537477276182,1.0073656104930648,0.9143879255636383,1.034300190934481,0.861919273362176,0.5600231650418757,0.7252808603083716,0.575876922303147,0.8089570150484078,0.7082475830087521,0.5763631634079759,0.6890538887388863
MA,0.6565307469307408,0.7039672771526605,0.5910791005179996,0.6639539999097815,0.5334242137935707,0.6426207519566368,0.6321251690172536,0.6537153158092922,0.4597492360436734,0.6100681199780401,0.5767742013282465,0.6101165031029941,0.3542337834371999,0.3862770236020446,1.0779978105071284,0.6937554776269388,0.4945465886297294,0.5993186684402706,0.6480227337432639,0.4505506139333246,0.8983274622938877,0.891274634323774,0.5002473796344173,0.8840616987090786,0.5249400832850608,0.6315712214708035,0.4323032258170591,1.519626234052415e-07,0.6108642660285769,0.514062664131522,0.585515244408716,0.4506681320261905,0.6259546537336559,0.5599852368359578,0.4621053936976792,0.5069126307756731,0.485962674620546,0.8155894263294374,0.7323719318578502,0.6528207289359101,0.5808800728223468,0.6859018723649042,0.4479826000217757,0.5636082929094817,0.8857691879565274,0.7951893381732618,0.9133031061058696,0.7210832651386971,0.4863734440022139,0.6096754139621652,0.4767059818414044,0.7003794822829892,0.5757995365957085,0.4415165026818293,0.5542648143110628
MG,0.5165068493789887,0.6856805063343915,0.4358744625715537,0.5597623393426583,0.6995864800551994,0.4584899698526652,0.4504096205275907,0.4848075682484374,0.4805518329358524,0.638486382337831,0.475021054047882,0.4668472527796123,0.5264210727860302,0.631969075174333,0.7724671316230067,0.4415846504431731,0.5199775002609031,0.6242343012408962,0.4644395255632131,0.4640151349648647,0.6419672369673886,0.6280844550140051,0.599792386939595,0.6161973161987028,0.4502023256904779,0.4827473117424077,0.6716487771999019,0.6108642660285767,7.884953353001449e-08,0.4067196902171183,0.470732339721566,0.6231580380469844,0.4338020677641156,0.4578332848090537,0.5365585409661805,0.5068899452911523,0.5845429940249668,0.6772222677730382,0.5486499189561381,0.6823011876123314,0.4039099571546384,0.597763441151076,0.4450452621443542,0.5026349755313326,0.6512572044596415,0.6199583289313016,0.6683970696181984,0.581152787051112,0.6176148302971032,0.6016554717722967,0.5469502816480859,0.4738564767948152,0.437874094847361,0.5420708538323854,0.4517262469343095
ML,0.4427535223863784,0.6088702744784749,0.3025517584865366,0.3965354610947658,0.672106713371524,0.3780494148149699,0.3881875600332043,0.3963770128068658,0.3456490663260558,0.4639148120440647,0.4689837165321179,0.3893757171154591,0.4738958135511613,0.5741796621239595,0.7683383769753741,0.4312277528808407,0.3958503587070875,0.4800249868474427,0.3839463362995923,0.2464693242051937,0.6137843801039568,0.5918838172126559,0.4958469032704569,0.5908172036942927,0.3607981962506855,0.4030400436890871,0.6637197397765306,0.5140626641315218,0.4067196902171183,0.0,0.3649113987533101,0.6137325547264728,0.3122406848975924,0.3997969993773891,0.4636958426135117,0.2122623865321189,0.3959473884877365,0.744974663332851,0.4680848883705878,0.6542755125173949,0.4320935677530128,0.4677899946421477,0.4028581736205119,0.3885800019471933,0.6193650432721562,0.5399394704756088,0.6005415783829506,0.4913951218286571,0.680191225483867,0.462490178018748,0.4492399686144895,0.4890520472137296,0.3179140903855629,0.3679335846642201,0.3240360050445263
MR,0.3110091867755716,0.7154160922040617,0.3524645908182115,0.3721856034170609,0.7928580888732356,0.3004621697526421,0.2696809228496856,0.1955097232269955,0.4817434139378958,0.5293703399374875,0.4425322865888102,0.2203789637860254,0.503385241858184,0.6377946093613119,0.5604585009259171,0.3330664053426521,0.2656812977154333,0.6825139941639438,0.1879467947280204,0.3994552711391148,0.4094703617182446,0.3785579491352476,0.6306638023159443,0.3856240735952507,0.2745415502740362,0.3336347166955549,0.7103700179115062,0.585515244408716,0.470732339721566,0.3649113987533101,7.884953353001449e-08,0.7032319033438819,0.271128904158652,0.3403011579327836,0.5243255666463256,0.4302244856219423,0.5881658379611926,0.6937246016761097,0.3703599875848468,0.5908520771729684,0.4950636553648299,0.514585049776963,0.4204986366484658,0.5980805176400866,0.4334013811791508,0.3673186997073666,0.4913964680617573,0.2959589342908688,0.7866265388825785,0.6439665906096714,0.6366121262915324,0.3777987263504778,0.2771546896417547,0.5741589845466002,0.4385351806702569
MU,0.744080933202146,0.815498115757773,0.6978107678879105,0.8111641687789936,0.5180320289669132,0.761691917649454,0.7417829424772879,0.7666571423175962,0.541646604023675,0.7686481337185088,0.6116636743541856,0.7073916028194924,0.4926504520382799,0.4814815157926487,1.1634357149259045,0.7863139928843237,0.6315373945384359,0.6947861507390459,0.7623517518791653,0.5828217283110729,0.9802496661546688,0.9833962675633297,0.5487508938646652,0.9758937517777015,0.6603928462909545,0.7082862257294245,0.4594494535619763,0.4506681320261905,0.6231580380469843,0.6137325547264726,0.7032319033438819,2.1696418193818685e-07,0.7317605788344458,0.6184639446304783,0.4327772710818388,0.642782634205356,0.594453773237545,0.805445592399199,0.8663734979641919,0.7169190986164939,0.6769924745384059,0.8123302933675121,0.5441393310357326,0.6707148589026488,0.9859946726901526,0.9143036508617024,1.0029794343731262,0.8662027984833677,0.491543864004146,0.7306958969326747,0.5934947110850999,0.729036540047233,0.6310293597252185,0.5669235351125753,0.6596548253621711
MW,0.3534063929020643,0.6914230604663082,0.3219469208104374,0.35865486760334,0.794240419159368,0.3325835181047284,0.3308094768349948,0.27264120930593,0.48147401937865,0.5170106805309961,0.483740057921686,0.2942244964271832,0.5572929485608523,0.671288660923329,0.5793209400436165,0.2839822867057939,0.3382186947121924,0.5943327992573567,0.2498592848358939,0.4013769547572181,0.4420658024116605,0.4272205970179007,0.5943410761326562,0.4251319405299495,0.3514192680788839,0.3455945128371818,0.7615673472971937,0.6259546537336561,0.4338020677641156,0.3122406848975924,0.271128904158652,0.7317605788344457,0.0,0.3965584858312174,0.5534971572878844,0.3784306533268243,0.5351663465265274,0.6970477133484676,0.3711185873407103,0.6411301801667675,0.4764160350482685,0.4948463892697386,0.4457777861289639,0.5038943583593222,0.4733875123668289,0.3916920884712971,0.4670872651192816,0.3649300647610063,0.7957831661800067,0.5686012578888305,0.5630835429756569,0.4181420404750843,0.2767312227971557,0.506067121992123,0.3481335401119058
MZ,0.373348393670334,0.7958540309898205,0.3933265229453401,0.540397580206485,0.6938385179622664,0.4296065114733385,0.3784013405699026,0.368961011387118,0.48363828063397,0.6273026280639218,0.3998286017242302,0.3523749881429,0.4684874714929198,0.6141271722708446,0.7215006425869684,0.419306613966166,0.3703446921201869,0.6927494523142724,0.3678822354031101,0.4343101902313994,0.5602923553724131,0.5386407792248293,0.6138642705611682,0.5421808724946391,0.3507080531296148,0.3631364178490176,0.6726049406071809,0.5599852368359576,0.4578332848090537,0.3997969993773891,0.3403011579327836,0.6184639446304784,0.3965584858312174,1.210576058124894e-07,0.4382736516946686,0.4805306817492017,0.5860578721912597,0.7618716491823327,0.5250429273626142,0.6788529548714798,0.4836213374829713,0.6451003750488373,0.4234637606943654,0.5931862794685624,0.589192713368101,0.5358478504451932,0.6281306198904263,0.5078986150225095,0.7099938536086816,0.6456893685653073,0.6288078816925639,0.4259999650789617,0.3225635957504313,0.5557679627318295,0.4643692104569134
NA,0.5840920525796598,0.7978551856944832,0.5602465137665161,0.6981425187053122,0.4744731309434625,0.5993910282451966,0.6012883526888765,0.5894397589533379,0.4589076192419614,0.690442192190024,0.5483561196664842,0.5586679471823787,0.4882913169444191,0.4966939612983159,0.9896649193713616,0.6436444214334142,0.492971335585787,0.6259591211664175,0.5879940191854514,0.4596669208735766,0.8062457230735112,0.8068548835206482,0.4992482770510862,0.8165153898303377,0.5171751507049113,0.4533602105827791,0.53399392139607,0.4621053936976792,0.5365585409661805,0.4636958426135117,0.5243255666463256,0.4327772710818388,0.5534971572878844,0.4382736516946686,2.1283115233608637e-07,0.4933825045179,0.5204850316558687,0.9049177127998465,0.7402770130313455,0.7036697812336677,0.5516042117654003,0.7558200326456822,0.4749039114915915,0.6016847131042572,0.8553378512294827,0.7424262384563735,0.8504092459362952,0.7263458371198958,0.633439068944729,0.6266510388118772,0.5392213050854283,0.6204427829986724,0.4618604467485295,0.4476481580569251,0.5015581920119786
NE,0.5241697417049106,0.5930190309965725,0.3588891829746266,0.3998804484620661,0.6768243718525034,0.460506840881987,0.4740591284488514,0.4789846282072642,0.3786003632674283,0.4356330159050919,0.5444223002491244,0.4680194509796211,0.5007180188064478,0.5833829453559534,0.8428063930248592,0.5177053438973788,0.433741133708374,0.4359238860477455,0.4559041050692751,0.2535179210030158,0.6933546532136168,0.6681421077217645,0.4972610577509641,0.6702641271195364,0.4126128912398519,0.4680539900811937,0.6626215368933248,0.5069126307756731,0.5068899452911523,0.2122623865321189,0.4302244856219423,0.642782634205356,0.3784306533268243,0.4805306817492017,0.4933825045179,1.698993779866603e-07,0.3426404052671293,0.8159788234882671,0.506527635023367,0.6593673204195388,0.4909700822856608,0.481038976971724,0.4407106087137032,0.374238575872203,0.6826941648731779,0.5913725535603584,0.6620901178119125,0.5308812135497032,0.7160420147120038,0.4418041912875771,0.4380923748639384,0.5847795803094076,0.396176222706087,0.335496791850313,0.3439282167029522
NG,0.6653157197282884,0.6225345055500776,0.51080488062229,0.5354150315240664,0.5609835859019863,0.6342968434341866,0.6267614728042245,0.6408029320897556,0.4275096461987021,0.4491087294524594,0.6035936354852368,0.6118705770319011,0.5109521302522584,0.5635019566492906,1.0172136707503625,0.6252683675243889,0.5629712978420628,0.345606605676214,0.6033812757155375,0.3779187623393272,0.8749272859901811,0.854766514894745,0.4087220640127691,0.8436228347084848,0.5529627241652,0.572740583713817,0.6233903738829454,0.485962674620546,0.5845429940249668,0.3959473884877362,0.5881658379611926,0.594453773237545,0.5351663465265276,0.5860578721912597,0.5204850316558687,0.3426404052671293,0.0,0.8520037601169749,0.6293358360842083,0.6449991501381273,0.4983764058017863,0.5756253825768769,0.4732772563452596,0.3487874535792349,0.8412741214606915,0.6954637689946649,0.8337615231356394,0.676904353061426,0.7126975063353086,0.4282899730446717,0.3551397945325166,0.7350974781819476,0.5304547963742753,0.2772130294600103,0.4215647438915274
RE,0.71940504515925,0.7959425799374192,0.7291494946063735,0.6613067741272722,1.0258114262065148,0.7089528282716825,0.6728943729778175,0.6791749417435937,0.7303559605901863,0.7368445187966763,0.6694052576208079,0.6617123233822163,0.7294256050535725,0.8428553590435314,0.8785051173501958,0.662553191165624,0.6869598599858715,0.8980006476958384,0.6806885616626658,0.7653334854547588,0.7982555026589313,0.7844957922504324,0.8366765663553608,0.7465180504102309,0.7088188501912214,0.8329448976228683,0.8744487905639122,0.8155894263294374,0.6772222677730382,0.744974663332851,0.6937246016761097,0.805445592399199,0.6970477133484676,0.7618716491823327,0.9049177127998465,0.8159788234882671,0.8520037601169749,0.0,0.6526916361695416,0.6885650112247208,0.7866973903315743,0.6920442672514231,0.7055057019367467,0.811776496842808,0.7133381402833175,0.7312365500161153,0.8060425437614979,0.6646853129924497,0.8286364663231787,0.90597326657947,0.8551551835092098,0.6349502106194205,0.6989788428832009,0.8669596754418789,0.7841176158186286
