ISO_CODE,AG,AI,AR,AW,BB,BM,BO,BQ,BR,BS,BZ,CA,CL,CO,CR,CW,DM,DO,EC,GD,GF,GL,GP,GT,GY,HN,HT,JM,KN,KY,LC,MQ,MS,MX,NI,PA,PE,PM,PR,PY,SR,SV,SX,TC,TT,US,UY,VC,VE,VG,VI
AG,0.0,1.7695817700859156,1.3851405477263692,1.37767277294025,1.0098767978244154,1.415160486214324,1.3480087272018118,2.3748756720539834,1.485481770007905,0.9332669453296956,1.0639506135491716,1.17718780202287,1.3740216259230582,1.3518577726252967,1.7512504685944228,1.242868485832151,1.4052938557949664,1.3238790022186724,1.3838512852080669,1.0327775367829202,1.1938212001758186,1.6142459984409954,1.2166042922371934,1.3989831833726407,0.9809730071488711,1.3540767320233482,1.4312264320876944,1.0029227134704934,1.584183451126666,1.1864928910756771,0.983405715602398,1.277802845350977,5.632061932809822,1.4122768058887636,1.379532523530607,1.2285172153973425,1.308739742921348,5.933606964134062,2.186411347012967,1.571858425176398,1.210297504275541,1.3570287985716705,1.357757802187979,1.678628579893812,1.1448684688893245,1.157113668342822,1.404992718351693,0.9777369975097336,1.359651717847437,2.2334522692999514,1.615712166169556
AI,1.7695817700859156,6.717102330675509e-07,2.013506970967037,1.899571670623466,1.855309442611464,1.8924580332072,1.9917301449139528,2.5034352226293626,2.103450405072425,1.8138030885511656,1.84658007647316,1.885751494752064,2.003804283286244,2.04922334093412,2.2185456600070106,1.9112499446792324,1.9658109843760263,2.003301676663612,2.013961658074461,1.8302942993604436,1.8563124203825692,2.037936734133927,1.8576196544477623,2.0643587885771386,1.8518539082184453,2.042010715475496,2.1510802029364013,1.9156778150544076,2.083760518062079,1.802468753872697,1.8486890756839456,1.9007448009006545,5.769631080013753,2.0287812944815014,2.040972753976937,1.9820715560545736,1.99340250171856,5.859634343383622,2.4940203767868026,2.1257097301780394,1.9144290072743884,2.010004889546656,1.7968239371182548,2.076921312796768,1.8842708559664791,1.856129273402243,2.026166239569355,1.811934960880492,2.06985109565056,2.3974376272033298,1.9629473211040325
AR,1.3851405477263692,2.013506970967037,0.0,1.435464520719441,1.3169677510440252,1.643188459092035,0.7467349479336142,2.469416915098332,1.0921347675478097,1.2013742970615564,1.0713806208010872,1.1316661939736858,0.8241136844433425,0.9838993020881234,1.2853725818714865,1.276970776526886,1.7758799910237244,1.0096988126481046,0.8542488123239602,1.5009361653727469,1.2308725522263737,1.704436437189024,1.2585906938936977,0.9975651743256388,1.19876071950798,0.9933203513366394,1.3941337335860762,1.3318612135325734,1.9143186089341628,1.4266585974020631,1.4405811389959806,1.3491463195228242,5.899986760216894,0.8189682089113193,0.9946903345087064,0.99257262855588,0.8153926722233342,5.919915162044781,1.903229767133087,0.8753103777492479,1.2108436300608634,0.8500016638019378,1.7179254937066766,1.9140357083139548,1.3871229816804247,1.1753622398544952,0.6811919079203634,1.4404440768084372,1.0722143109361215,2.553910583558217,1.9473661908442
AW,1.37767277294025,1.899571670623466,1.435464520719441,0.0,1.4247039645996613,1.5350110198472704,1.429566095713907,2.2391288696958003,1.5976404963809638,1.3441033519707812,1.2893844275713175,1.4223039293413808,1.446136197667342,1.588241384930619,1.5786043149355735,1.174323475304377,1.7730930872331216,1.491959480866679,1.4710492792203802,1.5345848881617674,1.5015632575905646,1.6367096989901375,1.4951647772363823,1.5555853563220077,1.422740104885977,1.5589596066907834,1.8341524917152348,1.5649310392932327,1.7106280291045517,1.3882356673176752,1.5130604292325962,1.5383809125450385,5.687997250072898,1.4120996097736074,1.522475464038768,1.5316438240777075,1.4811618814971197,5.794635958235484,1.861579875689068,1.516372784191563,1.3125916342676374,1.429257436933665,1.492498960651464,1.9016883708249608,1.3355909657994225,1.361477966827857,1.411709015224357,1.51451494149097,1.6334258877573509,2.316070427738244,1.6887998002318934
BB,1.0098767978244154,1.855309442611464,1.3169677510440252,1.4247039645996613,6.251387883246848e-07,1.312417659823881,1.2869013878706344,2.3883658865523696,1.410015808703103,0.8639619426161709,0.8117859767338091,1.064763012875462,1.301592034014868,1.099179327735808,1.6642888505483455,1.089041573483707,1.3069775542074704,1.0522769629580626,1.3368639162852989,1.0971057893333915,1.1401565411598011,1.657919978357766,1.1463042057399848,1.335402834383073,0.9098793741988828,1.2833115934416603,1.3464588673969646,0.9907396691442458,1.7128341014871264,1.2164748843593476,1.073572804305705,1.2240553429873688,5.743595251311259,1.3862912233997235,1.3362507334267035,1.1170279092266773,1.2273742295325352,5.947224272020329,2.215106896397553,1.5367381097012,1.1444828050151712,1.3125550530301469,1.4749661940062089,1.7111052868188308,1.1157002610106903,1.0899194767886324,1.360244953318784,1.0391577917951011,1.257760699293345,2.370251905009962,1.7429349443628326
BM,1.415160486214324,1.8924580332072,1.643188459092035,1.5350110198472704,1.312417659823881,7.44461774635124e-07,1.638603826519593,2.3754404381464926,1.7095157072103877,1.3715207390061055,1.3371571929088155,1.3681170362951178,1.6155991015413935,1.6019965356633228,1.847042484535604,1.4273215506317536,1.6363240826753238,1.5482077287005125,1.6813579045384413,1.4776043072140084,1.549722342479862,1.6880185880055518,1.5618506071299236,1.7018523962037704,1.4306544924539888,1.67639931555588,1.8009705073081836,1.5532452311629772,1.7899457453185554,1.3648160791457011,1.4900373859477998,1.622032631719461,5.7811330700926815,1.6763101472326198,1.717203154322075,1.5711678710119867,1.627863259828181,5.909638429774578,2.2699629446505747,1.805707569718475,1.5352927905948135,1.6657847502394625,1.6142024832332298,1.8862538647821885,1.461580928517095,1.3691646102045492,1.6354979722524985,1.497478117901621,1.722101411520746,2.3442566822062463,1.7377595609045708
BO,1.3480087272018118,1.9917301449139528,0.7467349479336142,1.429566095713907,1.2869013878706344,1.638603826519593,0.0,2.451691011587409,1.1231464624983931,1.1410427560977436,1.007600913255188,1.1118229055413802,0.8593700966296255,0.8381379434121962,1.3152599365717774,1.287824814213529,1.7269111436320552,0.8972383292921052,0.6727158673529697,1.4519784712680943,1.1428198676511232,1.7072656543861422,1.2066999846583115,0.7882035953304315,1.1121971224605136,0.7691921081370717,1.2430749775240035,1.2633044739999664,1.901133060666714,1.4003922773574915,1.376633686752777,1.290707819350693,5.911445507962911,0.7624075777830768,0.758324084597455,0.8126649760979802,0.6473689079757123,5.935833596876172,1.9326617410381008,0.874101313864497,1.213713427756434,0.6322889002248787,1.7027448540679724,1.7990570180641443,1.4088245256263467,1.1592771499017274,0.8435363254052741,1.383107832340951,0.8223467212810965,2.5298973891559107,1.9445567048468348
BQ,2.3748756720539834,2.5034352226293626,2.469416915098332,2.2391288696958003,2.3883658865523696,2.3754404381464926,2.451691011587409,1.884864366154897e-07,2.5361984819325496,2.4138604005675632,2.334590799525494,2.4714890409508827,2.4790004161628425,2.505904417316131,2.524250500579216,2.2523042488355283,2.483327366201583,2.447686243841192,2.4818300954477777,2.459811561088635,2.4889483460021102,2.504747830270627,2.526183826685297,2.546563167586583,2.455527413887696,2.530723521384161,2.740255867113711,2.546246553167485,2.4969236763784326,2.362037089890887,2.471136689317213,2.5575000466451323,5.894733958790175,2.435711818703232,2.5126785285160973,2.536080605681079,2.477201646853195,6.029689286638719,2.7072492671471267,2.5057467627908987,2.392120972863572,2.464335557474622,2.334734425208677,2.596144859985444,2.398457495424538,2.386156298866258,2.46162204611937,2.456815580645224,2.572095446322364,2.7685498806065065,2.4169096599014988
BR,1.485481770007905,2.103450405072425,1.0921347675478097,1.5976404963809638,1.410015808703103,1.7095157072103877,1.1231464624983931,2.5361984819325496,1.97686242482388e-07,1.2784039653216273,1.250088106860714,1.2210562648426797,1.157734635789592,1.2292113817454229,1.5704543278936929,1.4010813261726207,1.848788964802328,1.256494940558997,1.2080314402959789,1.5721703389172836,1.2619405807724542,1.7647883153943411,1.3430160380847451,1.2694805018601552,1.2784312254457544,1.2634270439276165,1.4797968292981298,1.416149263647142,1.995095858295405,1.5237623737847958,1.5113096154231835,1.414006736106939,5.924757671432496,1.1651603208438055,1.2631303765846302,1.1861379451014638,1.133566613853684,5.910002492024162,2.122369910449403,1.2531278542883664,1.3185315093492924,1.1729531574289065,1.819708994197604,1.9921824250412532,1.482015604824252,1.2703755904949847,1.1541422031270705,1.5325565298870416,1.2629628680599574,2.625039937168496,2.035098682689311
BS,0.9332669453296956,1.8138030885511656,1.2013742970615564,1.3441033519707812,0.8639619426161709,1.3715207390061055,1.1410427560977436,2.4138604005675632,1.2784039653216273,9.272306672396688e-07,0.876003376297254,0.8862681272689051,1.1760887472384092,1.1100124582204922,1.6829180426347337,1.1093540511889457,1.4147288467337356,1.1034451064680375,1.2104569158550909,1.0684492571833355,0.9997818693980056,1.5778757190325654,0.9934693234067686,1.175989585309722,0.7485143904272885,1.1307862362258414,1.153888269323802,0.8463173281718748,1.652376175528368,1.1229886619912324,0.961758521528858,1.0750749769871488,5.745481877740756,1.2594396163261263,1.172582944448967,0.9143345872971352,1.071001970575186,5.9408897894221,2.16405737775686,1.4369223312811257,0.9920052218820948,1.1775931847905634,1.4315503045991191,1.585943082599354,1.019973399197769,0.914439307776323,1.234836621877944,0.98342259758199,1.1002934032476923,2.32912206579836,1.6768695612479445
BZ,1.0639506135491716,1.84658007647316,1.0713806208010872,1.2893844275713175,0.8117859767338091,1.3371571929088155,1.007600913255188,2.334590799525494,1.250088106860714,0.876003376297254,0.0,1.0001526465388946,1.0973709179904385,0.9175332243754762,1.4343405973633487,1.007698749996779,1.372416936600694,0.8528247364535277,1.0715848045175465,1.1920012091384335,1.0982628321460428,1.5706481428209478,1.1296498373354344,1.0741730666588878,0.8622463229813685,1.030362301729027,1.246330945553806,1.0125754284297066,1.7019500783228292,1.1995343354700223,1.111199654775359,1.199037097857889,5.756024156052233,1.096962346806822,1.0312141807889217,0.9643794354614996,0.999684520862702,5.915402792595677,2.0257894824177622,1.262161508872616,1.0219011889905971,1.0099329411613591,1.4678345435308096,1.7074472956508926,1.111469407375457,0.9940893539905216,1.1111358727055731,1.1034247625911546,1.0527647574467345,2.36847918355492,1.7286980693926215
CA,1.17718780202287,1.885751494752064,1.1316661939736858,1.4223039293413808,1.064763012875462,1.3681170362951178,1.1118229055413802,2.4714890409508827,1.2210562648426797,0.8862681272689051,1.0001526465388946,0.0,1.0441179803423404,1.0425302900965967,1.5626660920990134,1.2333745706043204,1.5765062187095875,1.136705279461792,1.1135827586647444,1.220466418181917,1.0323057009413892,1.5096549067535392,1.0455100996301845,1.1136964345912823,0.8470504843474119,1.0668126661049044,1.2119366415202084,1.0514451988875042,1.7185057430203667,1.1873440312752743,1.1493041766440384,1.1716546949965074,5.844299841011122,1.1693192632117029,1.1980425056153186,0.8608982112124283,1.0367121270347155,5.884374672411313,2.142534256726787,1.4140444335519085,1.145189465379851,1.1613447018408996,1.5916604772613323,1.7409366638208172,1.2122305128790238,0.6693309427612375,1.1363731889083333,1.2185151576792697,1.1437398883146848,2.4498678533285565,1.8022972742942491
CL,1.3740216259230582,2.003804283286244,0.8241136844433425,1.446136197667342,1.301592034014868,1.6155991015413935,0.8593700966296255,2.4790004161628425,1.157734635789592,1.1760887472384092,1.0973709179904385,1.0441179803423404,0.0,1.0304129471592114,1.3327206949607726,1.281206742141581,1.7770412920160417,1.02810624997901,0.904328993218068,1.4943410939909143,1.2066931785115145,1.6833940984062532,1.2555044773376045,1.0423037692856103,1.185437603663918,1.0344869030079833,1.4061710275510744,1.329306712468181,1.8750625789334612,1.4093080643155624,1.4155023136873972,1.3073832927065918,5.89984104115305,0.8972192961845883,1.025946121528436,0.9387217701689092,0.8519456149509536,5.909685586717015,1.9043245963254596,1.051118620492595,1.205345114425444,0.9142965719180496,1.703382620282816,1.8965442533735215,1.3835532389674774,1.1146012987930742,0.8573217770180795,1.4233603012739362,1.1334534123412887,2.52928006215388,1.91502015116422
CO,1.3518577726252967,2.04922334093412,0.9838993020881234,1.588241384930619,1.099179327735808,1.6019965356633228,0.8381379434121962,2.505904417316131,1.2292113817454229,1.1100124582204922,0.9175332243754762,1.0425302900965967,1.0304129471592114,0.0,1.4629254333199,1.2856001072224763,1.526829202498614,0.7446957225736748,0.8040655250762841,1.3858620793816234,1.0612554969755317,1.7944988404768092,1.1469835039323857,0.8360151429916906,1.017753151854761,0.7740164033942896,1.056464627981141,1.1373295029169592,1.9607562527841524,1.4483283526346231,1.27711359541494,1.2692053869610564,5.999336365256595,1.037646188586254,0.8969357164909556,0.7074728888475394,0.7733258039783,6.0364062274543935,2.240382341395057,1.1995876222481898,1.2976465951952325,0.9152562372942284,1.7918093273844975,1.7943913820362638,1.5352923023872291,1.1940521937418145,1.089731352363045,1.3515470838274526,0.688350992823029,2.622225947686331,2.0401024046730045
CR,1.7512504685944228,2.2185456600070106,1.2853725818714865,1.5786043149355735,1.6642888505483455,1.847042484535604,1.3152599365717774,2.524250500579216,1.5704543278936929,1.6829180426347337,1.4343405973633487,1.5626660920990134,1.3327206949607726,1.4629254333199,7.226679118264997e-07,1.521916086392103,1.975103297423672,1.4337767796309155,1.2444967932864968,1.8331888759384325,1.673435323070522,1.9639281584860289,1.6751115871220876,1.3938713165051655,1.626381184916206,1.4315295795973226,2.02991043381172,1.7643830402606275,2.020350255178567,1.760121431150618,1.8088063942441228,1.7803793804511363,5.828284084593525,1.2490757568607649,1.46656615417306,1.5926516623416538,1.456612822599295,5.809963934163823,1.705773112230944,1.287388582067393,1.5857786109209075,1.2863984305683969,1.9281953984428664,2.238485361598816,1.6087950748334752,1.579022907542526,1.2605383474498206,1.86598179495516,1.6988525107042305,2.640175971239606,2.096904242708759
CW,1.242868485832151,1.9112499446792324,1.276970776526886,1.174323475304377,1.089041573483707,1.4273215506317536,1.287824814213529,2.2523042488355283,1.4010813261726207,1.1093540511889457,1.007698749996779,1.2333745706043204,1.281206742141581,1.2856001072224763,1.521916086392103,0.0,1.5643734756777037,1.1517116879395457,1.3283812687121168,1.3809454036862752,1.3037838335730838,1.6484311007263823,1.2925754450932747,1.392084439859322,1.2009887468025229,1.378485168425726,1.5828510173716568,1.317917256645671,1.717025604559565,1.3017588927795984,1.3270567216683054,1.3510694354921893,5.731706256172688,1.3056568758405618,1.3575634088344488,1.2978826166012434,1.2933774027913956,5.86870396742715,1.9605462109936127,1.4316534219360566,1.1091557750253265,1.296694065437748,1.49132162468543,1.849191472600043,1.205745486887975,1.1837944533290543,1.279133416177773,1.3343235539919676,1.417009595256301,2.3770293380296854,1.7519124197053029
DM,1.4052938557949664,1.9658109843760263,1.7758799910237244,1.7730930872331216,1.3069775542074704,1.6363240826753238,1.7269111436320552,2.483327366201583,1.848788964802328,1.4147288467337356,1.372416936600694,1.5765062187095875,1.7770412920160417,1.526829202498614,1.975103297423672,1.5643734756777037,0.0,1.547731570289153,1.7163142043941475,1.4441330067765177,1.5449460958073389,1.9307804335797545,1.5457663680191658,1.7220619912227093,1.4296965821257763,1.6790770335109584,1.7289584283534574,1.434867040133192,1.8909145300701853,1.5935800617451532,1.399092121559444,1.6342352985442927,5.721649969657668,1.8036124352182232,1.7573900903924158,1.6217057053951622,1.6916278950446124,5.997026831513471,2.5175023582244043,1.9278156578013947,1.612928670949063,1.7577572996112625,1.7224136529277805,1.879139252580766,1.6118868530206731,1.6033292798036674,1.8124337138654,1.4221542826742943,1.6668893106501943,2.3895335208045587,1.9267217752962484
DO,1.3238790022186724,2.003301676663612,1.0096988126481046,1.491959480866679,1.0522769629580626,1.5482077287005125,0.8972383292921052,2.447686243841192,1.256494940558997,1.1034451064680375,0.8528247364535277,1.136705279461792,1.02810624997901,0.7446957225736748,1.4337767796309155,1.1517116879395457,1.547731570289153,5.778884717722332e-07,0.9592326673840312,1.429047377904264,1.1504185717967297,1.7735888239879165,1.200128137632345,1.003011571698886,1.110491345883546,0.9156437084090776,1.2256224712965145,1.2072602026845642,1.9247248184668289,1.3990991871396656,1.3361814325156551,1.2653672341439044,5.943122832829723,1.0650754362673245,0.9331821389429096,0.8473979814550102,0.8988002791333357,6.01787482449677,2.0360656775261137,1.1991955634912792,1.2223917452480355,0.9136487903443058,1.7120648562380405,1.818488305830117,1.4367235597010135,1.1941575227013346,1.0763691179101915,1.334216732739449,0.9064008927416988,2.5436587007498117,1.9502318238409384
EC,1.3838512852080669,2.013961658074461,0.8542488123239602,1.4710492792203802,1.3368639162852989,1.6813579045384413,0.6727158673529697,2.4818300954477777,1.2080314402959789,1.2104569158550909,1.0715848045175465,1.1135827586647444,0.904328993218068,0.8040655250762841,1.2444967932864968,1.3283812687121168,1.7163142043941475,0.9592326673840312,1.97686242482388e-07,1.4310118638412117,1.1320089336602492,1.759402731960301,1.205374842743227,0.787211452364254,1.1063751405049986,0.7788102321571251,1.3038171603290627,1.2479226402621126,1.8732375821564653,1.4539159030396287,1.347596078800115,1.3318220297597738,5.914056755942891,0.846153158923032,0.8312773653019265,0.8935363780876642,0.754039289939448,5.934709308839349,1.956061982898416,0.967363127287746,1.2711286228327567,0.7541361651605321,1.7340257343019188,1.8649189343282464,1.4572392194662231,1.219494682725662,0.9377898744889666,1.4184588079243408,0.91299424363488,2.55109205691838,1.9664814842686944
GD,1.0327775367829202,1.8302942993604436,1.5009361653727469,1.5345848881617674,1.0971057893333915,1.4776043072140084,1.4519784712680943,2.459811561088635,1.5721703389172836,1.0684492571833355,1.1920012091384335,1.220466418181917,1.4943410939909143,1.3858620793816234,1.8331888759384325,1.3809454036862752,1.4441330067765177,1.429047377904264,1.4310118638412117,0.0,1.239421231672988,1.7016545750088263,1.2626508612186218,1.445033437921603,1.027296110553758,1.4003693713117904,1.4889415033555216,1.0411660134271263,1.6813294442372058,1.2587452208582623,0.9780752445684698,1.3888492779770647,5.686333613130141,1.5312592733881163,1.4819486531788215,1.3145263057562315,1.396747900268298,5.966144704026116,2.333344617282067,1.693229558823111,1.362007415560179,1.4671671885630433,1.459293542688508,1.7093860678485977,1.2554403334495852,1.262680994911022,1.5282502880691269,0.9857953349599184,1.428091871945596,2.309569623343445,1.722252468085036
GF,1.1938212001758186,1.8563124203825692,1.2308725522263737,1.5015632575905646,1.1401565411598011,1.549722342479862,1.1428198676511232,2.4889483460021102,1.2619405807724542,0.9997818693980056,1.0982628321460428,1.0323057009413892,1.2066931785115145,1.0612554969755317,1.673435323070522,1.3037838335730838,1.5449460958073389,1.1504185717967297,1.1320089336602492,1.239421231672988,6.899736465686694e-07,1.6668388399028633,0.7356809259773215,1.1241694564747526,0.9359962352725296,1.0805938388917862,1.1277577249582234,1.03369649586858,1.813975190205677,1.3349897815244844,1.1393786450743306,0.865067770296098,5.870878791805154,1.2914574859281929,1.1431414356022884,0.9493938603799054,1.035687085309112,5.87838476874207,2.27597909490462,1.4249257816754128,1.223301827545654,1.1669197058296863,1.597491633369292,1.7259869642297985,1.408322427674818,1.1956524561069397,1.2659391487219436,1.2205848000557027,1.088279483233804,2.4779384942923106,1.8633074269478307
GL,1.6142459984409954,2.037936734133927,1.704436437189024,1.6367096989901375,1.657919978357766,1.6880185880055518,1.7072656543861422,2.504747830270627,1.7647883153943411,1.5778757190325654,1.5706481428209478,1.5096549067535392,1.6833940984062532,1.7944988404768092,1.9639281584860289,1.6484311007263823,1.9307804335797545,1.7735888239879165,1.759402731960301,1.7016545750088263,1.6668388399028633,7.97455797210911e-07,1.7086302488204184,1.7960155904213602,1.597070871860097,1.7870638366657878,1.916169161347384,1.7664853035216517,1.958445778307219,1.594210447437475,1.7123411866439069,1.758175802641342,5.8304268342518455,1.70301153535307,1.7956346228117068,1.7102514971101954,1.7046820736114516,5.857157820269667,2.314311720589969,1.8542681220393835,1.6026955547015054,1.7315943370341853,1.785937906390965,2.0163566688110808,1.6632432687434242,1.5078419965917198,1.7219787761633785,1.7182717668391712,1.813521246496277,2.4426796182028734,1.9043705662704415
GP,1.2166042922371934,1.8576196544477623,1.2585906938936977,1.4951647772363823,1.1463042057399848,1.5618506071299236,1.2066999846583115,2.526183826685297,1.3430160380847451,0.9934693234067686,1.1296498373354344,1.0455100996301845,1.2555044773376045,1.1469835039323857,1.6751115871220876,1.2925754450932747,1.5457663680191658,1.200128137632345,1.205374842743227,1.2626508612186218,0.7356809259773215,1.7086302488204184,4.6932744228910274e-07,1.1987780880365486,0.9817762460095484,1.1716903470625086,1.1512936052979532,1.026615082105554,1.8093095013255207,1.3222224721112157,1.1421744764476809,0.5946352427331895,5.832221920251143,1.3340882371230118,1.2452082569066878,1.0443684991748416,1.1436970435477802,5.827554013999004,2.2414478390668005,1.4823859588534651,1.1747808833939657,1.2434960539112585,1.5948837277431709,1.754340231019252,1.3375197081003272,1.2128576605465506,1.297546842249929,1.2396318727433395,1.193897555157189,2.4974058654907583,1.8688624879469404
GT,1.3989831833726407,2.0643587885771386,0.9975651743256388,1.5555853563220077,1.335402834383073,1.7018523962037704,0.7882035953304315,2.546563167586583,1.2694805018601552,1.175989585309722,1.0741730666588878,1.1136964345912823,1.0423037692856103,0.8360151429916906,1.3938713165051655,1.392084439859322,1.7220619912227093,1.003011571698886,0.787211452364254,1.445033437921603,1.1241694564747526,1.7960155904213602,1.1987780880365486,0.0,1.0869819317644434,0.695970524013407,1.1927206555683716,1.2372543160316536,1.938153627704797,1.4622796901866049,1.349262450587217,1.3242002298703102,5.958453140326507,0.9396594441189684,0.8273084476239229,0.8062175108384017,0.8196838724136064,5.999164094561674,2.10378656147716,1.1139462620868017,1.3028424753265118,0.767405525291547,1.794036729089767,1.814906693999634,1.5189282758730276,1.224687306059269,1.047208021256301,1.4250794057203071,0.8558155078075372,2.603710339639117,2.0292433139550785
GY,0.9809730071488711,1.8518539082184453,1.19876071950798,1.422740104885977,0.9098793741988828,1.4306544924539888,1.1121971224605136,2.455527413887696,1.2784312254457544,0.7485143904272885,0.8622463229813685,0.8470504843474119,1.185437603663918,1.017753151854761,1.626381184916206,1.2009887468025229,1.4296965821257763,1.110491345883546,1.1063751405049986,1.027296110553758,0.9359962352725296,1.597070871860097,0.9817762460095484,1.0869819317644434,3.816559456248789e-07,1.0286739301497403,1.100015455961173,0.7578118519582706,1.6716033758543185,1.1964300083531043,0.927537941288998,1.1078483438312925,5.744106906630072,1.2540990166995527,1.1196586389012897,0.8977068903506255,1.0413094089224415,5.958339487666363,2.205452169615304,1.4320406057850898,0.9928419658287304,1.1482104714480303,1.497826682730521,1.660270947281716,1.0667148086506224,0.9597615718081086,1.240978436154547,0.991600759431846,1.0459409665367805,2.3863002393196324,1.7672913444063083
HN,1.3540767320233482,2.042010715475496,0.9933203513366394,1.5589596066907834,1.2833115934416603,1.67639931555588,0.7691921081370717,2.530723521384161,1.2634270439276165,1.1307862362258414,1.030362301729027,1.0668126661049044,1.0344869030079833,0.7740164033942896,1.4315295795973226,1.378485168425726,1.6790770335109584,0.9156437084090776,0.7788102321571251,1.4003693713117904,1.0805938388917862,1.7870638366657878,1.1716903470625086,0.695970524013407,1.0286739301497403,0.0,1.1239225570596425,1.173091121513368,1.935127779741316,1.4138247538759623,1.291839977428335,1.292708757261922,5.96450827310488,0.9772093881584066,0.754391155623418,0.7141210278010095,0.7932336485803381,6.026099680783648,2.1178612631327054,1.13009394238688,1.3012289365512737,0.7337778798333677,1.7843344332398603,1.7900877944417797,1.518172640927488,1.1753679488019433,1.0535166665065825,1.3637031586545885,0.7689931642075125,2.5997658152474106,2.015906830413992
HT,1.4312264320876944,2.1510802029364013,1.3941337335860762,1.8341524917152348,1.3464588673969646,1.8009705073081836,1.2430749775240035,2.740255867113711,1.4797968292981298,1.153888269323802,1.246330945553806,1.2119366415202084,1.4061710275510744,1.056464627981141,2.02991043381172,1.5828510173716568,1.7289584283534574,1.2256224712965145,1.3038171603290627,1.4889415033555216,1.1277577249582234,1.916169161347384,1.1512936052979532,1.1927206555683716,1.100015455961173,1.1239225570596425,0.0,1.1788916719787594,2.107789027423802,1.5411658386118627,1.321291687534121,1.2159065612072195,6.063569211568189,1.4765272198730173,1.106821283845951,0.8830323571427497,1.0875388143210347,6.139954802722031,2.6408214585767817,1.631118514561242,1.438531661714865,1.301807588631669,1.9137125525968424,1.80288332374987,1.729230314075887,1.3887858650778953,1.457724315848269,1.3754084020379014,0.8632542410116418,2.729624525638992,2.1618705714430533
JM,1.0029227134704934,1.9156778150544076,1.3318612135325734,1.5649310392932327,0.9907396691442458,1.5532452311629772,1.2633044739999664,2.546246553167485,1.416149263647142,0.8463173281718748,1.0125754284297066,1.0514451988875042,1.329306712468181,1.1373295029169592,1.7643830402606275,1.317917256645671,1.434867040133192,1.2072602026845642,1.2479226402621126,1.0411660134271263,1.03369649586858,1.7664853035216517,1.026615082105554,1.2372543160316536,0.7578118519582706,1.173091121513368,1.1788916719787594,0.0,1.7125030952273,1.2637563768142972,0.9437182779750948,1.1662548406664546,5.748712513977009,1.397355181182898,1.2786285049860815,1.0275864418620748,1.1793470037378622,6.007916250109867,2.3407637795294813,1.5666514103126046,1.1802340291195037,1.288941820386069,1.5808806690048072,1.6975719808569738,1.2214461490349164,1.1638034776748205,1.3903621443732646,0.9936468747728162,1.1633894604406123,2.448194380677862,1.8497927247867487
KN,1.584183451126666,2.083760518062079,1.9143186089341628,1.7106280291045517,1.7128341014871264,1.7899457453185554,1.901133060666714,2.4969236763784326,1.995095858295405,1.652376175528368,1.7019500783228292,1.7185057430203667,1.8750625789334612,1.9607562527841524,2.020350255178567,1.717025604559565,1.8909145300701853,1.9247248184668289,1.8732375821564653,1.6813294442372058,1.813975190205677,1.958445778307219,1.8093095013255207,1.938153627704797,1.6716033758543185,1.935127779741316,2.107789027423802,1.7125030952273,7.44461774635124e-07,1.6798587518992567,1.659347517997339,1.8774730186915407,5.652697549721252,1.8901241589291768,1.9590495053928056,1.915734176776701,1.935515125354472,5.911277278744487,2.319707407399945,2.02709799430554,1.732147416809991,1.9088681397287928,1.7294051428985475,2.1017057587156627,1.6452824794969585,1.699913811753062,1.88034600761,1.738411114239684,2.0518430470963493,2.397390454350888,1.8815397906191504
KY,1.1864928910756771,1.802468753872697,1.4266585974020631,1.3882356673176752,1.2164748843593476,1.3648160791457011,1.4003922773574915,2.362037089890887,1.5237623737847958,1.1229886619912324,1.1995343354700223,1.1873440312752743,1.4093080643155624,1.4483283526346231,1.760121431150618,1.3017588927795984,1.5935800617451532,1.3990991871396656,1.4539159030396287,1.2587452208582623,1.3349897815244844,1.594210447437475,1.3222224721112157,1.4622796901866049,1.1964300083531043,1.4138247538759623,1.5411658386118627,1.2637563768142972,1.6798587518992567,0.0,1.22691044828564,1.4019773078950009,5.750169799731058,1.4548837519698277,1.4633464077157614,1.2958405732950693,1.3822440757958938,5.92006134515345,2.190330233517436,1.6073013786507315,1.345684249878712,1.414010916120349,1.488195461837538,1.7020181166731156,1.278502045500281,1.1845940685367249,1.433067778687694,1.2536199965138373,1.4708259583473466,2.28716505029452,1.6764258230197489
LC,0.983405715602398,1.8486890756839456,1.4405811389959806,1.5130604292325962,1.073572804305705,1.4900373859477998,1.376633686752777,2.471136689317213,1.5113096154231835,0.961758521528858,1.111199654775359,1.1493041766440384,1.4155023136873972,1.27711359541494,1.8088063942441228,1.3270567216683054,1.399092121559444,1.3361814325156551,1.347596078800115,0.9780752445684698,1.1393786450743306,1.7123411866439069,1.1421744764476809,1.349262450587217,0.927537941288998,1.291839977428335,1.321291687534121,0.9437182779750948,1.659347517997339,1.22691044828564,0.0,1.2042449822622512,5.707138036011815,1.47287224802405,1.3199232028764094,1.1776812195798891,1.3071183058719245,5.964886477988511,2.3200546609110244,1.6219689528636931,1.2712361336367195,1.3902698524276311,1.4824681567355382,1.6890317487160853,1.2282083065949518,1.2162686943184844,1.4613078759160425,0.962550579246362,1.3015008680444728,2.3341937725350923,1.7553649079730824
MQ,1.277802845350977,1.9007448009006545,1.3491463195228242,1.5383809125450385,1.2240553429873688,1.622032631719461,1.290707819350693,2.5575000466451323,1.414006736106939,1.0750749769871488,1.199037097857889,1.1716546949965074,1.3073832927065918,1.2692053869610564,1.7803793804511363,1.3510694354921893,1.6342352985442927,1.2653672341439044,1.3318220297597738,1.3888492779770647,0.865067770296098,1.758175802641342,0.5946352427331895,1.3242002298703102,1.1078483438312925,1.292708757261922,1.2159065612072195,1.1662548406664546,1.8774730186915407,1.4019773078950009,1.2042449822622512,0.0,5.838043369037849,1.3951236448611737,1.2491256707311078,1.1131827785741968,1.2108400389697205,5.847340229549793,2.265430762083175,1.5355413279269745,1.2317629429297998,1.3146816978304274,1.6242777150179792,1.79384345083324,1.3948980009333978,1.2845190676327678,1.363402978180132,1.298084959493068,1.2557965771556456,2.5252557865758893,1.907027374439419
MS,5.632061932809822,5.769631080013753,5.899986760216894,5.687997250072898,5.743595251311259,5.7811330700926815,5.911445507962911,5.894733958790175,5.924757671432496,5.745481877740756,5.756024156052233,5.844299841011122,5.89984104115305,5.999336365256595,5.828284084593525,5.731706256172688,5.721649969657668,5.943122832829723,5.914056755942891,5.686333613130141,5.870878791805154,5.8304268342518455,5.832221920251143,5.958453140326507,5.744106906630072,5.96450827310488,6.063569211568189,5.748712513977009,5.652697549721252,5.750169799731058,5.707138036011815,5.838043369037849,5.591411304263389e-07,5.87321313988227,5.924747384352872,5.999787657886719,5.946194238301431,7.718123655839706,5.833582451775597,5.908916014863777,5.700987877992941,5.918380458390096,5.641412120463031,5.883547581523162,5.577989771321566,5.764502548162233,5.887489018314869,5.703082506457358,6.0126636097564665,5.753578713014716,5.678877776424699
MX,1.4122768058887636,2.0287812944815014,0.8189682089113193,1.4120996097736074,1.3862912233997235,1.6763101472326198,0.7624075777830768,2.435711818703232,1.1651603208438055,1.2594396163261263,1.096962346806822,1.1693192632117029,0.8972192961845883,1.037646188586254,1.2490757568607649,1.3056568758405618,1.8036124352182232,1.0650754362673245,0.846153158923032,1.5312592733881163,1.2914574859281929,1.70301153535307,1.3340882371230118,0.9396594441189684,1.2540990166995527,0.9772093881584066,1.4765272198730173,1.397355181182898,1.8901241589291768,1.4548837519698277,1.47287224802405,1.3951236448611737,5.87321313988227,5.430241572346866e-07,0.9424721533718032,1.0359981589790117,0.8653723966176319,5.897203399472042,1.8522087596652288,0.9595943190925896,1.2611863492469642,0.7750368583484246,1.7063094799268583,1.9070463860640092,1.4250320629087774,1.1733261980056864,0.9101862746960032,1.4970507371902595,1.082769921673712,2.526407191594445,1.9429078872499657
NI,1.379532523530607,2.040972753976937,0.9946903345087064,1.522475464038768,1.3362507334267035,1.717203154322075,0.758324084597455,2.5126785285160973,1.2631303765846302,1.172582944448967,1.0312141807889217,1.1980425056153186,1.025946121528436,0.8969357164909556,1.46656615417306,1.3575634088344488,1.7573900903924158,0.9331821389429096,0.8312773653019265,1.4819486531788215,1.1431414356022884,1.7956346228117068,1.2452082569066878,0.8273084476239229,1.1196586389012897,0.754391155623418,1.106821283845951,1.2786285049860815,1.9590495053928056,1.4633464077157614,1.3199232028764094,1.2491256707311078,5.924747384352872,0.9424721533718032,0.0,0.8125301607565962,0.7659499499100528,5.994295690937747,2.0686131355551245,1.065160493329583,1.2850358205524512,0.7237708757601,1.7490198752823345,1.8093598938440176,1.5041331942255292,1.2369844065647246,1.0548068201330856,1.385427957405094,0.7732156434864711,2.579739130449105,2.00421264480196
PA,1.2285172153973425,1.9820715560545736,0.99257262855588,1.5316438240777075,1.1170279092266773,1.5711678710119867,0.8126649760979802,2.536080605681079,1.1861379451014638,0.9143345872971352,0.9643794354614996,0.8608982112124283,0.9387217701689092,0.7074728888475394,1.5926516623416538,1.2978826166012434,1.6217057053951622,0.8473979814550102,0.8935363780876642,1.3145263057562315,0.9493938603799054,1.7102514971101954,1.0443684991748416,0.8062175108384017,0.8977068903506255,0.7141210278010095,0.8830323571427497,1.0275864418620748,1.915734176776701,1.2958405732950693,1.1776812195798891,1.1131827785741968,5.999787657886719,1.0359981589790117,0.8125301607565962,4.6932744228910274e-07,0.6929805852431637,6.062643121044015,2.229482684780634,1.219711312709037,1.2144301445902468,0.8519680696016247,1.722086442217082,1.6750533289046068,1.44179649462894,1.0066438155521154,1.008069270873514,1.211056143684898,0.6158559338953068,2.5701753492396264,1.9645446170219472
PE,1.308739742921348,1.99340250171856,0.8153926722233342,1.4811618814971197,1.2273742295325352,1.627863259828181,0.6473689079757123,2.477201646853195,1.133566613853684,1.071001970575186,0.999684520862702,1.0367121270347155,0.8519456149509536,0.7733258039783,1.456612822599295,1.2933774027913956,1.6916278950446124,0.8988002791333357,0.754039289939448,1.396747900268298,1.035687085309112,1.7046820736114516,1.1436970435477802,0.8196838724136064,1.0413094089224415,0.7932336485803381,1.0875388143210347,1.1793470037378622,1.935515125354472,1.3822440757958938,1.3071183058719245,1.2108400389697205,5.946194238301431,0.8653723966176319,0.7659499499100528,0.6929805852431637,0.0,5.985113907041916,2.0832067854139624,1.0353382717655106,1.1955462751117618,0.7471401222888434,1.7043197075773258,1.7529970618506687,1.441152665023703,1.1106897471009496,0.9325433971117348,1.3125054827355205,0.7227829562454636,2.5579875528605145,1.9631318896943464
PM,5.933606964134062,5.859634343383622,5.919915162044781,5.794635958235484,5.947224272020329,5.909638429774578,5.935833596876172,6.029689286638719,5.910002492024162,5.9408897894221,5.915402792595677,5.884374672411313,5.909685586717015,6.0364062274543935,5.809963934163823,5.86870396742715,5.997026831513471,6.01787482449677,5.934709308839349,5.966144704026116,5.87838476874207,5.857157820269667,5.827554013999004,5.999164094561674,5.958339487666363,6.026099680783648,6.139954802722031,6.007916250109867,5.911277278744487,5.92006134515345,5.964886477988511,5.847340229549793,7.718123655839706,5.897203399472042,5.994295690937747,6.062643121044015,5.985113907041916,0.0,5.824493978883912,5.928874828776904,5.860617911532126,5.9555579704033805,5.84361899330445,6.044368315508505,5.816256808607668,5.870541108146687,5.913648085046455,5.9794972578142245,6.076478935487225,6.057704383589278,5.854336745353915
PR,2.186411347012967,2.4940203767868026,1.903229767133087,1.861579875689068,2.215106896397553,2.2699629446505747,1.9326617410381008,2.7072492671471267,2.122369910449403,2.16405737775686,2.0257894824177622,2.142534256726787,1.9043245963254596,2.240382341395057,1.705773112230944,1.9605462109936127,2.5175023582244043,2.0360656775261137,1.956061982898416,2.333344617282067,2.27597909490462,2.314311720589969,2.2414478390668005,2.10378656147716,2.205452169615304,2.1178612631327054,2.6408214585767817,2.3407637795294813,2.319707407399945,2.190330233517436,2.3200546609110244,2.265430762083175,5.833582451775597,1.8522087596652288,2.0686131355551245,2.229482684780634,2.0832067854139624,5.824493978883912,7.396741894478117e-07,1.8613189926145737,2.0187344378223555,1.8931224684217245,2.2050729354609158,2.621235758863666,1.9306578921809112,2.0198757573424952,1.858888694874776,2.316105739243928,2.329691609343272,2.793373733031097,2.278663772763922
PY,1.571858425176398,2.1257097301780394,0.8753103777492479,1.516372784191563,1.5367381097012,1.805707569718475,0.874101313864497,2.5057467627908987,1.2531278542883664,1.4369223312811257,1.262161508872616,1.4140444335519085,1.051118620492595,1.1995876222481898,1.287388582067393,1.4316534219360566,1.9278156578013947,1.1991955634912792,0.967363127287746,1.693229558823111,1.4249257816754128,1.8542681220393835,1.4823859588534651,1.1139462620868017,1.4320406057850898,1.13009394238688,1.631118514561242,1.5666514103126046,2.02709799430554,1.6073013786507315,1.6219689528636931,1.5355413279269745,5.908916014863777,0.9595943190925896,1.065160493329583,1.219711312709037,1.0353382717655106,5.928874828776904,1.8613189926145737,5.778884717722332e-07,1.398750274709573,0.91097828328409,1.8224562767013204,2.039657274016713,1.5563078849175285,1.4015003457979869,0.9614996433355218,1.6262948535009354,1.2324045861215829,2.613701767175997,2.044697664567701
SR,1.210297504275541,1.9144290072743884,1.2108436300608634,1.3125916342676374,1.1444828050151712,1.5352927905948135,1.213713427756434,2.392120972863572,1.3185315093492924,0.9920052218820948,1.0219011889905971,1.145189465379851,1.205345114425444,1.2976465951952325,1.5857786109209075,1.1091557750253265,1.612928670949063,1.2223917452480355,1.2711286228327567,1.362007415560179,1.223301827545654,1.6026955547015054,1.1747808833939657,1.3028424753265118,0.9928419658287304,1.3012289365512737,1.438531661714865,1.1802340291195037,1.732147416809991,1.345684249878712,1.2712361336367195,1.2317629429297998,5.700987877992941,1.2611863492469642,1.2850358205524512,1.2144301445902468,1.1955462751117618,5.860617911532126,2.0187344378223555,1.398750274709573,0.0,1.2347526577931958,1.5152800226964769,1.8066635726381304,1.0847408452802243,1.1115928891275342,1.267398168749072,1.2601829480777549,1.3110652951240525,2.3869952768644223,1.766794852036322
SV,1.3570287985716705,2.010004889546656,0.8500016638019378,1.429257436933665,1.3125550530301469,1.6657847502394625,0.6322889002248787,2.464335557474622,1.1729531574289065,1.1775931847905634,1.0099329411613591,1.1613447018408996,0.9142965719180496,0.9152562372942284,1.2863984305683969,1.296694065437748,1.7577572996112625,0.9136487903443058,0.7541361651605321,1.4671671885630433,1.1669197058296863,1.7315943370341853,1.2434960539112585,0.767405525291547,1.1482104714480303,0.7337778798333677,1.301807588631669,1.288941820386069,1.9088681397287928,1.414010916120349,1.3902698524276311,1.3146816978304274,5.918380458390096,0.7750368583484246,0.7237708757601,0.8519680696016247,0.7471401222888434,5.9555579704033805,1.8931224684217245,0.91097828328409,1.2347526577931958,1.788139343261719e-07,1.7058213575988952,1.8153123583155024,1.432101431891451,1.1794103659565929,0.9184627644224508,1.4020702294770928,0.8816993824111974,2.537421720465486,1.9469336918314653
