ISO_CODE,AE,AF,AM,AZ,BD,BH,BN,BT,CN,GE,HK,ID,IL,IN,IQ,JO,JP,KG,KH,KR,KW,KZ,LA,LB,LK,MM,MN,MO,MV,MY,NP,OM,PH,PK,PS,QA,SA,SG,TH,TJ,TM,TR,TW,UZ,VN,YE
AE,0.0,0.4235569020110126,0.326187953542677,0.4250330197889717,0.3389220316971887,0.1643503598308198,0.4208858092213813,0.323730040452264,0.356707993930585,0.3763198134127852,0.6101853268724634,0.3482584160396695,0.3838964259592389,0.3432164559977467,0.490648467816587,0.5639266690525988,0.4137940849423027,0.3738630815801471,0.426347163891261,0.3777743892967017,0.1846414672394111,0.3849085593755712,0.4317191588698827,0.377138218595439,0.3114788821547974,0.3805997828662539,0.4825202731155726,0.58268869473859,0.6760540132918336,0.5284879713889387,0.2551603180031995,0.2083210858556988,0.4120024978286431,0.2801607529803664,0.5333885696777126,0.1810832563147657,0.2023478564262185,0.3305923842268478,0.6892632223671582,0.3584663767177335,0.5807916200218318,0.7217907295929725,0.6937469624525906,0.3345919857819586,0.7715179413264165,0.3509809074451616
AF,0.4235569020110126,8.296615425989065e-08,0.5395099909420658,0.5852114451465775,0.4869938626471227,0.4435454539897164,0.5571655090455465,0.4944458764793491,0.6058717814169129,0.5558283100500458,0.6765388804286084,0.5770251752559366,0.5300078637208157,0.5549165871154811,0.5463127992055488,0.6370934913902493,0.6519262632274645,0.5936658557227157,0.5745341433001033,0.5440429834986157,0.4771580182738433,0.6169052346519754,0.5689409791365877,0.5348271009829181,0.5229777125542638,0.5498668410835218,0.643845947710848,0.637609247768627,0.697622918742975,0.6261744028222759,0.4529013571540858,0.498449102366825,0.6028298585738472,0.4618268302205448,0.5956900139116766,0.4467581627477638,0.4885509142609656,0.5177518276771975,0.7394104232093429,0.5895994685247838,0.7858489989752324,0.8183236640720032,0.759029633000392,0.566698528196658,0.797343077044685,0.5769634086826906
AM,0.326187953542677,0.5395099909420658,0.0,0.3161261327040451,0.45658955587186,0.3387838376479036,0.4617797074245824,0.3095929187623796,0.3005330345931625,0.2951645978491163,0.6757171482099338,0.2881252106086922,0.4081395945915809,0.4934745090155923,0.5031630789342437,0.5819899950486096,0.3810141519788116,0.3483258695771316,0.375950944750752,0.4221355491791467,0.2748804465456094,0.3505372993346453,0.434990993926497,0.3924982264707942,0.4512633050280089,0.3233408531886951,0.4347687235246757,0.6467787387094004,0.7338518571272046,0.5802943603270495,0.3477658057869401,0.3018753966582153,0.4561627696104648,0.4492863181377495,0.5411913798862097,0.3083454009421068,0.2658679575007027,0.428578635621834,0.7308440998056832,0.2820187573302288,0.5468195413809303,0.6835156882378507,0.7760732316450569,0.2756962831611987,0.8087565342854108,0.3002466517428015
AZ,0.4250330197889717,0.5852114451465775,0.3161261327040451,1.1101115067117916e-07,0.5454146687396354,0.4304054631393385,0.4987879910280265,0.3948567633212584,0.4356648155351699,0.3590436047835719,0.6921799662214927,0.3971082341083436,0.4499331545307857,0.5951350045692061,0.5360727465017014,0.6027991935010131,0.5018190343591119,0.4337525119305168,0.4191380104290669,0.5027030530876848,0.3926349647853488,0.4447658992070528,0.5105061815287697,0.43762888971767,0.5372571455158051,0.4199964733427728,0.5005887291801129,0.6635188178290504,0.7473598474788102,0.595793863441666,0.4416131307840025,0.4321836636828862,0.5188482152565235,0.535157038390406,0.5761463106857648,0.3915298881189636,0.3901743869738205,0.4919273235305768,0.7465126198125164,0.4035275839285995,0.5843867985031417,0.5009800750627565,0.7977039748655984,0.3826079574660896,0.8177378858112347,0.4261617409596687
BD,0.3389220316971887,0.4869938626471227,0.45658955587186,0.5454146687396354,0.0,0.3419853405538962,0.5921108034022952,0.4676194441548532,0.4395002535159024,0.5145318088512512,0.7778231499213434,0.4771580541888997,0.5814345189440443,0.3814298858382097,0.6296703380569567,0.7305141838874906,0.4993320445948487,0.5036970231519133,0.5649459487502733,0.5086044570211913,0.3789567944093263,0.5075013804887226,0.6007682452912255,0.570394243846825,0.3828262568718031,0.5212685253480464,0.6062992823519301,0.7483518600199681,0.8000852536064929,0.7016891639429015,0.3885346717802676,0.3063816705307184,0.5733263351511942,0.3037235632319562,0.6922846074657347,0.3775294006073538,0.3570901005783616,0.5378227425922765,0.8420618331875381,0.4628339675101633,0.6507231838314133,0.8232040392202671,0.8362279768283722,0.4757355392641457,0.8944740285994807,0.4573777741360785
BH,0.1643503598308198,0.4435454539897164,0.3387838376479036,0.4304054631393385,0.3419853405538962,0.0,0.4323178477058561,0.3328277241006458,0.3882073211174944,0.3864876598109198,0.6123156721014428,0.3576839722445967,0.3992690134491637,0.3760749514230159,0.4891959759740705,0.5482909145091793,0.4449863184107542,0.396792051808837,0.4287862294266694,0.3961281193166391,0.1934592388113036,0.4122563824039368,0.4346645554748154,0.3739976464886642,0.3297920444147932,0.4020476590507122,0.5038770890509905,0.5858280855876121,0.6803430359732434,0.5340479177882234,0.280580659587812,0.2198993558161507,0.4434034446683487,0.2979591137089037,0.5362330957459785,0.1923741839177989,0.2211661759655761,0.3547816030874507,0.6934379382512923,0.3822967736954394,0.5968004758171632,0.7224833188380979,0.693860589287731,0.3598106273173644,0.7677480049374201,0.3754279297798885
BN,0.4208858092213813,0.5571655090455465,0.4617797074245824,0.4987879910280265,0.5921108034022952,0.4323178477058561,0.0,0.3869996174306971,0.5249861425776495,0.466621069403145,0.5212531931749426,0.4358583232465066,0.4151929902779026,0.61061476775407,0.5226726796782821,0.5717098429158112,0.560099326224381,0.4777473908908612,0.4480552417363608,0.4611973428912708,0.4242004680054503,0.5112111277521136,0.4375368831123674,0.4416885495569291,0.5364384711783833,0.4104007991996553,0.5690317387058852,0.4803409960034904,0.6081343668681306,0.3580760375305739,0.4264354267321176,0.4904610186673989,0.4973561604716582,0.556898516739949,0.5628384541794968,0.4069868384910586,0.4459577332714056,0.2994358176179491,0.5863429988071072,0.5105024267370796,0.7111685980404184,0.7585136219765242,0.646428258114551,0.4552413417157339,0.7013929982738255,0.4999964930514329
BT,0.323730040452264,0.4944458764793491,0.3095929187623796,0.3948567633212584,0.4676194441548532,0.3328277241006458,0.3869996174306971,0.0,0.3759829846410464,0.3639153616781501,0.6344161598382569,0.3449674260735788,0.4167972666924401,0.4941090666656421,0.4875828918743054,0.5761413369444623,0.4521960356412917,0.395825500388988,0.3605794945237408,0.430088086215084,0.3082890072617149,0.4202064301181715,0.3994049384573972,0.4117166951612235,0.4495746678131811,0.3002903899704909,0.4533053186560167,0.6029450798347191,0.6544676434519175,0.5140053325770764,0.2769899582457328,0.3488226039724256,0.458535438606665,0.4413731922937879,0.5662132291647849,0.3215880459102959,0.3113792592641197,0.3649831888182094,0.6873768167385645,0.3543794204754387,0.6061729763085758,0.7196441894037869,0.7370527859262369,0.3423931223620512,0.7651952122485925,0.3727748575088853
CN,0.356707993930585,0.6058717814169129,0.3005330345931625,0.4356648155351699,0.4395002535159024,0.3882073211174944,0.5249861425776495,0.3759829846410464,0.0,0.4027570074141615,0.7541311694957843,0.2752069028091012,0.5028682654787334,0.3836069352325638,0.6053286395821428,0.716861305011752,0.1575513783979684,0.2627674519082107,0.4718400278919951,0.4217078955169148,0.2979173047377865,0.2279894165590933,0.4671775854633245,0.5039907601303332,0.4029283563531163,0.3688243080618603,0.4947922323481402,0.7305344533416179,0.855768776122453,0.6819311676222021,0.3759563036474031,0.2259133147463551,0.4187244335942707,0.422700785786977,0.6657079079350798,0.3815823056340222,0.2286497353881785,0.4581499203580697,0.7931604305941724,0.1839916344297945,0.4441452355162657,0.7742677851809442,0.8263745505987427,0.2005303081661625,0.8885818402138166,0.175392853706215
GE,0.3763198134127852,0.5558283100500458,0.2951645978491163,0.3590436047835719,0.5145318088512512,0.3864876598109198,0.466621069403145,0.3639153616781501,0.4027570074141615,6.322027276634104e-08,0.6551539387981538,0.3894352163579686,0.4139808454692981,0.554987516975368,0.523806518048191,0.5826568506414813,0.4795891767535209,0.4419677606937595,0.4144892354205392,0.4613796857063557,0.3510925132160637,0.4532521256310402,0.4974616583634981,0.3847173622870239,0.5019772450702285,0.4010203810722768,0.4149823534036388,0.6259795914912636,0.7005393531077414,0.5793013522272803,0.3913354236256979,0.4077750020944816,0.4228746125370736,0.5110462162172817,0.5604756198557068,0.3371370435974776,0.3651504470882638,0.4523286275380817,0.7223935056327555,0.3988325435153821,0.6233103042102903,0.6855187341311483,0.7554226196811941,0.3887915394177125,0.8126679881973821,0.4132759288339501
HK,0.6101853268724635,0.6765388804286084,0.6757171482099338,0.6921799662214927,0.7778231499213434,0.6123156721014428,0.5212531931749426,0.6344161598382569,0.7541311694957843,0.6551539387981538,0.0,0.6575194707281562,0.4767158154810549,0.789476294403523,0.5870881751005802,0.5734546488159644,0.7440569202235109,0.6378040249833556,0.6577142107879839,0.5323092171134273,0.6183263637891119,0.6808304348631485,0.5733917204755169,0.5411255207088829,0.7152364625526747,0.6561515793365226,0.7602774405077802,0.2655512999917856,0.6946423099140463,0.4772416799296611,0.6315505512855437,0.6960584975136057,0.6274209206859436,0.7327775696969396,0.5939207915434584,0.5875548149941481,0.6524578572345627,0.4423074582343484,0.5206331251763908,0.7333646136256368,0.8802503856795832,0.8397989755969998,0.383603843763759,0.6511819000083808,0.6102609361749658,0.6791895962371817
ID,0.3482584160396695,0.5770251752559366,0.2881252106086922,0.3971082341083436,0.4771580541888997,0.3576839722445967,0.4358583232465066,0.3449674260735788,0.2752069028091012,0.3894352163579686,0.6575194707281562,0.0,0.4270305616489127,0.4650551902085487,0.5320883238156983,0.6188421709741732,0.3251458468912904,0.2994833443680973,0.417605818183375,0.4103551884316503,0.2917668016960184,0.3043948753089384,0.4173710172850309,0.4325314825145303,0.4477896194075875,0.3582677076304542,0.5077010982321323,0.635017120894304,0.7905787394736752,0.5517517676116265,0.3636942122480969,0.2962611039584267,0.4457435155770616,0.4578672310788275,0.5921615001231995,0.3502866981563955,0.2612128438261044,0.3860628216155098,0.7023320507504245,0.27660054754718,0.5182393155403539,0.7299414306235179,0.7490040773186996,0.2546530971534573,0.7971599789585639,0.2709591357253892
IL,0.3838964259592389,0.5300078637208157,0.4081395945915809,0.4499331545307857,0.5814345189440443,0.3992690134491637,0.4151929902779026,0.4167972666924401,0.5028682654787334,0.4139808454692981,0.4767158154810549,0.4270305616489127,4.4703483581542975e-08,0.583760772936599,0.4161050769957645,0.4281894331908788,0.5204882425285503,0.4241180410400614,0.4383052383799286,0.3962739737021455,0.3623823840896606,0.4593219028226281,0.4009014057836318,0.3092248332125636,0.5221312375315529,0.4334217439655615,0.5294076056840985,0.4547945914705723,0.6310101331375679,0.4624487997852071,0.4115257492933368,0.4557401538596147,0.4513514361449381,0.5382265838816431,0.3986599669921705,0.3525757742270861,0.3933833771006647,0.3358134811925288,0.5699020571602629,0.4737837836598139,0.6672211612158163,0.6962256458630669,0.5934110087561265,0.4036605672242107,0.6648735088719677,0.4372550992622366
IN,0.3432164559977467,0.5549165871154811,0.4934745090155923,0.5951350045692061,0.3814298858382097,0.3760749514230159,0.61061476775407,0.4941090666656421,0.3836069352325638,0.554987516975368,0.789476294403523,0.4650551902085487,0.583760772936599,0.0,0.6706191217175074,0.7621577736317349,0.4114865898777464,0.4402434290611884,0.602595153133165,0.4927649361239299,0.3690770221009615,0.4352452661991389,0.5767424733540295,0.5912055387804007,0.3553228353682059,0.5375343104752924,0.6083888077414248,0.7642339919961239,0.8758926942210904,0.7316881691242764,0.4026538188117867,0.2897226295630924,0.5308151905338605,0.3169966428177664,0.7265298581256614,0.4156771230235294,0.3404900060089628,0.5222781888079946,0.8342391964022452,0.4269737333819766,0.5838973383660436,0.856815950941175,0.8284516549482203,0.4305803787681792,0.9120913809486816,0.4147156032969225
IQ,0.490648467816587,0.5463127992055488,0.5031630789342437,0.5360727465017014,0.6296703380569567,0.4891959759740705,0.5226726796782821,0.4875828918743054,0.6053286395821428,0.523806518048191,0.5870881751005802,0.5320883238156983,0.4161050769957645,0.6706191217175074,0.0,0.4280945096023428,0.638444154291257,0.5517708220170955,0.5143227726725443,0.5316688392722183,0.4748852769158245,0.5804416069626603,0.5166521268567268,0.4205959718793488,0.6203579931094885,0.5144254512131385,0.6369615443098181,0.5646915129701101,0.6724410603132758,0.5593527930572919,0.49901297516921,0.5502354316253677,0.5978991102979105,0.604975671757128,0.4152949378136588,0.4612295081792413,0.4885162435443416,0.4877519570947604,0.6658532822088261,0.5797690999347596,0.763867830675952,0.7759844557815003,0.7062766581267075,0.5284067660753755,0.7560677026267635,0.5285328275887686
JO,0.5639266690525987,0.6370934913902493,0.5819899950486096,0.6027991935010131,0.7305141838874906,0.5482909145091792,0.5717098429158112,0.5761413369444623,0.716861305011752,0.5826568506414813,0.5734546488159644,0.6188421709741732,0.4281894331908788,0.7621577736317349,0.4280945096023428,0.0,0.7405132694146649,0.6400550699189623,0.5715142640896342,0.5937431724978155,0.5340204334546418,0.6722515283744055,0.5305805789477349,0.412842272858163,0.690131594765868,0.6009279940775402,0.6888130735496293,0.5507989017725584,0.6932001140456807,0.5594444024976332,0.5781042493880956,0.6407472111341643,0.659483298661814,0.69575598664228,0.3739253083995925,0.5142993009952006,0.5801134191468695,0.5376969523507057,0.6272863840174083,0.672936057288427,0.8435790714739841,0.7839645802349812,0.6765428871119856,0.6096362705280546,0.7196250252131636,0.6361120120267796
JP,0.4137940849423027,0.6519262632274645,0.3810141519788116,0.5018190343591119,0.4993320445948487,0.4449863184107542,0.560099326224381,0.4521960356412917,0.1575513783979684,0.4795891767535209,0.7440569202235109,0.3251458468912904,0.5204882425285503,0.4114865898777464,0.638444154291257,0.7405132694146649,0.0,0.2428941281235342,0.5352697521336125,0.4050863402126592,0.3524826835236318,0.208159090510431,0.4713406542952789,0.5442534348643121,0.443283834526041,0.4266943193572681,0.563658469427346,0.7288556153863434,0.905048070502258,0.7052179323464838,0.4413106300257206,0.2883141910930548,0.4470435117565276,0.4744092337539625,0.6940979789751506,0.4425924341974846,0.2889161093290402,0.467110783209975,0.7739368379360323,0.2424530893707405,0.4517284418514212,0.8137139507614979,0.8025019287260312,0.2250716520376967,0.8853324371914967,0.209388680306425
KG,0.3738630815801471,0.5936658557227157,0.3483258695771316,0.4337525119305168,0.5036970231519133,0.396792051808837,0.4777473908908612,0.395825500388988,0.2627674519082107,0.4419677606937595,0.6378040249833556,0.2994833443680973,0.4241180410400615,0.4402434290611884,0.5517708220170955,0.6400550699189623,0.2428941281235342,4.012260442327338e-08,0.4620195448811756,0.3717861633255847,0.3211097560653356,0.1314508491546582,0.3951372561685208,0.4574934323298961,0.4372434263760901,0.392060780945682,0.5477900216072774,0.6204772472443411,0.8384501243239345,0.6061330207433634,0.3986495335798445,0.3032488890427424,0.4439351585182917,0.4569407307886736,0.6090015435283304,0.3858060644837887,0.2722328154660477,0.3825249795473368,0.6790746567413669,0.2485251593161875,0.4792882992239211,0.7600986071053318,0.7111694548103465,0.1675324583587734,0.8042876424319945,0.2371730530525642
KH,0.426347163891261,0.5745341433001033,0.375950944750752,0.4191380104290669,0.5649459487502733,0.4287862294266694,0.4480552417363608,0.3605794945237408,0.4718400278919951,0.4144892354205392,0.6577142107879839,0.417605818183375,0.4383052383799286,0.602595153133165,0.5143227726725443,0.5715142640896342,0.5352697521336125,0.4620195448811756,0.0,0.5031067230120101,0.3993724212606183,0.4851898402354032,0.4545342342641687,0.4255374672777268,0.52519416130791,0.3741813585472341,0.5131671481768636,0.6230961973337574,0.6953089196149908,0.5440675219188003,0.425418808173482,0.4551223916461256,0.5291170391810502,0.534327347241767,0.554956334614845,0.4080125721193967,0.4147788398756155,0.4537376728494256,0.6923330589133403,0.4499001176572922,0.6569288671283452,0.7341874278682049,0.7634062826996688,0.4241421683200301,0.7595040805872765,0.4603826480275539
KR,0.3777743892967017,0.5440429834986157,0.4221355491791467,0.5027030530876848,0.5086044570211913,0.3961281193166391,0.4611973428912708,0.430088086215084,0.4217078955169148,0.4613796857063557,0.5323092171134273,0.4103551884316503,0.3962739737021455,0.4927649361239299,0.5316688392722183,0.5937431724978155,0.4050863402126592,0.3717861633255847,0.5031067230120101,7.146345858741878e-08,0.3658951720479027,0.399731538086465,0.4347509236362127,0.4361537620626691,0.4685744747268266,0.4326400101854942,0.5712816032635465,0.5350495195633191,0.7387570935037421,0.550851614892096,0.4106816436301144,0.3908664330106997,0.4687125779894855,0.4692060401522347,0.572068057923122,0.383393270312273,0.3575735059386618,0.3778579797246698,0.6196007088232335,0.4210840358779641,0.6183619777303179,0.7552628417526885,0.6120883383538838,0.370943073121794,0.7253147733917757,0.3890261832139251
KW,0.1846414672394111,0.4771580182738433,0.2748804465456094,0.3926349647853488,0.3789567944093263,0.1934592388113036,0.4242004680054503,0.3082890072617149,0.2979173047377865,0.3510925132160637,0.6183263637891119,0.2917668016960184,0.3623823840896606,0.3690770221009615,0.4748852769158245,0.5340204334546418,0.3524826835236318,0.3211097560653356,0.3993724212606183,0.3658951720479027,1.0483896195493853e-07,0.3239903296538577,0.3935247269270841,0.3563530932854321,0.3377923721857382,0.3415907290557977,0.4654393475007782,0.5923163064411029,0.712844966702724,0.5476084816265181,0.2804255812342576,0.1837064718299116,0.3979730704613729,0.3363397500577951,0.5053239201899116,0.1926264112976066,0.1364815510553651,0.3369053148464346,0.6905920645879453,0.2966252495179785,0.5310919341824109,0.7061998017910605,0.7053240541649718,0.2698974583348605,0.7720989095438666,0.2719446310422538
KZ,0.3849085593755712,0.6169052346519754,0.3505372993346453,0.4447658992070528,0.5075013804887226,0.4122563824039368,0.5112111277521136,0.4202064301181715,0.2279894165590933,0.4532521256310402,0.6808304348631485,0.3043948753089384,0.4593219028226281,0.4352452661991389,0.5804416069626603,0.6722515283744055,0.208159090510431,0.1314508491546582,0.4851898402354032,0.399731538086465,0.3239903296538577,0.0,0.4246944272239427,0.4873429642771921,0.4414317600326122,0.4009199552240381,0.5486295170259178,0.6645944075588192,0.8676919892661411,0.6463728375392913,0.41909345613673,0.2929597449062943,0.4436249324198523,0.4687037747293852,0.6314232829777378,0.401470396947846,0.2723117368833654,0.4168953282828614,0.719587742179702,0.2344409343591482,0.4608454686217546,0.7744251577721962,0.7530870226539298,0.1555979780728983,0.8368330766052539,0.2171048230584397
LA,0.4317191588698827,0.5689409791365877,0.434990993926497,0.5105061815287697,0.6007682452912255,0.4346645554748154,0.4375368831123674,0.3994049384573972,0.4671775854633245,0.4974616583634981,0.5733917204755169,0.4173710172850309,0.4009014057836318,0.5767424733540295,0.5166521268567268,0.5305805789477349,0.4713406542952789,0.3951372561685208,0.4545342342641687,0.4347509236362127,0.3935247269270841,0.4246944272239427,0.0,0.4420787583357733,0.5211237188361042,0.3835677031123014,0.5733044660590219,0.5271930377897333,0.7298024310669603,0.5293712424768989,0.4289454997707969,0.4451688636723613,0.4961379729221453,0.5582660339580452,0.499303308423884,0.4372245360652508,0.4106037394654444,0.3737783620257457,0.5514418484852774,0.4421604296031254,0.6254221037266625,0.7795680969368326,0.6769029650794597,0.3681952127586801,0.7202735337482838,0.4298898824378611
LB,0.377138218595439,0.5348271009829181,0.3924982264707942,0.43762888971767,0.570394243846825,0.3739976464886642,0.4416885495569291,0.4117166951612235,0.5039907601303332,0.3847173622870239,0.5411255207088829,0.4325314825145303,0.3092248332125636,0.5912055387804007,0.4205959718793488,0.412842272858163,0.5442534348643121,0.457493432329896,0.4255374672777268,0.4361537620626691,0.3563530932854321,0.4873429642771921,0.4420787583357733,3.9424766765007245e-08,0.518631092489113,0.4372314054241584,0.5280132042884341,0.5288536718983196,0.6550122482344655,0.503830647925523,0.4073787398033674,0.4448319863859635,0.4712066622878917,0.5261645351833929,0.4188268212521181,0.3415895230757922,0.3867602489942416,0.3918997514921609,0.6256159146221106,0.4822882656972216,0.6629903922526249,0.6921301085589384,0.6491075130085359,0.4296028852693584,0.7247773203341923,0.4566286187469547
LK,0.3114788821547974,0.5229777125542638,0.4512633050280089,0.5372571455158051,0.3828262568718031,0.3297920444147932,0.5364384711783833,0.4495746678131811,0.4029283563531163,0.5019772450702285,0.7152364625526747,0.4477896194075875,0.5221312375315529,0.3553228353682059,0.6203579931094885,0.690131594765868,0.443283834526041,0.4372434263760901,0.52519416130791,0.4685744747268266,0.3377923721857382,0.4414317600326122,0.5211237188361042,0.518631092489113,0.0,0.4941064462439291,0.5754657728438681,0.6871798870050251,0.8068206317586043,0.6518308156129721,0.3683126201713507,0.296065469728192,0.49671731353504,0.2983212834195621,0.6615450403246597,0.3558545044604377,0.3324477621400872,0.4672165447570042,0.7730699060962599,0.4298020609273277,0.5938928391399986,0.8084516859783848,0.7573937412188666,0.4193887984185873,0.8558732361004141,0.4165123801902997
MM,0.3805997828662539,0.5498668410835218,0.3233408531886951,0.4199964733427728,0.5212685253480464,0.4020476590507122,0.4104007991996553,0.3002903899704909,0.3688243080618603,0.4010203810722768,0.6561515793365226,0.3582677076304542,0.4334217439655615,0.5375343104752924,0.5144254512131385,0.6009279940775402,0.4266943193572681,0.392060780945682,0.3741813585472341,0.4326400101854942,0.3415907290557977,0.4009199552240381,0.3835677031123014,0.4372314054241584,0.4941064462439291,0.0,0.4899658145860531,0.6303095274799396,0.6861755399166785,0.5508333813428372,0.3665654960393176,0.3826465563672481,0.5001651118884469,0.505543910473429,0.5461840406026243,0.3742598250132622,0.3419427392990279,0.4020315800673022,0.6962138596056414,0.3517599009339069,0.5876537165756462,0.747576904623365,0.7823975977554809,0.3280675305294759,0.7911241674283774,0.3669786329341188
MN,0.4825202731155726,0.643845947710848,0.4347687235246757,0.5005887291801129,0.6062992823519301,0.5038770890509905,0.5690317387058852,0.4533053186560167,0.4947922323481402,0.4149823534036388,0.7602774405077802,0.5077010982321323,0.5294076056840985,0.6083888077414248,0.6369615443098181,0.6888130735496293,0.5636584694273459,0.5477900216072774,0.5131671481768636,0.5712816032635465,0.4654393475007782,0.5486295170259178,0.5733044660590219,0.5280132042884341,0.5754657728438681,0.4899658145860531,3.6500241499888574e-08,0.7182617222981798,0.7925274835712214,0.6678242644584913,0.4861152327990713,0.5065338864979336,0.4679225883521444,0.586388351641482,0.6511298716891738,0.4646794534868375,0.4770008556050895,0.5523807856409089,0.8182030371276706,0.4911014144288018,0.6800065232083111,0.7648815656483244,0.836616905170466,0.493961483108683,0.8877800219328823,0.5186721566838496
MO,0.58268869473859,0.637609247768627,0.6467787387094004,0.6635188178290504,0.7483518600199681,0.5858280855876121,0.4803409960034904,0.6029450798347191,0.7305344533416179,0.6259795914912636,0.2655512999917856,0.635017120894304,0.4547945914705723,0.7642339919961239,0.5646915129701101,0.5507989017725584,0.7288556153863434,0.6204772472443411,0.6230961973337574,0.5350495195633191,0.5923163064411029,0.6645944075588192,0.5271930377897333,0.5288536718983196,0.6871798870050251,0.6303095274799396,0.7182617222981798,0.0,0.6699513548449596,0.4430473047442471,0.6015333188115501,0.6716298508620073,0.5845168475623868,0.7044197189558619,0.566225925462108,0.5633525471012817,0.6271706612558572,0.4217643151123081,0.512110434805083,0.7083283784673535,0.8614992009088036,0.8136483093129014,0.4252898363097028,0.6253192864598667,0.6097822163145475,0.662647371703773
MV,0.6760540132918336,0.697622918742975,0.7338518571272046,0.7473598474788102,0.8000852536064929,0.6803430359732433,0.6081343668681306,0.6544676434519175,0.855768776122453,0.7005393531077414,0.6946423099140463,0.7905787394736752,0.6310101331375679,0.8758926942210904,0.6724410603132758,0.6932001140456807,0.905048070502258,0.8384501243239345,0.6953089196149908,0.7387570935037421,0.712844966702724,0.8676919892661411,0.7298024310669603,0.6550122482344655,0.8068206317586043,0.6861755399166783,0.7925274835712214,0.6699513548449596,1.737759081973225e-07,0.6101315827607012,0.6641986216899747,0.7895180753043006,0.7916904630431565,0.7958892201994564,0.6962205794185145,0.6437542476861312,0.7532084425846585,0.6381407652724423,0.7733234976082668,0.840228945782278,1.0067919029818466,0.9189444048442365,0.8361634932440896,0.7965321527596162,0.812582698921037,0.8217555283358015
MY,0.5284879713889387,0.6261744028222759,0.5802943603270495,0.595793863441666,0.7016891639429015,0.5340479177882232,0.3580760375305739,0.5140053325770764,0.6819311676222021,0.5793013522272803,0.4772416799296611,0.5517517676116265,0.4624487997852071,0.7316881691242764,0.5593527930572919,0.5594444024976332,0.7052179323464838,0.6061330207433634,0.5440675219188003,0.550851614892096,0.5476084816265181,0.6463728375392913,0.5293712424768989,0.503830647925523,0.6518308156129721,0.5508333813428372,0.6678242644584913,0.4430473047442471,0.6101315827607012,8.940696716308595e-08,0.5227692823066633,0.6282876100541785,0.614854702725136,0.6627346153651766,0.5863547949638355,0.5077453950168126,0.5844566269171847,0.3859408771043609,0.5574254889021518,0.6569317090886237,0.8286930875938177,0.8008689305575918,0.5705624684325595,0.5951563556015819,0.666374720942457,0.6415941906323157
NP,0.2551603180031995,0.4529013571540858,0.3477658057869401,0.4416131307840025,0.3885346717802676,0.280580659587812,0.4264354267321176,0.2769899582457328,0.3759563036474031,0.3913354236256979,0.6315505512855437,0.3636942122480969,0.4115257492933368,0.4026538188117867,0.49901297516921,0.5781042493880956,0.4413106300257206,0.3986495335798445,0.425418808173482,0.4106816436301144,0.2804255812342576,0.41909345613673,0.4289454997707969,0.4073787398033674,0.3683126201713507,0.3665654960393176,0.4861152327990713,0.6015333188115501,0.6641986216899747,0.5227692823066633,2.356080457693621e-08,0.295759713514633,0.4496195732511371,0.3551144981935608,0.5570499707331573,0.2651698225321253,0.2878229177636934,0.358688474202291,0.6999612378872424,0.366515665796043,0.5952500197242352,0.7359838743862112,0.7191818028000146,0.3526675096768543,0.7717244424984729,0.371266908337426
OM,0.2083210858556988,0.498449102366825,0.3018753966582153,0.4321836636828862,0.3063816705307184,0.2198993558161507,0.4904610186673989,0.3488226039724256,0.2259133147463551,0.4077750020944816,0.6960584975136057,0.2962611039584267,0.4557401538596147,0.2897226295630924,0.5502354316253677,0.6407472111341643,0.2883141910930548,0.3032488890427424,0.4551223916461256,0.3908664330106997,0.1837064718299116,0.2929597449062943,0.4451688636723613,0.4448319863859635,0.296065469728192,0.3826465563672481,0.5065338864979336,0.6716298508620073,0.7895180753043006,0.6282876100541785,0.295759713514633,4.712160915387242e-08,0.4308021418850427,0.2742989242557885,0.6011422095157768,0.2617111063377305,0.1299860884410868,0.401270458634623,0.7605956563591353,0.2610373110116029,0.4998268799945029,0.7537561250178872,0.7696868712781675,0.2566092452113985,0.8431975229609876,0.2446165145008718
PH,0.4120024978286431,0.6028298585738472,0.4561627696104648,0.5188482152565235,0.5733263351511942,0.4434034446683487,0.4973561604716582,0.458535438606665,0.4187244335942707,0.4228746125370736,0.6274209206859436,0.4457435155770616,0.4513514361449381,0.5308151905338605,0.5978991102979105,0.659483298661814,0.4470435117565276,0.4439351585182917,0.5291170391810502,0.4687125779894855,0.3979730704613729,0.4436249324198523,0.4961379729221453,0.4712066622878917,0.49671731353504,0.5001651118884469,0.4679225883521444,0.5845168475623868,0.7916904630431565,0.614854702725136,0.4496195732511371,0.4308021418850427,5.960464477539064e-08,0.5411253639972358,0.622881439762395,0.4168616600392895,0.3962414360042382,0.4227687690584057,0.7125932760175979,0.4556916772464748,0.6151217391053735,0.7547290866255039,0.6865257079164623,0.4123215154590008,0.804454050118847,0.4229865970970187
PK,0.2801607529803664,0.4618268302205448,0.4492863181377495,0.535157038390406,0.3037235632319562,0.2979591137089037,0.556898516739949,0.4413731922937879,0.422700785786977,0.5110462162172817,0.7327775696969396,0.4578672310788275,0.5382265838816431,0.3169966428177664,0.604975671757128,0.69575598664228,0.4744092337539625,0.4569407307886736,0.534327347241767,0.4692060401522347,0.3363397500577951,0.4687037747293852,0.5582660339580452,0.5261645351833929,0.2983212834195621,0.505543910473429,0.586388351641482,0.7044197189558619,0.7958892201994564,0.6627346153651766,0.3551144981935608,0.2742989242557885,0.5411253639972358,0.0,0.6612873276488889,0.3416802033697645,0.3121790659868145,0.490418369131144,0.7991099380912656,0.4427828564229999,0.6230143466616165,0.8108199893211271,0.7800582889574995,0.4430385899724116,0.8602998678146788,0.4346935820791073
PS,0.5333885696777126,0.5956900139116766,0.5411913798862097,0.5761463106857648,0.6922846074657347,0.5362330957459785,0.5628384541794968,0.5662132291647849,0.6657079079350798,0.5604756198557068,0.5939207915434584,0.5921615001231995,0.3986599669921705,0.7265298581256614,0.4152949378136588,0.3739253083995925,0.6940979789751506,0.6090015435283304,0.554956334614845,0.572068057923122,0.5053239201899116,0.6314232829777378,0.499303308423884,0.4188268212521181,0.6615450403246597,0.5461840406026243,0.6511298716891738,0.566225925462108,0.6962205794185145,0.5863547949638355,0.5570499707331573,0.6011422095157768,0.622881439762395,0.6612873276488889,0.0,0.5021855394785243,0.545126196745091,0.5325665060814926,0.6698965237415241,0.639150361497843,0.7983208272599123,0.7763457132602204,0.7056353891067756,0.5721041277314913,0.7517755240530176,0.5832545732701796
QA,0.1810832563147657,0.4467581627477638,0.3083454009421068,0.3915298881189636,0.3775294006073538,0.1923741839177989,0.4069868384910586,0.3215880459102959,0.3815823056340222,0.3371370435974776,0.5875548149941482,0.3502866981563955,0.3525757742270861,0.4156771230235294,0.4612295081792413,0.5142993009952006,0.4425924341974846,0.3858060644837887,0.4080125721193967,0.383393270312273,0.1926264112976066,0.401470396947846,0.4372245360652508,0.3415895230757922,0.3558545044604377,0.3742598250132622,0.4646794534868375,0.5633525471012816,0.6437542476861312,0.5077453950168125,0.2651698225321253,0.2617111063377305,0.4168616600392895,0.3416802033697645,0.5021855394785243,0.0,0.2299219084837165,0.3291393490230784,0.6797990786890857,0.3688783962392729,0.5939182462500614,0.6904414200722835,0.6812424133177388,0.3407566808112134,0.7547393111466841,0.3594661560153784
SA,0.2023478564262186,0.4885509142609655,0.2658679575007027,0.3901743869738205,0.3570901005783616,0.221166175965576,0.4459577332714056,0.3113792592641197,0.2286497353881785,0.3651504470882638,0.6524578572345627,0.2612128438261044,0.3933833771006646,0.3404900060089628,0.4885162435443416,0.5801134191468695,0.2889161093290402,0.2722328154660477,0.4147788398756155,0.3575735059386618,0.1364815510553651,0.2723117368833654,0.4106037394654444,0.3867602489942415,0.3324477621400872,0.3419427392990279,0.4770008556050895,0.6271706612558572,0.7532084425846585,0.5844566269171847,0.2878229177636933,0.1299860884410868,0.3962414360042382,0.3121790659868145,0.545126196745091,0.2299219084837165,0.0,0.3603345743988437,0.7151345954692906,0.2423136700366158,0.4965881097217378,0.7183552770342397,0.7345895357125253,0.2239537993325314,0.8043844861996466,0.2168686484189778
SG,0.3305923842268478,0.5177518276771975,0.428578635621834,0.4919273235305768,0.5378227425922765,0.3547816030874507,0.2994358176179491,0.3649831888182094,0.4581499203580697,0.4523286275380817,0.4423074582343484,0.3860628216155098,0.3358134811925288,0.5222781888079946,0.4877519570947604,0.5376969523507057,0.467110783209975,0.3825249795473368,0.4537376728494256,0.3778579797246698,0.3369053148464346,0.4168953282828614,0.3737783620257457,0.3918997514921609,0.4672165447570042,0.4020315800673022,0.5523807856409089,0.4217643151123082,0.6381407652724423,0.385940877104361,0.358688474202291,0.401270458634623,0.4227687690584057,0.490418369131144,0.5325665060814926,0.3291393490230784,0.3603345743988437,8.752450439684638e-08,0.5639522804504478,0.4437006456688767,0.6484422533854084,0.7417044431628996,0.5572453735065082,0.3724522078697638,0.6701535988124747,0.4170868421494546
TH,0.6892632223671582,0.7394104232093429,0.7308440998056832,0.7465126198125164,0.8420618331875381,0.6934379382512923,0.5863429988071072,0.6873768167385645,0.7931604305941724,0.7223935056327555,0.5206331251763908,0.7023320507504245,0.5699020571602629,0.8342391964022452,0.6658532822088261,0.6272863840174083,0.7739368379360322,0.6790746567413669,0.6923330589133403,0.6196007088232335,0.6905920645879453,0.719587742179702,0.5514418484852774,0.6256159146221106,0.7730699060962599,0.6962138596056414,0.8182030371276706,0.512110434805083,0.7733234976082668,0.5574254889021518,0.6999612378872424,0.7605956563591353,0.7125932760175979,0.7991099380912656,0.6698965237415241,0.6797990786890857,0.7151345954692906,0.5639522804504478,4.214684851089404e-08,0.7705085511931575,0.8958525782110407,0.908704859985669,0.5769332050945064,0.6933026147681008,0.6542812716261129,0.7371926934591918
TJ,0.3584663767177335,0.5895994685247838,0.2820187573302288,0.4035275839285995,0.4628339675101633,0.3822967736954394,0.5105024267370796,0.3543794204754387,0.1839916344297945,0.3988325435153821,0.7333646136256368,0.27660054754718,0.4737837836598139,0.4269737333819766,0.5797690999347596,0.672936057288427,0.2424530893707405,0.2485251593161875,0.4499001176572922,0.4210840358779641,0.2966252495179785,0.2344409343591482,0.4421604296031254,0.4822882656972216,0.4298020609273277,0.3517599009339069,0.4911014144288018,0.7083283784673535,0.840228945782278,0.6569317090886237,0.366515665796043,0.2610373110116029,0.4556916772464748,0.4427828564229999,0.639150361497843,0.3688783962392729,0.2423136700366158,0.4437006456688767,0.7705085511931575,4.439195725252102e-08,0.4662466107006156,0.7510084913724521,0.8158061501509897,0.1796642815228513,0.8695277444310715,0.2132093376120323
TM,0.5807916200218318,0.7858489989752324,0.5468195413809303,0.5843867985031417,0.6507231838314133,0.5968004758171632,0.7111685980404184,0.6061729763085758,0.4441452355162657,0.6233103042102903,0.8802503856795832,0.5182393155403539,0.6672211612158163,0.5838973383660436,0.763867830675952,0.8435790714739841,0.4517284418514212,0.4792882992239211,0.6569288671283452,0.6183619777303179,0.5310919341824109,0.4608454686217546,0.6254221037266625,0.6629903922526249,0.5938928391399986,0.5876537165756462,0.6800065232083111,0.8614992009088036,1.0067919029818466,0.8286930875938177,0.5952500197242352,0.4998268799945029,0.6151217391053735,0.6230143466616165,0.7983208272599123,0.5939182462500614,0.4965881097217378,0.6484422533854084,0.8958525782110407,0.4662466107006156,0.0,0.8201088372155614,0.931306924381104,0.4672637884300133,1.001532002088574,0.4658758948039796
TR,0.7217907295929725,0.8183236640720032,0.6835156882378507,0.5009800750627565,0.8232040392202671,0.7224833188380979,0.7585136219765242,0.7196441894037869,0.7742677851809442,0.6855187341311483,0.8397989755969998,0.7299414306235179,0.6962256458630669,0.856815950941175,0.7759844557815003,0.7839645802349812,0.8137139507614978,0.7600986071053318,0.7341874278682049,0.7552628417526885,0.7061998017910605,0.7744251577721962,0.7795680969368326,0.6921301085589384,0.8084516859783848,0.747576904623365,0.7648815656483244,0.8136483093129014,0.9189444048442365,0.8008689305575918,0.7359838743862112,0.7537561250178872,0.7547290866255039,0.8108199893211271,0.7763457132602204,0.6904414200722835,0.7183552770342397,0.7417044431628996,0.908704859985669,0.7510084913724522,0.8201088372155614,6.495265578539185e-08,0.9185282301823406,0.731786795795506,0.938136009891823,0.750790507545219
TW,0.6937469624525906,0.759029633000392,0.7760732316450569,0.7977039748655984,0.8362279768283722,0.693860589287731,0.646428258114551,0.7370527859262369,0.8263745505987427,0.7554226196811941,0.383603843763759,0.7490040773186996,0.5934110087561265,0.8284516549482203,0.7062766581267075,0.6765428871119856,0.8025019287260312,0.7111694548103465,0.7634062826996688,0.6120883383538838,0.7053240541649718,0.7530870226539298,0.6769029650794597,0.6491075130085359,0.7573937412188666,0.7823975977554809,0.836616905170466,0.4252898363097028,0.8361634932440896,0.5705624684325595,0.7191818028000146,0.7696868712781675,0.6865257079164623,0.7800582889574995,0.7056353891067756,0.6812424133177388,0.7345895357125253,0.557245373506508,0.5769332050945064,0.8158061501509897,0.931306924381104,0.9185282301823406,9.424321830774485e-08,0.7424066969210881,0.6900076395079767,0.7634630260242918
UZ,0.3345919857819586,0.566698528196658,0.2756962831611987,0.3826079574660895,0.4757355392641457,0.3598106273173644,0.4552413417157339,0.3423931223620512,0.2005303081661625,0.3887915394177125,0.6511819000083808,0.2546530971534573,0.4036605672242107,0.4305803787681792,0.5284067660753755,0.6096362705280546,0.2250716520376967,0.1675324583587734,0.4241421683200301,0.370943073121794,0.2698974583348605,0.1555979780728983,0.3681952127586802,0.4296028852693584,0.4193887984185873,0.3280675305294759,0.493961483108683,0.6253192864598667,0.7965321527596162,0.5951563556015819,0.3526675096768543,0.2566092452113985,0.4123215154590008,0.4430385899724116,0.5721041277314913,0.3407566808112134,0.2239537993325314,0.3724522078697638,0.6933026147681008,0.1796642815228513,0.4672637884300133,0.731786795795506,0.7424066969210881,0.0,0.7997561778196586,0.18949579251765
VN,0.7715179413264165,0.797343077044685,0.8087565342854108,0.8177378858112347,0.8944740285994807,0.7677480049374201,0.7013929982738255,0.7651952122485925,0.8885818402138166,0.8126679881973821,0.6102609361749658,0.7971599789585639,0.6648735088719677,0.9120913809486816,0.7560677026267635,0.7196250252131636,0.8853324371914967,0.8042876424319945,0.7595040805872765,0.7253147733917757,0.7720989095438666,0.8368330766052539,0.7202735337482838,0.7247773203341923,0.8558732361004141,0.7911241674283774,0.8877800219328823,0.6097822163145475,0.812582698921037,0.666374720942457,0.7717244424984729,0.8431975229609876,0.804454050118847,0.8602998678146788,0.7517755240530176,0.7547393111466841,0.8043844861996466,0.6701535988124747,0.6542812716261129,0.8695277444310715,1.001532002088574,0.938136009891823,0.6900076395079767,0.7997561778196586,0.0,0.8317552835862588
YE,0.3509809074451616,0.5769634086826906,0.3002466517428015,0.4261617409596687,0.4573777741360785,0.3754279297798885,0.4999964930514329,0.3727748575088853,0.175392853706215,0.4132759288339501,0.6791895962371817,0.2709591357253892,0.4372550992622366,0.4147156032969225,0.5285328275887686,0.6361120120267796,0.209388680306425,0.2371730530525642,0.4603826480275539,0.3890261832139251,0.2719446310422538,0.2171048230584397,0.4298898824378611,0.4566286187469547,0.4165123801902997,0.3669786329341188,0.5186721566838496,0.662647371703773,0.8217555283358015,0.6415941906323157,0.371266908337426,0.2446165145008718,0.4229865970970187,0.4346935820791073,0.5832545732701796,0.3594661560153784,0.2168686484189778,0.4170868421494546,0.7371926934591918,0.2132093376120323,0.4658758948039796,0.750790507545219,0.7634630260242918,0.18949579251765,0.8317552835862588,0.0
