ISO_CODE,AG,AI,AR,AW,BB,BM,BO,BQ,BR,BS,BZ,CA,CL,CO,CR,CW,DM,DO,EC,GD,GF,GL,GP,GT,GY,HN,HT,JM,KN,KY,LC,MQ,MS,MX,NI,PA,PE,PM,PR,PY,SR,SV,SX,TC,TT,US,UY,VC,VE,VG,VI
AG,1.460009659995543e-07,1.760710394455285,1.997129850650588,2.0026504146011352,1.3195886278044633,1.7651133638150995,2.008686877719891,2.4303193259060265,1.884688586859214,1.580581935715876,1.5861472494628002,1.6385322654899752,2.0732158191000725,1.8281945974909848,2.445257837708975,1.9869708734461853,1.3412306758271304,1.7671153240172122,2.036334742334416,1.362940854168981,1.7642245467693018,2.0862048136007028,1.6985855511025758,1.897733911133424,1.4083681144913318,1.9079179435904656,1.6306933305102105,1.3561776607031972,1.634350266303528,1.553108488315968,1.2706259079794888,1.7590048552278983,3.3108454822135767,1.8821112220078384,1.9835877705423772,1.7956617822478835,1.8857510390222956,3.4650531459771456,2.5434070181606145,2.220369501065716,1.6635928705759373,2.0866864899990745,1.6651102083438538,1.4556235219918017,1.6821279486223528,1.523838994362548,2.1151265089384346,1.344986127987356,1.6799312453867246,1.9044861153534136,1.8051817097651703
AI,1.760710394455285,0.0,2.191193753825221,2.1221385084389763,1.7444911001122805,1.9738373336075368,2.2027460337632685,2.4120421461341657,2.088006231583176,1.899164257437937,1.922284215895024,1.916524257891564,2.268936429256676,2.04980938721877,2.5865261936334303,2.121618969605805,1.683511988118287,1.9850509540217416,2.251939814181726,1.8069107912241087,1.8690573699457989,2.245315044957628,1.7060489130772751,2.133773429223443,1.80673465482878,2.134374146861929,1.8985892163052387,1.7816845226383544,1.8764277529098103,1.850219312729588,1.6885915039857218,1.8130914694747051,3.511394905012952,2.107950632695595,2.1945902314508183,2.0442663705844235,2.105175102159268,3.45916923113911,2.66042079594694,2.3954551263895527,1.9375913683459265,2.26802482714975,1.3848569412958789,1.686104823614345,2.0504419939653205,1.8047264160770304,2.322477481903296,1.7456268623590594,1.9312132548471097,1.9862016111904888,1.9479244950991133
AR,1.997129850650588,2.191193753825221,2.731427964541817e-07,2.0482867730216245,1.8256327373736916,1.9564251698543047,1.4329014198408605,2.582645624057397,1.6050629542317432,1.8583051668955544,1.7439887967168632,1.7174954166166545,1.450842460011235,1.4665667805132143,1.9939060873418413,2.0929860017232382,1.9363575695999569,1.5691414176226202,1.5922917416071865,1.983320871830096,1.933551504934191,2.0501206690268674,2.015933162698206,1.5567898521747974,1.8270278314009296,1.639003230881568,1.7686888350837149,1.828223128584033,2.2707122541842817,1.9449015111381327,1.876098233375652,2.0255082231141053,3.703647025452879,1.4485177447969122,1.6417580665583946,1.5378079164324667,1.4544878871907905,3.387792833759764,2.337532666567553,1.430357273936952,1.85193458090914,1.7275523629814546,2.12293115423716,1.8102974760603912,2.1208118130985625,1.5432037957490747,1.316589840501732,1.9167179060515815,1.3671301175762542,2.270850096343576,2.1867799551219185
AW,2.0026504146011352,2.1221385084389763,2.0482867730216245,1.3978528260658472e-07,1.9158122844132544,2.0685916362386454,2.0894938622803925,1.8213661694711551,2.062897801361068,1.994662740699688,1.921706260133225,2.0424525839205554,2.115875759506706,1.9320346750973407,2.312017223387517,1.1123587778221935,2.017166865015215,1.919757285086008,2.084791969640095,2.019315323334894,2.098923270255188,2.307112554566051,2.069447038846689,2.038663377550395,1.9822552638878,2.025553564570717,2.034857865400556,1.9797418209963624,2.1380465868972043,1.9298832143123472,1.944111635663604,2.1032637317717544,3.66461708288304,1.9891488722065775,2.039381371057672,1.9531418734531023,2.026190096845178,3.5356167583059976,2.4380202242701645,2.1974847024212463,1.7361876296068668,2.1487931513084684,1.7527064151283818,1.893078879943268,2.098970967730901,1.9042797889970755,2.1343550831274194,2.00373432204266,1.868873841939708,2.242499646159653,2.1478138384809364
BB,1.3195886278044633,1.7444911001122805,1.8256327373736916,1.9158122844132544,0.0,1.603356652826673,1.849282903343921,2.40083405082679,1.684662659631258,1.3373929242166651,1.3820366863617644,1.3791529700447631,1.91538115834952,1.6271130988738254,2.356659946539088,1.8842435443114829,1.2860683960577917,1.627789904793073,1.871957725219083,1.1500544593567044,1.577917696544818,1.9166202693787888,1.5870193594961606,1.7429512925871,1.11700474723401,1.7443759997391164,1.3885469800133183,1.1843082657461184,1.6990467446866444,1.4500060133915762,1.0242301675228571,1.6068696762367305,3.4168540899242337,1.7225171610860062,1.8257692310671745,1.6063283381026894,1.711365824417772,3.3800245125072617,2.4813467589467453,2.0846350696593032,1.4675289112909975,1.9369535765725128,1.6516246033538764,1.272072953261566,1.446407832749833,1.260292054534924,1.97164857241736,1.0848392688672817,1.4641425835283737,1.8884427436010265,1.768437273403648
BM,1.7651133638150995,1.9738373336075368,1.9564251698543047,2.0685916362386454,1.603356652826673,1.788139343261719e-07,1.979919299708944,2.526379146199612,1.8015883017609904,1.65417351749715,1.730065865090049,1.5327601900357462,2.0338567007447814,1.8257738841952165,2.4353406683431045,2.085649956163738,1.7611701639907746,1.8628395414716628,2.0097432664191888,1.702719861198164,1.8885790086698375,1.9555046374900984,1.904979593224668,1.9087796396155228,1.6574733903179462,1.925723699794397,1.7214118581715363,1.5848200591264834,1.9956739648103503,1.6256806351544255,1.6504923431663965,1.9079839084317651,3.540528452442897,1.8713627885651596,2.010306477472906,1.8125526743008613,1.8673225623210272,3.392654479024167,2.5666589456500764,2.1662710991856926,1.788169995099996,2.081603676580453,1.9081279515444312,1.5658255728880055,1.947650205311385,1.4166566636526934,2.093149110546252,1.6938934089518476,1.7165124136157828,2.093016495273483,1.9528963386904004
BO,2.008686877719891,2.2027460337632685,1.4329014198408605,2.0894938622803925,1.849282903343921,1.979919299708944,1.5769906706002898e-07,2.6453244973750665,1.6611454530467062,1.879951564347011,1.7719424879517252,1.742071118729605,1.6046386881327026,1.523596347771282,2.105906883210367,2.1345917334556512,1.9591779591085885,1.5962125840986978,1.6122244690100642,1.989042408977236,1.9457077365824496,2.0859253309054715,2.0360682211938768,1.6179651891114832,1.826711837995849,1.670321967413002,1.7649164694844288,1.8205197763494048,2.2934982359424847,1.9667943833375936,1.888124685329868,2.062098128373583,3.755873497841128,1.4866531235107074,1.687934233850083,1.5832336139982348,1.4186367367695576,3.4456952943631745,2.423671007671012,1.6415322114562088,1.8629936835779397,1.7943330488074394,2.1293105448056497,1.8300301159390395,2.118897817343365,1.5539137136455734,1.6535697953434436,1.9271851150653347,1.3593808356375998,2.311428966474457,2.200856774007402
BQ,2.4303193259060265,2.4120421461341657,2.582645624057397,1.8213661694711551,2.40083405082679,2.526379146199612,2.6453244973750665,1.460009659995543e-07,2.565742799406392,2.5094417722134974,2.4559768375819973,2.550594909904978,2.6616636147909376,2.497630333642096,2.7894609968704542,1.7331578153172174,2.4283956068490093,2.459909009571027,2.614164148245462,2.48684669750884,2.562862826910998,2.7705954398834307,2.5371356326438783,2.5817856080619217,2.470859050988655,2.55991401555154,2.556403835327276,2.485400293308496,2.527639677535148,2.411027840659104,2.405143637691173,2.5638516577699626,3.869508984237872,2.542475005938165,2.5942107210106773,2.516160405856151,2.568600010890557,3.863167114580828,2.864631539900828,2.709256131789626,2.2282931242605755,2.656295181817736,2.0527482710645963,2.3366848972264087,2.5878870160170093,2.4568048777640312,2.6812702633268928,2.4717616376920244,2.4741244532824647,2.598202521696494,2.515012528724812
BR,1.884688586859214,2.088006231583176,1.6050629542317432,2.062897801361068,1.684662659631258,1.8015883017609904,1.6611454530467062,2.565742799406392,0.0,1.7049754540033832,1.7283145286983963,1.5354037967528302,1.7687849867058325,1.5738421816035852,2.272895645273612,2.0318606084821806,1.8390330148219425,1.6934093975463762,1.7589686307869687,1.8520908790113988,1.6969182495762405,1.9568784180316157,1.869938726571278,1.6762466701264196,1.65503486112077,1.7393557301317748,1.5748703689125627,1.643633793086965,2.187965336679132,1.827833120465132,1.7164410303964046,1.8725726303940209,3.725868811718475,1.613189601157744,1.806342219788351,1.5958274989151848,1.5414287748714686,3.317866043154841,2.5149491814511813,1.76311123782568,1.6911046211709104,1.886661718711776,2.0350437020827163,1.7121554436788362,2.0237154073543464,1.3586520017698618,1.7292933382169366,1.7878688530284326,1.4361920476426129,2.2362711567509703,2.105709587270051
BS,1.580581935715876,1.899164257437937,1.8583051668955544,1.994662740699688,1.3373929242166651,1.65417351749715,1.879951564347011,2.5094417722134974,1.7049754540033832,0.0,1.5670911917614772,1.4110722081816407,1.939239051456641,1.6601016387982157,2.415123503169655,1.957830191631288,1.5568519824922344,1.688085172134766,1.9126552449242005,1.5350632438903389,1.6971244666842382,1.936599032966346,1.7255524074392528,1.793524464252972,1.411082293375398,1.7976556012861953,1.4299571041472217,1.3124816795243095,1.918756427253845,1.4885257687784803,1.421542189350841,1.7403350159354232,3.52517685954902,1.7698451549568168,1.8971749624298588,1.6592742702730512,1.7388986566814366,3.4004534240522983,2.530606405450603,2.120065630487233,1.619977550144584,1.990097370533416,1.796700943952941,1.2081243318142,1.755029544097314,1.2553615898570734,2.0124069361256987,1.4374465804563112,1.5169238731438424,2.0323740990552044,1.8564335482555867
BZ,1.5861472494628002,1.922284215895024,1.7439887967168632,1.921706260133225,1.3820366863617644,1.730065865090049,1.7719424879517252,2.4559768375819973,1.7283145286983963,1.5670911917614772,0.0,1.4899680687465766,1.8490527494845104,1.6312367034942414,2.076620415103269,1.9314699449177823,1.5491903973252128,1.5717783715404736,1.791394758213054,1.5045191388701054,1.734742753157005,1.9647047926665049,1.752174259427316,1.431317082632035,1.431704399641767,1.559911677028544,1.5636746339309768,1.432318425317969,1.8727749394405655,1.6072611204846308,1.4276620317264257,1.7796333345501638,3.5103645331795628,1.4945257266166565,1.570628482186782,1.501044858286124,1.676831501449633,3.3808140097116803,2.3607386559600925,1.9455716520765045,1.6357950072984524,1.6733579042125053,1.7959863749666023,1.4911657437483212,1.7759863535262297,1.321456367817666,1.8876338156515264,1.4627433690298033,1.437232318258736,2.010357505582321,1.8849164741722777
CA,1.6385322654899752,1.916524257891564,1.7174954166166545,2.0424525839205554,1.3791529700447631,1.5327601900357462,1.742071118729605,2.550594909904978,1.5354037967528302,1.4110722081816407,1.4899680687465766,0.0,1.8057389288543704,1.515532864950664,2.3291577977925684,2.005467266063819,1.580358177232726,1.5961574078304688,1.7825601348385436,1.5823762721753032,1.6377928915499786,1.7191640105079653,1.7031859943118877,1.6362045339485762,1.3863046008137996,1.6747885036322132,1.2876283769696817,1.2909768316697856,1.9600645058128587,1.5694278584793586,1.4473107055119303,1.7046643512862485,3.5256106887031984,1.566123172784696,1.7870271521791563,1.5449988754361947,1.5675624208218444,3.2113701619388806,2.533909454582721,2.008467814666478,1.5836655758283025,1.8603317644821225,1.80849599463881,1.378940978841288,1.8011847592672097,0.949114001027053,1.890288359511208,1.4887149031825233,1.3437940743557668,2.0744318140754587,1.9061272201854689
CL,2.0732158191000725,2.268936429256676,1.450842460011235,2.115875759506706,1.91538115834952,2.0338567007447814,1.6046386881327026,2.6616636147909376,1.7687849867058325,1.939239051456641,1.8490527494845104,1.8057389288543704,5.092623081992585e-07,1.6060126883145305,2.113279350177027,2.174652965541498,2.0233252906460426,1.6352440201661138,1.7033223255972438,2.0622741698777944,1.9755579501361749,2.1603771788579915,2.0401135059881605,1.7097670138987455,1.9098869710350448,1.768065267905669,1.827108368739875,1.9067951963396048,2.3424303002491755,2.0202742984901745,1.9604703099652367,2.0554643168963813,3.7743248393762263,1.578263044295249,1.7767850321291176,1.6502959308409118,1.5474251293198025,3.4570044900373413,2.3940334357069686,1.728817050009463,1.9417617174681152,1.8669899347678431,2.191510317068747,1.900680293631236,2.188107737407835,1.6398169570531007,1.6491164362496549,1.9950517654589304,1.4878192045810252,2.3628741546179675,2.2490198937845145
CO,1.8281945974909848,2.04980938721877,1.4665667805132143,1.9320346750973407,1.6271130988738254,1.8257738841952165,1.523596347771282,2.497630333642096,1.5738421816035852,1.6601016387982157,1.6312367034942414,1.515532864950664,1.6060126883145305,1.97686242482388e-07,2.083564675257737,1.963259082350822,1.741766290477855,1.4407202955333434,1.4767185270352747,1.780789247924402,1.7468107532234909,1.941172723865049,1.842895523401996,1.4806063366691014,1.6164625913282549,1.5328347729673704,1.5316827541074418,1.588139892158165,2.179412647998078,1.8140264249419649,1.6565504537389737,1.8557556987671868,3.73485680662496,1.4465802687036329,1.592703472454393,1.3256070168665923,1.390145651950358,3.381601729889659,2.394046566592347,1.7256037566867006,1.697327983385357,1.697581120993835,1.9525366812481504,1.6302018082937344,1.9891565971387075,1.3409092776751097,1.6726767352626242,1.702031658925424,1.0647968504368397,2.19541579226632,2.0574782698804865
CR,2.445257837708975,2.5865261936334303,1.9939060873418413,2.312017223387517,2.356659946539088,2.4353406683431045,2.105906883210367,2.7894609968704542,2.272895645273612,2.415123503169655,2.076620415103269,2.3291577977925684,2.113279350177027,2.083564675257737,0.0,2.4037623627735774,2.4540621885474247,2.0564778461407087,2.1115278899129653,2.4741719182046844,2.4406742368590586,2.591995388133697,2.4337534642718515,1.9089491716400784,2.402151388032155,1.978837921773995,2.4099969025875327,2.39786860496302,2.573507686474497,2.3573301051755258,2.381977969354526,2.4375412365260813,3.9407682440170606,1.9710840668679792,1.7439930903534515,1.8797756376345929,2.117075254084457,3.623832614146243,2.4608435941126867,2.055788506844279,2.3492381339687305,1.9298561216669288,2.477646080447069,2.339456449013467,2.4996758494498077,2.1921218341915294,2.0718714971452634,2.444270306840396,2.0787534564659325,2.6411884026922525,2.5627755764392406
CW,1.9869708734461853,2.121618969605805,2.0929860017232382,1.1123587778221935,1.8842435443114829,2.085649956163738,2.1345917334556512,1.7331578153172174,2.0318606084821806,1.957830191631288,1.9314699449177823,2.005467266063819,2.174652965541498,1.963259082350822,2.4037623627735774,0.0,1.973404293856512,1.8826023408405876,2.128725866131457,1.999595610396626,2.066385192221425,2.298616030053062,2.055397718061855,2.034569062390741,1.9214844687796628,2.0190212721959107,1.978369326737376,1.92874912905241,2.207815500160521,1.9495741400808224,1.912146804615283,2.102614558633115,3.650599555455045,1.9937850485181103,2.0575257607594537,1.95895130181262,2.0327822355667498,3.5738486581831905,2.540356172048765,2.2678263710587223,1.6188531057182651,2.162232214908936,1.6861362383907517,1.8959742089245504,2.091374205144209,1.8346691776386168,2.203101482239381,1.9561203451093103,1.870736221182701,2.2553504024419686,2.173588031305319
DM,1.3412306758271304,1.683511988118287,1.9363575695999569,2.017166865015215,1.2860683960577917,1.7611701639907746,1.9591779591085885,2.4283956068490093,1.8390330148219425,1.5568519824922344,1.5491903973252128,1.580358177232726,2.0233252906460426,1.741766290477855,2.4540621885474247,1.973404293856512,8.429369702178808e-08,1.622022316298524,1.9763652109180136,1.3452174874106273,1.666061079837855,2.0030605145233054,1.5846210317559295,1.8418093658506005,1.367143254230888,1.842155967660888,1.4932822428971866,1.3219384275666242,1.795962179707781,1.6335792121827044,1.1248935244989842,1.671447324863768,3.36744183498539,1.8160663366456815,1.916114664605759,1.7417251708881831,1.8091846284754525,3.4215347113361925,2.576159423952376,2.1894644591010137,1.633991835424988,2.042613877135382,1.6154497877031542,1.3937855799219507,1.762197883507237,1.4484040634292523,2.099686617314126,1.2459914646540535,1.5436004260758855,1.8771782920814204,1.820297048645403
DO,1.7671153240172122,1.9850509540217416,1.5691414176226202,1.919757285086008,1.627789904793073,1.8628395414716628,1.5962125840986978,2.459909009571027,1.6934093975463762,1.688085172134766,1.5717783715404736,1.5961574078304688,1.6352440201661138,1.4407202955333434,2.0564778461407087,1.8826023408405876,1.622022316298524,0.0,1.6105221502901832,1.760448487625005,1.755884921750162,2.006667038428541,1.764090515533992,1.523851712900254,1.6200250294807348,1.5443940847179547,1.4984299421454783,1.608999899558578,2.0860389404766444,1.78200218511986,1.6528303785286182,1.846692264955473,3.548588097906701,1.4618409806506054,1.514930585589597,1.4399701454000082,1.5243840030091615,3.4095782188538446,2.232261495556754,1.7745975727788943,1.7035781778203825,1.7074280860106057,1.8603587446277097,1.5787778167434676,1.9543494349518915,1.4041270078802892,1.7645613975152985,1.6864023627013849,1.2025802132364696,2.0928300995640896,1.9792920330942263
EC,2.036334742334416,2.251939814181726,1.5922917416071865,2.084791969640095,1.871957725219083,2.0097432664191888,1.6122244690100642,2.614164148245462,1.7589686307869687,1.9126552449242005,1.791394758213054,1.7825601348385436,1.7033223255972438,1.4767185270352747,2.1115278899129653,2.128725866131457,1.9763652109180136,1.6105221502901832,3.264680847556389e-07,2.018581266079111,1.9744058135343705,2.135588769784488,2.050707868307521,1.635732554976765,1.8607715995535803,1.6873165362438527,1.805894714360457,1.860313468677649,2.3106200529178293,2.0002559099876605,1.916642123590499,2.073256303380666,3.752675288747548,1.539294200223788,1.6885738523686131,1.575667650946392,1.506437934003778,3.469197670344238,2.428661855517944,1.7627970607774703,1.9075342803237685,1.8029571721947732,2.151390351834766,1.869578908180576,2.174460348719561,1.6138804409355667,1.7455054565501504,1.957183294355362,1.3856204354184118,2.324644689755465,2.2295068985038258
GD,1.362940854168981,1.8069107912241087,1.983320871830096,2.019315323334894,1.1500544593567044,1.702719861198164,1.989042408977236,2.48684669750884,1.8520908790113988,1.5350632438903389,1.5045191388701054,1.5823762721753032,2.0622741698777944,1.780789247924402,2.4741719182046844,1.999595610396626,1.3452174874106273,1.760448487625005,2.018581266079111,0.0,1.7044672446458162,2.0390213433137814,1.6947848447749811,1.879997446970939,1.235767790947501,1.8676048229115776,1.5698218269157205,1.3146491681252692,1.7647661450861627,1.595047252733474,1.1094098582147112,1.7499318727544575,3.3788348842062645,1.8669421909036483,1.941872739277656,1.7812346242254804,1.8581398220371823,3.442982468422696,2.5851899163840173,2.2112008802414627,1.615754429726313,2.0630306683626545,1.7432269861147256,1.4203374113906535,1.528612178920027,1.4685420118017345,2.121468607843032,1.0499974777111476,1.6031897306792762,1.917857019438579,1.8683241539023447
GF,1.7642245467693018,1.8690573699457989,1.933551504934191,2.098923270255188,1.577917696544818,1.8885790086698375,1.9457077365824496,2.562862826910998,1.6969182495762405,1.6971244666842382,1.734742753157005,1.6377928915499786,1.9755579501361749,1.7468107532234909,2.4406742368590586,2.066385192221425,1.666061079837855,1.755884921750162,1.9744058135343705,1.7044672446458162,0.0,2.0660675915458087,1.0400225602935715,1.8720522235304216,1.2889783569396285,1.8995232649857452,1.5225076247325964,1.5838899783804503,2.109505724087004,1.803788337982567,1.563579569978541,1.0174786109739056,3.631658770186338,1.827271888895159,1.957362039067608,1.7609468580607874,1.7855261923041563,3.2889730226186704,2.598752871872228,2.143417164322238,1.56311069069895,2.071170594495629,1.8456166700925485,1.6227835409767664,1.9399469974472217,1.5270104962925055,2.043842321383216,1.6492596190967834,1.5965500923485094,2.135913112623232,2.030753757503421
GL,2.0862048136007028,2.245315044957628,2.0501206690268674,2.307112554566051,1.9166202693787888,1.9555046374900984,2.0859253309054715,2.7705954398834307,1.9568784180316157,1.936599032966346,1.9647047926665049,1.7191640105079653,2.1603771788579915,1.941172723865049,2.591995388133697,2.298616030053062,2.0030605145233054,2.006667038428541,2.135588769784488,2.0390213433137814,2.0660675915458087,2.731427964541817e-07,2.130215118355644,2.0079063779649893,1.9091209328533991,2.057212893962545,1.8648901490887515,1.892923274163362,2.3244950729201315,2.023743516876444,1.9456668772898384,2.147688984113124,3.802778179935847,1.9794435862226991,2.150106851505308,1.9957271162791144,1.9770106412142905,3.487925800320321,2.7873301843028,2.2700634354358886,1.9858849311283568,2.2063646504717704,2.198302657253721,1.8842873396405784,2.239272577462358,1.6287082074620765,2.2023680663992677,1.9741321787942216,1.838923471170464,2.3442648428028727,2.2528867758970788
GP,1.6985855511025758,1.7060489130772751,2.015933162698206,2.069447038846689,1.5870193594961606,1.904979593224668,2.0360682211938768,2.5371356326438783,1.869938726571278,1.7255524074392528,1.752174259427316,1.7031859943118877,2.0401135059881605,1.842895523401996,2.4337534642718515,2.055397718061855,1.5846210317559295,1.764090515533992,2.050707868307521,1.6947848447749811,1.0400225602935715,2.130215118355644,0.0,1.9476808012646063,1.55454614785816,1.9560286419038144,1.64339041307893,1.6483001073389227,1.964176723481199,1.7647770937922926,1.5009955380811126,0.6849695441032914,3.5812553131077896,1.9072226252315712,2.011132592779884,1.8273007738385236,1.8938831609410107,3.295117515580936,2.5479660842417453,2.215903850883733,1.777243626756883,2.1241984317273563,1.6950495961893297,1.6367560113748094,1.9205057845950768,1.6139010658120938,2.1135442098964465,1.6399625665939843,1.7119523003587451,2.1105447660926915,1.9980634583521169
GT,1.897733911133424,2.133773429223443,1.5567898521747974,2.038663377550395,1.7429512925871,1.9087796396155228,1.6179651891114832,2.5817856080619217,1.6762466701264196,1.793524464252972,1.431317082632035,1.6362045339485762,1.7097670138987455,1.4806063366691014,1.908949171640078,2.034569062390741,1.8418093658506005,1.523851712900254,1.635732554976765,1.879997446970939,1.8720522235304216,2.0079063779649893,1.9476808012646063,1.9542689693874122e-07,1.7405585635501954,1.3015719857939765,1.681782712024319,1.7148737932388964,2.195533311959185,1.856095371117615,1.771988879967876,1.9557538127739988,3.702306027734597,1.3558541808045446,1.3527033573345308,1.4006415501529232,1.508485346733041,3.410752511127078,2.370129660287154,1.7367087187188002,1.7984881914298316,1.341901962333932,2.0481960481126444,1.730068421428251,2.0488542177953466,1.4524141439622125,1.73483465881359,1.816316874138484,1.3220726121466069,2.229196261971134,2.13074314144908
GY,1.4083681144913318,1.80673465482878,1.8270278314009296,1.9822552638878,1.11700474723401,1.6574733903179462,1.826711837995849,2.470859050988655,1.65503486112077,1.411082293375398,1.431704399641767,1.3863046008137996,1.9098869710350448,1.6164625913282549,2.402151388032155,1.9214844687796628,1.367143254230888,1.6200250294807348,1.8607715995535803,1.235767790947501,1.2889783569396285,1.9091209328533991,1.55454614785816,1.7405585635501954,0.0,1.7479455634408807,1.3752837092368682,1.1932602409586106,1.832476226950319,1.5519482826849866,1.201897929497871,1.5768929556729805,3.447140314281345,1.7002832586027583,1.8341116017574557,1.6337506843743788,1.673937873061717,3.37277603663712,2.53958341236658,2.076775183477181,1.3041930474651589,1.9528026584733105,1.7129615612065685,1.3654806590086714,1.538751162783143,1.22714339006598,1.9828537627211065,1.1815366944766703,1.413869096664147,1.913219735446652,1.843682987268627
HN,1.9079179435904656,2.134374146861929,1.639003230881568,2.025553564570717,1.7443759997391164,1.925723699794397,1.670321967413002,2.55991401555154,1.7393557301317748,1.7976556012861953,1.559911677028544,1.6747885036322132,1.768065267905669,1.5328347729673704,1.978837921773995,2.0190212721959107,1.842155967660888,1.5443940847179547,1.6873165362438527,1.8676048229115776,1.8995232649857452,2.057212893962545,1.9560286419038144,1.3015719857939765,1.7479455634408807,2.2696772533249585e-07,1.7016824393518746,1.722681418486561,2.193884801784981,1.8163738147866213,1.7577477861383872,1.9659334449715336,3.720645854961487,1.478584674701681,1.3426387359099456,1.3983491614494583,1.5560552159611012,3.442617138746966,2.368740232265779,1.808679491422558,1.8078340991812805,1.452739661808519,2.0324837514750973,1.7280709770613094,2.052910008177746,1.49873174605832,1.7885624528740487,1.788636636798849,1.3469146128183502,2.220710823865073,2.123766979412125
HT,1.6306933305102105,1.8985892163052387,1.7686888350837149,2.034857865400556,1.3885469800133183,1.7214118581715363,1.7649164694844288,2.556403835327276,1.5748703689125627,1.4299571041472217,1.5636746339309768,1.2876283769696817,1.827108368739875,1.5316827541074418,2.4099969025875327,1.978369326737376,1.4932822428971866,1.4984299421454783,1.805894714360457,1.5698218269157205,1.5225076247325964,1.8648901490887515,1.64339041307893,1.681782712024319,1.3752837092368682,1.7016824393518746,0.0,1.2934878155395069,2.0668994135976626,1.6817384011308385,1.4239047288259383,1.6579266669546568,3.641552397747867,1.6404118147361892,1.7917148938127894,1.5506020710326938,1.570870544950257,3.3559642290890315,2.5867514440399075,2.045155056230871,1.5705907343176733,1.90742125248089,1.82178488548297,1.3319129755646342,1.8672537631114288,1.1953924400938325,1.9398052859561827,1.4720584912018675,1.2817743269750832,2.074488242139734,1.926839353831199
JM,1.3561776607031972,1.7816845226383544,1.828223128584033,1.9797418209963624,1.1843082657461184,1.5848200591264834,1.8205197763494048,2.485400293308496,1.643633793086965,1.3124816795243095,1.432318425317969,1.2909768316697856,1.9067951963396048,1.588139892158165,2.39786860496302,1.92874912905241,1.3219384275666242,1.608999899558578,1.860313468677649,1.3146491681252692,1.5838899783804503,1.892923274163362,1.6483001073389227,1.7148737932388964,1.1932602409586106,1.722681418486561,1.2934878155395069,0.0,1.829664114273978,1.4079952682665446,1.219431616082541,1.65810122363542,3.514600702282846,1.6844975607886687,1.8185804948542184,1.566566227409499,1.6493242025022223,3.335872021843123,2.55616313928151,2.0971801309950178,1.5212752411200503,1.9262480325257985,1.7035462430937676,1.2464279963312743,1.6378179709233172,1.1917287426818843,1.9854510129922045,1.1968585767368938,1.3737550237704683,1.933107075562964,1.80688567957031
KN,1.634350266303528,1.8764277529098103,2.2707122541842817,2.1380465868972043,1.6990467446866444,1.9956739648103503,2.2934982359424847,2.527639677535148,2.187965336679132,1.918756427253845,1.8727749394405655,1.9600645058128587,2.3424303002491755,2.179412647998078,2.573507686474497,2.207815500160521,1.795962179707781,2.0860389404766444,2.3106200529178293,1.7647661450861627,2.109505724087004,2.3244950729201315,1.964176723481199,2.195533311959185,1.832476226950319,2.193884801784981,2.0668994135976626,1.829664114273978,0.0,1.85286083885664,1.6773305580411848,2.0498495000683565,3.404768949788596,2.1984055126599005,2.247485762621197,2.137953118873155,2.2369391644337613,3.542373297354498,2.5926573108258606,2.428013147306081,1.9772630416183583,2.3212141944812865,1.7731403583642724,1.8007556682177237,1.9291605108658647,1.8958598689780437,2.343263758415758,1.728858481273189,2.095891313597488,2.0544219243707267,2.007522205998438
KY,1.553108488315968,1.850219312729588,1.9449015111381327,1.9298832143123472,1.4500060133915762,1.6256806351544255,1.9667943833375936,2.411027840659104,1.827833120465132,1.4885257687784803,1.6072611204846308,1.5694278584793586,2.0202742984901745,1.8140264249419649,2.3573301051755258,1.9495741400808224,1.6335792121827044,1.78200218511986,2.0002559099876605,1.595047252733474,1.803788337982567,2.023743516876444,1.7647770937922926,1.856095371117615,1.5519482826849866,1.8163738147866213,1.6817384011308385,1.4079952682665446,1.85286083885664,1.97686242482388e-07,1.5083044425716323,1.7801533213661087,3.543340591750422,1.8330025451950187,1.9348790883212537,1.7707494284215113,1.8649436863667752,3.398239522102448,2.47269204107763,2.1551096375054284,1.693224097005797,2.027909372147654,1.74960226524391,1.401194732706277,1.7751816316832354,1.4501196721324752,2.0556018561746283,1.5428222623086625,1.6971371059767142,1.9773047525685663,1.8227729400230284
LC,1.2706259079794888,1.6885915039857218,1.876098233375652,1.944111635663604,1.0242301675228571,1.6504923431663965,1.888124685329868,2.405143637691173,1.7164410303964046,1.421542189350841,1.4276620317264257,1.4473107055119303,1.9604703099652367,1.6565504537389737,2.381977969354526,1.912146804615283,1.1248935244989842,1.6528303785286182,1.916642123590499,1.1094098582147112,1.563579569978541,1.9456668772898384,1.5009955380811126,1.771988879967876,1.201897929497871,1.7577477861383872,1.4239047288259383,1.219431616082541,1.6773305580411848,1.5083044425716323,1.884864366154897e-07,1.5272463890006602,3.4471057350995253,1.7583798941698938,1.8553966027226705,1.656339626729608,1.746325517759375,3.403489045896168,2.511235181751679,2.129483540176713,1.540597050339109,1.96491962667383,1.5830444414255591,1.317836020630441,1.5397294022690775,1.3431943810326028,2.018080307097291,1.0394283367316013,1.5031735015560173,1.8490218177120703,1.7787317568829517
MQ,1.7590048552278983,1.8130914694747051,2.0255082231141053,2.1032637317717544,1.6068696762367305,1.9079839084317651,2.062098128373583,2.5638516577699626,1.8725726303940209,1.7403350159354232,1.7796333345501638,1.7046643512862485,2.0554643168963813,1.8557556987671868,2.4375412365260813,2.102614558633115,1.671447324863768,1.846692264955473,2.073256303380666,1.7499318727544575,1.0174786109739056,2.147688984113124,0.6849695441032914,1.9557538127739988,1.5768929556729805,1.9659334449715336,1.6579266669546568,1.65810122363542,2.0498495000683565,1.7801533213661087,1.5272463890006602,8.429369702178808e-08,3.6351933188438026,1.932202272622948,2.0263950676884632,1.8308910864790169,1.926213996200543,3.2999184373813297,2.5640612221254178,2.227911108268622,1.7957132619525022,2.130119010834393,1.8012601676417783,1.6640533519124292,1.919293641647528,1.6233066862673935,2.115794561965497,1.7009745839801451,1.744962015653798,2.163863867790107,2.013000739307096
MS,3.3108454822135767,3.511394905012952,3.703647025452879,3.66461708288304,3.4168540899242337,3.540528452442897,3.755873497841128,3.869508984237872,3.725868811718475,3.52517685954902,3.5103645331795628,3.5256106887031984,3.7743248393762263,3.73485680662496,3.9407682440170606,3.650599555455045,3.36744183498539,3.548588097906701,3.752675288747548,3.3788348842062645,3.631658770186338,3.802778179935847,3.5812553131077896,3.702306027734597,3.447140314281345,3.720645854961487,3.641552397747867,3.514600702282846,3.404768949788596,3.543340591750422,3.4471057350995253,3.6351933188438026,2.2302015940987717e-07,3.6662500403831206,3.706624585896884,3.685169364017334,3.707503493589372,4.637850963859987,3.9180102079354096,3.818056650609032,3.5165803209019253,3.778854917231304,3.450679494455764,3.4714480945803934,3.5459865352741278,3.531912274869337,3.7227741027233416,3.3991070062643347,3.63769847547963,3.603338425730729,3.662725937836467
MX,1.8821112220078384,2.107950632695595,1.4485177447969122,1.9891488722065775,1.7225171610860062,1.8713627885651596,1.4866531235107074,2.542475005938165,1.613189601157744,1.7698451549568168,1.4945257266166565,1.566123172784696,1.578263044295249,1.4465802687036329,1.9710840668679792,1.9937850485181103,1.8160663366456815,1.4618409806506054,1.539294200223788,1.8669421909036483,1.827271888895159,1.9794435862226991,1.9072226252315712,1.3558541808045446,1.7002832586027583,1.478584674701681,1.6404118147361892,1.6844975607886687,2.1984055126599005,1.8330025451950187,1.7583798941698938,1.932202272622948,3.6662500403831206,0.0,1.4587994805376137,1.446631399331618,1.4002817733037511,3.378842052991053,2.2860752637606523,1.6607266069933075,1.7806803764421677,1.5942985708479551,2.020478128497499,1.694543989493235,2.038234101687268,1.346417078865508,1.6427323006459749,1.8038648435768807,1.178235188197352,2.1976984873952765,2.098432957117588
NI,1.9835877705423772,2.1945902314508183,1.6417580665583946,2.039381371057672,1.8257692310671745,2.010306477472906,1.687934233850083,2.5942107210106773,1.806342219788351,1.8971749624298588,1.570628482186782,1.7870271521791563,1.7767850321291176,1.592703472454393,1.7439930903534515,2.0575257607594537,1.916114664605759,1.514930585589597,1.6885738523686131,1.941872739277656,1.957362039067608,2.150106851505308,2.011132592779884,1.3527033573345308,1.8341116017574557,1.3426387359099456,1.7917148938127894,1.8185804948542184,2.247485762621197,1.9348790883212537,1.8553966027226705,2.0263950676884632,3.706624585896884,1.4587994805376137,0.0,1.3984871492513806,1.60941615007896,3.46315180617662,2.337605904154978,1.7906167095005612,1.8821731130232036,1.4610937142291014,2.0761555165601413,1.822064711718907,2.113440193223351,1.6298215131479177,1.7966431664507585,1.893461335026161,1.3589735925734614,2.265406189474706,2.177913947922195
PA,1.7956617822478835,2.0442663705844235,1.5378079164324667,1.9531418734531023,1.6063283381026894,1.8125526743008613,1.5832336139982348,2.516160405856151,1.5958274989151848,1.6592742702730512,1.501044858286124,1.5449988754361947,1.6502959308409118,1.3256070168665923,1.8797756376345929,1.95895130181262,1.7417251708881831,1.4399701454000082,1.575667650946392,1.7812346242254804,1.7609468580607874,1.9957271162791144,1.8273007738385236,1.4006415501529232,1.6337506843743788,1.3983491614494583,1.5506020710326938,1.566566227409499,2.137953118873155,1.7707494284215113,1.656339626729608,1.8308910864790169,3.685169364017334,1.446631399331618,1.3984871492513806,2.384185791015625e-07,1.430976867437466,3.3670497960571173,2.362169368786988,1.7672378457895557,1.711807479474578,1.5646773746942146,1.956680617503309,1.6343692393555735,1.9506751099912008,1.3692696259801744,1.705128945704414,1.7183212798547127,1.177398982290425,2.1644488933549706,2.044090944317781
PE,1.8857510390222956,2.105175102159268,1.4544878871907905,2.026190096845178,1.711365824417772,1.8673225623210272,1.4186367367695576,2.568600010890557,1.5414287748714686,1.7388986566814366,1.676831501449633,1.5675624208218444,1.5474251293198025,1.390145651950358,2.117075254084457,2.0327822355667498,1.8091846284754525,1.5243840030091615,1.506437934003778,1.8581398220371823,1.7855261923041563,1.9770106412142905,1.8938831609410107,1.508485346733041,1.673937873061717,1.5560552159611012,1.570870544950257,1.6493242025022223,2.2369391644337613,1.8649436863667752,1.746325517759375,1.926213996200543,3.707503493589372,1.4002817733037511,1.60941615007896,1.430976867437466,0.0,3.3718083639541,2.428594787668035,1.7003179305536131,1.7427039513617053,1.736844305624052,2.040946267866751,1.6986928615672885,2.0616834841946523,1.3959680539942425,1.6410740800140762,1.7843325313040048,1.1776047983391318,2.191716083024503,2.116806619644817
PM,3.4650531459771456,3.45916923113911,3.387792833759764,3.5356167583059976,3.3800245125072617,3.392654479024167,3.4456952943631745,3.863167114580828,3.317866043154841,3.4004534240522983,3.3808140097116803,3.2113701619388806,3.4570044900373413,3.381601729889659,3.623832614146243,3.5738486581831905,3.4215347113361925,3.4095782188538446,3.469197670344238,3.4429824684226964,3.2889730226186704,3.487925800320321,3.295117515580936,3.410752511127078,3.37277603663712,3.442617138746966,3.355964229089031,3.335872021843123,3.542373297354498,3.398239522102448,3.403489045896168,3.2999184373813297,4.637850963859987,3.378842052991053,3.46315180617662,3.3670497960571173,3.3718083639541,0.0,3.82525608877012,3.514935296623071,3.353398253485327,3.506263797589894,3.464241734107886,3.3466179171879773,3.522547679248617,3.2473959382943374,3.4502286820695227,3.426554190319418,3.331884862385396,3.654142081828773,3.577264857402981
PR,2.5434070181606145,2.66042079594694,2.337532666567553,2.4380202242701645,2.4813467589467453,2.5666589456500764,2.423671007671012,2.864631539900828,2.5149491814511813,2.530606405450603,2.3607386559600925,2.533909454582721,2.3940334357069686,2.394046566592347,2.4608435941126867,2.540356172048765,2.576159423952376,2.232261495556754,2.428661855517944,2.5851899163840173,2.598752871872228,2.7873301843028,2.5479660842417453,2.370129660287154,2.53958341236658,2.368740232265779,2.5867514440399075,2.55616313928151,2.5926573108258606,2.47269204107763,2.511235181751679,2.5640612221254178,3.9180102079354096,2.2860752637606523,2.337605904154978,2.362169368786988,2.428594787668035,3.82525608877012,2.5288109106536417e-07,2.4084753860343766,2.5385222585741505,2.438953307041391,2.5288431461037995,2.4577537932549376,2.5882270412485364,2.345786225077403,2.402107535532972,2.5437380232250133,2.3454807251639087,2.6644024575087752,2.499923769278297
PY,2.220369501065716,2.3954551263895527,1.430357273936952,2.1974847024212463,2.0846350696593032,2.1662710991856926,1.6415322114562088,2.709256131789626,1.76311123782568,2.120065630487233,1.9455716520765045,2.008467814666478,1.728817050009463,1.7256037566867006,2.055788506844279,2.2678263710587223,2.1894644591010137,1.7745975727788943,1.7627970607774703,2.2112008802414627,2.143417164322238,2.2700634354358886,2.215903850883733,1.7367087187188002,2.076775183477181,1.808679491422558,2.045155056230871,2.0971801309950178,2.428013147306081,2.1551096375054284,2.129483540176713,2.227911108268622,3.818056650609032,1.6607266069933075,1.7906167095005612,1.7672378457895557,1.7003179305536131,3.514935296623071,2.4084753860343766,0.0,2.0505542354328665,1.8878040923905108,2.313621300639304,2.0651503906933724,2.29438747984615,1.826955891254078,1.6007629483167762,2.16242728846976,1.6485948038358362,2.4532142899958185,2.3876854044083258
SR,1.6635928705759373,1.9375913683459265,1.85193458090914,1.7361876296068668,1.4675289112909975,1.788169995099996,1.8629936835779397,2.2282931242605755,1.6911046211709104,1.619977550144584,1.6357950072984524,1.5836655758283025,1.9417617174681152,1.697327983385357,2.3492381339687305,1.6188531057182651,1.633991835424988,1.7035781778203825,1.9075342803237685,1.615754429726313,1.56311069069895,1.9858849311283568,1.777243626756883,1.7984881914298316,1.3041930474651589,1.8078340991812805,1.5705907343176733,1.5212752411200503,1.9772630416183583,1.693224097005797,1.540597050339109,1.7957132619525022,3.5165803209019253,1.7806803764421677,1.8821731130232036,1.711807479474578,1.7427039513617053,3.353398253485327,2.5385222585741505,2.0505542354328665,0.0,1.9865617918010663,1.6967332011811054,1.5813318978348456,1.7557641348885322,1.4257885027916175,1.970041946939828,1.585535944872118,1.581285388987773,2.083865643773897,1.9823010918897537
SV,2.0866864899990745,2.26802482714975,1.7275523629814546,2.1487931513084684,1.9369535765725128,2.081603676580453,1.7943330488074394,2.656295181817736,1.886661718711776,1.990097370533416,1.6733579042125053,1.8603317644821225,1.8669899347678431,1.697581120993835,1.9298561216669288,2.162232214908936,2.042613877135382,1.7074280860106057,1.8029571721947732,2.0630306683626545,2.071170594495629,2.2063646504717704,2.1241984317273563,1.341901962333932,1.9528026584733105,1.452739661808519,1.90742125248089,1.9262480325257985,2.3212141944812865,2.027909372147654,1.96491962667383,2.130119010834393,3.778854917231304,1.5942985708479551,1.4610937142291014,1.5646773746942146,1.736844305624052,3.506263797589894,2.438953307041391,1.8878040923905108,1.9865617918010663,0.0,2.178618449718306,1.9098061483034332,2.2086741040640034,1.705998286910277,1.8951040759144469,2.002191987793203,1.5632431586745723,2.3695370187205365,2.2644011506249813
