ISO_CODE,AO,BF,BI,BJ,BW,CD,CF,CG,CI,CM,CV,DJ,DZ,EG,ER,ET,GA,GH,GM,GN,GQ,GW,KE,KM,LR,LS,LY,MA,MG,ML,MR,MU,MW,MZ,NA,NE,NG,RE,RW,SC,SL,SN,SO,SS,ST,SZ,TD,TG,TN,TZ,UG,YT,ZA,ZM,ZW
AO,2.731427964541817e-07,1.418334748060375,1.279565647305697,1.287334171339895,1.860874864446957,1.2875981282770148,1.1798816562024643,1.4077934224749655,1.43060957221932,1.4960267408804175,1.2324048271412853,1.3305997693711171,1.7743202282664314,1.9631102098018307,1.238457452324606,1.3357764760395607,1.45058444147151,1.4371360102891644,1.2681677674246832,1.5448208614809156,1.2032473407916862,1.0277789557585082,1.395804876047845,1.241735580032558,1.36276745643301,1.3467903966989947,2.170136994929974,1.736394938376296,1.3371222116802604,1.5006434531988788,1.311678110346335,1.774174672505526,1.292159706180613,1.1064358675989283,1.5298567713186324,1.4556747319167551,1.3525979335715377,1.6575375910551702,1.3115934669793003,1.5251657389299138,1.5551374955905322,1.4398673595787008,1.808627712148116,1.518575137348449,0.960123630167904,1.3122678872612026,1.332162933075277,1.2854176930534968,2.297541059509843,1.503517031690094,1.527886234579802,1.363270122983877,1.2932606773714024,1.5116721973404528,1.3854313743606232
BF,1.418334748060375,2.421152116249788e-07,1.105419550508977,0.8241695710884382,1.8249570565371065,1.0699175335307551,0.9334639870421476,1.1502056134008245,0.7992869962240013,1.0689103807849116,1.50486234372089,1.1728783470849773,1.6478631859849049,1.8474547539439503,1.1560742621440845,1.1948965478241458,1.1539161051858875,1.2194329478673729,1.0457635090374005,0.9508971558397548,1.0835440485545322,1.0361372888325229,1.2700059424881125,1.1235285062870328,1.1730182382590582,1.2654644462653295,2.058221728368681,1.6196257711570483,1.177410663109976,0.8252129082761245,1.0702423404934318,1.67238217595298,1.1961008207773909,1.408228548292273,1.5958093588294784,0.8020141721905969,1.1186184671002706,1.5240152636429234,1.1456937474726467,1.430625907998629,1.321840687982362,1.0399880555561678,1.6814123505776073,1.315523443710355,1.1703155526547755,1.2107751210299171,1.1133008824509565,0.8373029861964916,2.176712198302017,1.331270281541247,1.3525008449075238,1.2478980920045448,1.2507305574776442,1.3996821564360455,1.282559366239329
BI,1.279565647305697,1.105419550508977,1.7120130796843852e-07,0.9938023525327622,1.666743055882753,0.9166127068979028,0.797401883668307,1.0978901638478302,1.1141281698785896,1.19309704686534,1.4250562255645394,1.0292243696488648,1.58661612152775,1.7957550442476038,0.988670828747118,1.0194793964197415,1.1791095670791525,1.1263381029193855,0.940928944152161,1.2464122242540283,0.960110038035162,0.8860946154931609,0.9850457256684522,0.9609294181422324,1.045342536861966,1.0545338951888372,2.0208696670772675,1.557142071167842,1.0219304586167808,1.2096839371791268,1.0101721020024146,1.5749312964411102,0.9837900289635418,1.2223766723052285,1.4404973294782804,1.1188503067847484,1.0549442272924547,1.470685486434052,0.779333284180392,1.2978130030788988,1.228167166452952,1.1474299777972017,1.5730761476460848,1.1321998555384365,0.9874449090085426,1.048237507767308,1.068123061598426,0.9759640189735936,2.158491179656156,1.0576216368529752,1.1047723933275746,1.1316043689621398,1.0682356078782227,1.221832041569797,1.1100665247947283
BJ,1.287334171339895,0.8241695710884382,0.9938023525327622,0.0,1.7778615572613243,0.971117872859635,0.7726452888541037,1.034870149396856,0.8806208623441979,1.0530160884763933,1.4475384988553095,1.0396073747710473,1.6254208050286845,1.8221748491909315,0.8470960729654972,1.015384151486653,1.0621517432252017,1.1179492009474628,0.8917635312203089,1.1075807975409706,0.8186273013620061,0.7988325150119384,1.1228374228767692,0.8908592235811398,1.0519778416671228,1.0852198628150684,2.0760417957957378,1.6033666490258554,1.0687368317679455,1.0122406968152329,0.963417997614805,1.664436126012436,0.9881822137669626,1.3155966027234365,1.5072907907647457,0.8639791915622571,0.955357335656286,1.5003905121670655,0.9633237999558004,1.3240218245820934,1.2387209771055478,1.0002116535393208,1.6126985297756051,1.2572753141146205,0.9475310484685844,0.9926478978533598,0.9251459047802904,0.6117781448300295,2.208122624479618,1.215146775219373,1.2539306418804212,1.068436354107158,1.0534054253607428,1.3123888016210197,1.1231537092971404
BW,1.860874864446957,1.8249570565371065,1.666743055882753,1.7778615572613243,0.0,1.740427354832733,1.697978064104728,1.85467874611824,1.8491194658609995,1.8432374760606915,1.9992441704699184,1.8290128023177452,2.117784234089465,2.229622579251441,1.854362447569931,1.7481533275823518,1.9116022258318,1.6261370316871029,1.7141215123013722,1.88037543357716,1.8369665054645128,1.781357569841853,1.6908929490886813,1.853716694142317,1.7309379563506335,1.3662907102167876,2.389436836048341,2.1049335661520368,1.648748736162602,1.8657384185343704,1.796581038641961,1.9670206779318185,1.658063786946047,1.6157526194535592,1.4075556787022152,1.8328122421424136,1.6312590540953271,2.037038826860506,1.71402586898333,1.8557161450299988,1.5686538175942255,1.8539458443506245,2.043345967621176,1.6120717096335953,1.8056997514360764,1.5872147316881566,1.898307425259974,1.7903177379261634,2.5423897212892035,1.634915335591112,1.6935344150120215,1.9216809171605391,1.4956020349244965,1.4495477565991342,1.4653282427949188
CD,1.2875981282770148,1.0699175335307551,0.9166127068979028,0.971117872859635,1.740427354832733,0.0,0.8170289465966906,0.7090875968867424,1.0804910779939214,1.1419162627823554,1.4912366532986998,1.135882616742245,1.655768742395726,1.8697125683875,1.052562895493207,1.1188662685405268,1.1495847427001378,1.212521431420525,1.019274178179112,1.2084729848606768,1.0161771628111556,0.9756787405589844,1.1550685057956656,1.0525452368852397,1.1402928864844248,1.139527302441514,2.081536591428481,1.6247738116255812,1.0974256186175242,1.1756604434065412,1.0934944739796693,1.658319864510074,1.0863570613540865,1.309203398716407,1.514287696434561,1.1296461391082302,1.10108971938489,1.5158086817608805,0.9621326551577394,1.4018852539581692,1.2995007537048926,1.125965452716133,1.628917646111896,1.2188070619893092,1.092368830508144,1.1147841823244222,1.0779777926421537,0.97703985014817,2.197266444751763,1.1751668523768972,1.208207191932424,1.1882990664692372,1.1358095667965789,1.2943011922170025,1.171148013643044
CF,1.1798816562024643,0.9334639870421476,0.797401883668307,0.7726452888541037,1.697978064104728,0.8170289465966906,1.548574096771071e-07,0.9019609581513948,0.9355922741033595,0.9667566183898731,1.3446374291418202,0.8768307359510619,1.4956919448561024,1.7103016975472312,0.7639052411084395,0.9080884327644836,0.968303306817897,1.0371036124824524,0.7634264644128206,1.107097198144272,0.7192676926160438,0.6705473201262909,0.995512947345662,0.7776617323814766,0.9462718814678812,0.9754394714447536,1.958701284825853,1.4717007178939152,0.9447552710290114,1.028859262808621,0.8332708556904534,1.5330937556792772,0.9050657601958768,1.204596137942322,1.422155975663696,0.955399367293776,0.94236787126343,1.3835888719389526,0.8539160525983381,1.2192449768981908,1.1582599048982445,0.978329423826656,1.5319076859436926,1.138255474950849,0.8311282841680709,0.9114728519333488,0.7903980804714807,0.7525293809149997,2.0986557827459253,1.157636382539739,1.1903035322557274,0.970452683180248,0.9700769521061502,1.215701774823071,1.0428930430587977
CG,1.4077934224749655,1.1502056134008245,1.0978901638478302,1.034870149396856,1.85467874611824,0.7090875968867424,0.9019609581513948,0.0,1.1189921938628946,1.1314915469690363,1.5812616879178396,1.229311552418943,1.7173979987324688,1.9180545946091845,1.1714402740832994,1.232594439967886,1.122007956199325,1.2878491070361016,1.0918257371977291,1.218468034695124,1.1094889356205966,1.0730777764906083,1.2999974716589988,1.167800837239775,1.2454500256690348,1.2860968049401462,2.120792481511545,1.6825589107785934,1.2332509813349817,1.2097486994832696,1.1584388115970825,1.7608519443295223,1.2482708024438396,1.4529462073322124,1.6382939327640773,1.1809850130262904,1.225648615507198,1.6413863783775235,1.1564896496006214,1.490928972117405,1.4011752304266014,1.144028624135922,1.744293104404262,1.3803585801239868,1.2062727125311965,1.247909129540869,1.1547566660540067,1.0302477521135025,2.2449784482120663,1.3880420729164205,1.413063205801797,1.2942833231020057,1.290300065432327,1.4577366952045263,1.3398310746821518
CI,1.43060957221932,0.7992869962240013,1.1141281698785896,0.8806208623441979,1.8491194658609995,1.0804910779939214,0.9355922741033595,1.1189921938628946,2.1900144899933146e-07,1.0088978561069204,1.5339470965181552,1.19498042517431,1.6607349492780032,1.8668383100242212,1.149676994122634,1.2186369851750174,1.0813986551925083,1.2391538084808031,1.056553579139322,0.9450979661093584,1.0761247067067985,1.0415311165202206,1.2828618041126694,1.1338196249271493,1.1896828966019777,1.2780091047466189,2.0797099951179114,1.6281584064423014,1.1783015187306007,0.927758024325403,1.1009463699628623,1.6727567178988578,1.2195533153490814,1.429685280987815,1.6227683908170385,0.949903581022686,1.1475375678967603,1.530668233317656,1.166365541352255,1.459645018874195,1.3388859726714335,1.0112275107493187,1.715175012748276,1.3546425554113517,1.173420550215302,1.2271321592162054,1.1324816902178012,0.8846071424823999,2.1838902859833302,1.3621123405958386,1.383138820674502,1.2515416713394265,1.2624947652059977,1.4345094783192602,1.300441522122314
CM,1.4960267408804175,1.0689103807849116,1.19309704686534,1.0530160884763933,1.8432374760606915,1.1419162627823554,0.9667566183898731,1.1314915469690363,1.0088978561069204,1.4901161193847656e-07,1.5960323854316103,1.2912811506102544,1.7468761764652974,1.929585941556133,1.2587062069143482,1.283049030009547,1.112585378036114,1.3013772788230908,1.1576446542579757,1.1335176862386986,1.1796927702980793,1.160020965376492,1.33930913761029,1.247055023826037,1.2811513105605044,1.3187437864306226,2.1390012286062614,1.716514704215436,1.240944983382828,1.1646685897692397,1.2115734120314203,1.7276573471481869,1.2861197779718998,1.4715304090166492,1.652992874335226,1.1387702218159197,1.183762498032797,1.6059296278984003,1.227469210414074,1.5099826008938275,1.3407222560122694,1.1192781934009866,1.741260159348665,1.3620907392984225,1.2715758795944967,1.299444275675005,1.1707982649935769,1.086799090600065,2.25380169766303,1.3811571872879758,1.396155411642526,1.3520311421061817,1.3314818767302203,1.4615829720207267,1.338134375270161
CV,1.2324048271412853,1.50486234372089,1.4250562255645394,1.4475384988553095,1.9992441704699184,1.4912366532986998,1.3446374291418202,1.5812616879178396,1.5339470965181552,1.5960323854316103,0.0,1.4706509450289702,1.8472440317480827,2.0149115657440038,1.4802320147032706,1.5188449143818965,1.5648650781105231,1.5813757245755589,1.429624400019662,1.6045397004459068,1.415910088162928,1.2233909253784376,1.5420431893158535,1.4402354821775418,1.496717534845525,1.534295439299428,2.2091511433920057,1.8021896638372237,1.5007215576606407,1.5929391803487165,1.4538115576904995,1.8039444519785155,1.494426842795771,1.3771895413000446,1.74956963466213,1.564476915247186,1.5056954328179213,1.6903755799867335,1.5013472672727255,1.6029882353928198,1.6581028554717312,1.5124123417735145,1.9084333046834352,1.6561584586714455,1.1684806213744905,1.506213076022537,1.522321871816448,1.4539242117677995,2.319636125200236,1.680800792472687,1.6594662199723196,1.5148592752760344,1.4742506566818254,1.6639482025990695,1.5754943699920083
DJ,1.3305997693711171,1.1728783470849773,1.0292243696488648,1.0396073747710473,1.8290128023177452,1.135882616742245,0.8768307359510619,1.229311552418943,1.19498042517431,1.2912811506102544,1.4706509450289702,0.0,1.484805743622127,1.7026859587367411,0.9380706673788416,0.8918416487328598,1.247854132349856,1.2458281226517591,1.0015306613735273,1.340748086125697,0.9488164008241882,0.8986021948614007,1.142123072382411,0.9490827553972024,1.1252733381001117,1.166459003273429,1.9133806001402784,1.4970575214512074,1.1276581255481426,1.2741250910505015,0.9664346505964346,1.616679957160591,1.0822649518293548,1.3603186209461575,1.5582118336284996,1.1829128579742605,1.1317424311655693,1.4952703874607205,1.0634730237306658,1.3253832956518916,1.3279856579144684,1.1850551954677295,1.23231954350807,1.2351988350680174,1.012567098244315,1.091912011898576,1.036394360045497,1.0271538320484177,2.064494266015056,1.3093922878532145,1.31963127667408,1.1200036450025947,1.1395833691197357,1.3765091113087826,1.2177952090385231
DZ,1.7743202282664314,1.6478631859849049,1.58661612152775,1.6254208050286845,2.117784234089465,1.655768742395726,1.4956919448561024,1.7173979987324688,1.6607349492780032,1.7468761764652974,1.8472440317480827,1.484805743622127,0.0,1.542435314462484,1.6474235165385611,1.6262953945191163,1.698447626769655,1.7038749744855566,1.5721286281903195,1.707427481544306,1.6141277453838971,1.5533094494121278,1.661795475661214,1.584950283123069,1.630528288740823,1.6970375976036522,1.4944407232225796,1.3272046727577669,1.605611661703911,1.6867592164942264,1.3519140542755317,1.8267693908621956,1.6672734198377317,1.7795801415014192,1.9418047563680156,1.6190673544397565,1.6408614797287224,1.825657028464774,1.6455144170107028,1.717329325992543,1.7501275331115929,1.6679333210815517,1.906251857079132,1.6416431548944843,1.6197795974654947,1.6638721154834004,1.5939551587654386,1.614362694090718,1.5127759539178798,1.7857827960823376,1.7714903310085193,1.6773978999002763,1.6822588725191905,1.8102993282795297,1.738450852874703
EG,1.9631102098018307,1.8474547539439503,1.7957550442476038,1.8221748491909315,2.229622579251441,1.8697125683875,1.7103016975472312,1.9180545946091845,1.8668383100242212,1.929585941556133,2.0149115657440038,1.7026859587367411,1.542435314462484,0.0,1.8641848568644608,1.8125844148697103,1.8948474826668995,1.8607236413768795,1.790766236186846,1.9224305357473064,1.8346541275008763,1.7805906110782603,1.829708791199208,1.8241384994013623,1.8347560643797365,1.882687096790448,1.534496517660089,1.6165211525259302,1.802009192415432,1.9139989882295687,1.600177896262413,1.93989701901328,1.8563094581442612,1.948867485674613,2.0911037983986667,1.850136145564138,1.8101493919271672,1.991498969392842,1.8367652957548275,1.82609934729914,1.883974000870076,1.869228285077743,2.036721723944526,1.7378973556321906,1.822964926915986,1.8457708980570675,1.8144318802108528,1.8273780758788716,1.8619866656654591,1.9433340132478667,1.9015384708717564,1.8887880859685124,1.8636910054373077,1.9649316436179505,1.9184834466540803
ER,1.238457452324606,1.1560742621440845,0.988670828747118,0.8470960729654972,1.854362447569931,1.052562895493207,0.7639052411084395,1.1714402740832994,1.149676994122634,1.2587062069143482,1.4802320147032706,0.9380706673788416,1.6474235165385611,1.8641848568644608,0.0,0.8095738714372697,1.1866873673305605,1.1647306216385347,0.8588387369489231,1.409709173116711,0.5787941111839143,0.620914446219719,1.081169765097618,0.6760219368170018,1.0511127451642928,1.0051282947046236,2.1270996711698844,1.6321510482870596,1.0793807051783573,1.2672875864337032,0.943399740397858,1.703725153624881,0.8711052315331215,1.325679573934753,1.5157792917989048,1.1905736232496325,1.0417807120594484,1.5086326332859232,0.8722800572201429,1.304580973573052,1.291177540366082,1.1671330718873982,1.5850477769186744,1.3063004683283903,0.7853363693950178,0.859563979674445,0.8208568601562982,0.8338180455465072,2.2713206282537715,1.2489324154046884,1.2918777433205977,0.9417373722895211,0.9411063477999628,1.3429172534279186,1.0575018751882872
ET,1.3357764760395607,1.1948965478241458,1.0194793964197415,1.015384151486653,1.7481533275823518,1.1188662685405268,0.9080884327644836,1.232594439967886,1.2186369851750174,1.283049030009547,1.5188449143818965,0.8918416487328598,1.6262953945191163,1.8125844148697103,0.8095738714372697,0.0,1.2802703629286996,1.1582436832445726,0.97652617450237,1.3816939583076402,0.930447012400662,0.901980928934772,1.1023630328184728,0.9655202926404496,1.0986656271984965,1.0808386695667898,2.0531793378015046,1.621799678961383,1.0775462189503646,1.293094039355794,1.0357819273407818,1.6681131288252864,1.014782392543728,1.3288819155872016,1.5232739298396798,1.2119276098166338,1.0490546684445965,1.56589289937687,0.9622016835858463,1.351130719862661,1.2295492270309674,1.2270657893752968,1.4287217102892196,1.126088098734659,1.0101123264862517,1.0326557820198778,1.0497005452634478,1.0172370557612846,2.2143195975053334,1.1957111267983225,1.2350053339210258,1.148840679013985,1.0928273764898944,1.303225633002581,1.1202772389538584
GA,1.45058444147151,1.1539161051858875,1.1791095670791525,1.0621517432252017,1.9116022258318,1.1495847427001378,0.968303306817897,1.122007956199325,1.0813986551925083,1.112585378036114,1.5648650781105231,1.247854132349856,1.698447626769655,1.8948474826668995,1.1866873673305605,1.2802703629286996,0.0,1.3461608306215818,1.1409254119874408,1.258778245801538,1.107186847662101,1.0930867944836964,1.3282234943783229,1.1635263278139545,1.2838551854060989,1.329178552423479,2.1120536062137947,1.6604371229845118,1.2711982958288182,1.2321442356059604,1.1655799694339364,1.7020752346432717,1.2740171742804511,1.478388828500396,1.654905395972016,1.1522918190381883,1.261710399081221,1.5480427069262397,1.236081057610902,1.4761227922611466,1.439137745605874,1.1820125014355842,1.7651637573093133,1.4748152395118224,1.1981609028263236,1.2758196438180074,1.163583459208338,1.053132140429991,2.2209582664759826,1.4758655564302672,1.471869486443279,1.2721627970057685,1.2845224723935815,1.5086774207625464,1.3759980448565967
GH,1.4371360102891644,1.2194329478673729,1.1263381029193855,1.1179492009474628,1.6261370316871029,1.212521431420525,1.0371036124824524,1.2878491070361016,1.2391538084808031,1.3013772788230908,1.5813757245755589,1.2458281226517591,1.7038749744855566,1.8607236413768795,1.1647306216385347,1.1582436832445726,1.3461608306215818,1.999200562387517e-07,1.015089676595648,1.360367895032668,1.1546923956560435,1.1216239652400066,1.1520896190702816,1.211024212154338,1.0711507135666034,1.1194321971603471,2.086740259606226,1.6851529140943546,1.1433691264614438,1.2965636814927826,1.1827686474730157,1.6706338943726702,1.1613645864002289,1.3484479114693495,1.5484659674167338,1.235577412195244,0.9386901067806864,1.6283347554353145,1.1298739705950995,1.4410513008061878,1.0259285659332518,1.2821192081604655,1.651893864505413,1.2176058235146416,1.2108971513024869,1.1647502458786478,1.2312132221809722,1.0631556162707207,2.239927057070205,1.2768826500537165,1.3034525870364695,1.3280158462974363,1.2269314874305854,1.325235071459888,1.1723224680863016
GM,1.2681677674246832,1.0457635090374005,0.940928944152161,0.8917635312203089,1.7141215123013722,1.019274178179112,0.7634264644128206,1.0918257371977291,1.056553579139322,1.1576446542579757,1.429624400019662,1.0015306613735273,1.5721286281903195,1.790766236186846,0.8588387369489231,0.97652617450237,1.1409254119874408,1.015089676595648,0.0,1.152157304947219,0.8336344711229006,0.7715923866742789,1.0698584590590792,0.8955314630074731,0.9559902471324284,1.034044687285012,2.001161284785768,1.5563080410645591,1.0361578373473208,1.0989375154165482,0.8865760443324952,1.610403088262976,0.9786887553876056,1.275739123075695,1.4774355267862618,1.0601417216491331,0.9458604007163872,1.5005657768535168,0.9517279112462852,1.299897481288899,1.0776722895859518,0.9447844697672344,1.5777528052332863,1.2005166906856428,0.9491169332173064,0.9886323987866048,0.96124581118302,0.8609474354388034,2.158013148519957,1.2189419878742165,1.2474120813461986,1.0759599341293231,1.0544570928299393,1.2749967541180112,1.0913098739903768
GN,1.5448208614809156,0.9508971558397548,1.2464122242540283,1.1075807975409706,1.88037543357716,1.2084729848606768,1.107097198144272,1.218468034695124,0.9450979661093584,1.1335176862386986,1.6045397004459068,1.340748086125697,1.707427481544306,1.9224305357473064,1.409709173116711,1.3816939583076402,1.258778245801538,1.360367895032668,1.152157304947219,2.4755668231600746e-07,1.2791974906803698,1.1922999379878891,1.418732914096717,1.3529474349868444,1.2677232376702017,1.4311354365210187,2.0697153175042504,1.6660476811492748,1.310801270940427,0.8821524384411797,1.1869157434391842,1.7544825833386577,1.4005368269242104,1.5145736265285517,1.7166736170991213,1.0070101162507925,1.2863134897965376,1.6842208089537412,1.333630349843593,1.5734352532933522,1.3217797219289804,1.0385834143722037,1.7823412517211643,1.3965370102257473,1.3713801239774,1.4229794058590957,1.3253432172601525,1.12155362957366,2.1943374760475094,1.4508835986657245,1.471278085128113,1.462386889538086,1.4600203928497653,1.5258920313376585,1.4473167899602106
GQ,1.2032473407916862,1.0835440485545322,0.960110038035162,0.8186273013620061,1.8369665054645128,1.0161771628111556,0.7192676926160438,1.1094889356205966,1.0761247067067985,1.1796927702980793,1.415910088162928,0.9488164008241882,1.6141277453838971,1.8346541275008763,0.5787941111839143,0.930447012400662,1.107186847662101,1.1546923956560435,0.8336344711229006,1.2791974906803698,0.0,0.6129382115167971,1.0829625370758524,0.7153847600547963,1.016717867078066,1.0367807742727029,2.0937514385393583,1.5827465054620975,1.0744995317459656,1.1854101887292454,0.9192023798044984,1.6487994236131986,0.9023635818212176,1.3019819689045713,1.5027181695888738,1.1345733102708444,1.0182795222816072,1.457360459277277,0.9008754308217672,1.2839651758561117,1.2804421199891336,1.0929546137692725,1.6036607611422693,1.3155853105423705,0.7784332501479029,0.893508655407313,0.8230630043954519,0.8179674668372514,2.228013449199248,1.261685394534227,1.2964364356181743,0.9408206799252709,0.965468834842432,1.3360497755433096,1.079312408863344
GW,1.0277789557585082,1.0361372888325229,0.8860946154931609,0.7988325150119384,1.781357569841853,0.9756787405589844,0.6705473201262909,1.0730777764906083,1.0415311165202206,1.160020965376492,1.2233909253784376,0.8986021948614007,1.5533094494121278,1.7805906110782603,0.620914446219719,0.901980928934772,1.0930867944836964,1.1216239652400066,0.7715923866742789,1.1922999379878891,0.6129382115167971,9.18569267238524e-08,1.0470010241221503,0.6876006784920619,0.974556697600924,0.9957422763330754,2.037759128184515,1.511938911222093,1.026225487230024,1.130471556097104,0.841842523332581,1.6106778259031012,0.8682347850167014,1.1367794303407297,1.44105756992442,1.0673988577968734,0.9921937911873442,1.4410419069556892,0.8798351841710881,1.2299809380864315,1.2667185855367291,0.9884021508013822,1.5768631221871272,1.2659141972950467,0.6238094970722823,0.8744392321242823,0.8313961112056124,0.7906986162062242,2.174530274891332,1.2186961370852718,1.2665952556552813,0.9275013160669716,0.924882590549516,1.2863604629478156,1.0658950528452078
KE,1.395804876047845,1.2700059424881125,0.9850457256684522,1.1228374228767692,1.6908929490886813,1.1550685057956656,0.995512947345662,1.2999974716589988,1.2828618041126694,1.33930913761029,1.5420431893158535,1.142123072382411,1.661795475661214,1.829708791199208,1.081169765097618,1.1023630328184728,1.3282234943783229,1.1520896190702816,1.0698584590590792,1.418732914096717,1.0829625370758524,1.0470010241221503,0.0,1.0961881011792418,1.1389803287971874,1.1278605302039115,2.059563966328918,1.645203465473531,1.163944289755122,1.3572998264537,1.1442771189343794,1.6366611549104817,1.0824651648465609,1.3082926452681285,1.5141883729547732,1.280670333377251,1.0973483248414793,1.5656813272678298,1.027246475214022,1.3584411647313654,1.235584680242989,1.3078035997782524,1.53922447336393,1.14902024960843,1.1265851616238398,1.120708716445146,1.1908045897041035,1.1173748689774554,2.2149444714991144,1.1183396238356644,1.1123183093682707,1.238920274122276,1.1539018817432694,1.2971426592456043,1.1764957404240233
KM,1.241735580032558,1.1235285062870328,0.9609294181422324,0.8908592235811398,1.853716694142317,1.0525452368852397,0.7776617323814766,1.167800837239775,1.1338196249271493,1.247055023826037,1.4402354821775418,0.9490827553972024,1.584950283123069,1.8241384994013623,0.6760219368170018,0.9655202926404496,1.1635263278139545,1.211024212154338,0.8955314630074731,1.3529474349868444,0.7153847600547963,0.6876006784920619,1.0961881011792418,1.1348386266624793e-07,1.0608912440639198,1.061273816615504,2.071522512612708,1.5734955263305597,1.0265930878039262,1.2439011174240555,0.9386641739773428,1.6408064944063137,0.929586997172986,1.305314569323098,1.5093570711876385,1.1613945439750717,1.078117343746857,1.4086088388759663,0.94036649171209,1.289296951155655,1.350239626826068,1.1488317066030045,1.6170161264907326,1.3301016450250969,0.8208607360370291,0.9380691780368996,0.8787213405699036,0.8791398044692421,2.200476678363861,1.264684515623615,1.3163045304470606,0.6735058841066136,0.9839631204150502,1.351248716133929,1.1225231084996103
LR,1.36276745643301,1.1730182382590582,1.045342536861966,1.0519778416671228,1.7309379563506335,1.1402928864844248,0.9462718814678812,1.2454500256690348,1.1896828966019777,1.2811513105605044,1.496717534845525,1.1252733381001117,1.630528288740823,1.8347560643797365,1.0511127451642928,1.0986656271984965,1.2838551854060989,1.0711507135666034,0.9559902471324284,1.2677232376702017,1.016717867078066,0.974556697600924,1.1389803287971874,1.0608912440639198,1.460009659995543e-07,1.1406507701390884,2.040419357005701,1.6186363399585726,1.144801951785205,1.275926286920975,1.078665306007108,1.668908819992032,1.0861507941650654,1.3267034037179388,1.52380254074157,1.1972596599333043,0.9907660795710238,1.5788445523782315,1.0745196475826573,1.3614255059394955,1.1089475614825135,1.255237904366061,1.6304107966721846,1.2422040399334262,1.086155522104617,1.1140816748503333,1.1688008544188666,1.0344477025554626,2.208173243763327,1.2787712486637486,1.302845603386403,1.2210148480040963,1.1568623946202017,1.320511075607774,1.1788381926484657
LS,1.3467903966989947,1.2654644462653295,1.0545338951888372,1.0852198628150684,1.3662907102167876,1.139527302441514,0.9754394714447536,1.2860968049401462,1.2780091047466189,1.3187437864306226,1.534295439299428,1.166459003273429,1.6970375976036522,1.882687096790448,1.0051282947046236,1.0808386695667898,1.329178552423479,1.1194321971603471,1.034044687285012,1.4311354365210187,1.0367807742727029,0.9957422763330754,1.1278605302039115,1.061273816615504,1.1406507701390884,0.0,2.1152048522144877,1.6905741103756693,1.0880222258645549,1.3464250334918555,1.1364884571016034,1.6631148153210482,0.990130297562106,1.2187675821584587,1.3124115362570352,1.2851982346440094,1.076580658049036,1.574684849904198,1.0398466335150558,1.3755794209263916,1.1644240072297312,1.2975955320727224,1.616087912089193,1.201157602602683,1.0723780004696344,0.9038404207261542,1.1575473938019063,1.0838200691738027,2.2767009134020184,1.1786420325338167,1.2492442812582616,1.2203571090976653,0.8594012619136183,1.1906852533923322,0.9871556462954252
LY,2.170136994929974,2.058221728368681,2.0208696670772675,2.0760417957957378,2.389436836048341,2.081536591428481,1.958701284825853,2.120792481511545,2.0797099951179114,2.1390012286062614,2.2091511433920057,1.9133806001402784,1.4944407232225796,1.534496517660089,2.1270996711698844,2.0531793378015046,2.1120536062137947,2.086740259606226,2.001161284785768,2.0697153175042504,2.0937514385393583,2.037759128184515,2.059563966328918,2.071522512612708,2.040419357005701,2.1152048522144877,0.0,1.67096341589703,2.0134822162738826,2.0865207870795253,1.7689351709692285,2.095258534915672,2.1159596543361934,2.162069427587308,2.2887608484609845,2.013173121258118,2.043993055802436,2.1944623182369214,2.0858315999874706,2.0596404628722818,2.092196468320165,2.07241484941353,2.192967090329562,1.9436707927621677,2.080771668428778,2.103869870516092,2.023987971494407,2.067749022468913,1.7096597818214154,2.1594699894228127,2.1311782893181426,2.134096469577868,2.11556924662338,2.1821510053509177,2.1519805858077787
MA,1.736394938376296,1.6196257711570483,1.557142071167842,1.6033666490258554,2.1049335661520368,1.6247738116255812,1.4717007178939152,1.6825589107785934,1.6281584064423014,1.716514704215436,1.8021896638372237,1.4970575214512074,1.3272046727577669,1.6165211525259302,1.6321510482870596,1.621799678961383,1.6604371229845118,1.6851529140943546,1.5563080410645591,1.6660476811492748,1.5827465054620975,1.511938911222093,1.645203465473531,1.5734955263305597,1.6186363399585726,1.6905741103756693,1.67096341589703,2.811545470969857e-07,1.5923025206940702,1.6626769492166915,1.3606646817677648,1.7909278391889911,1.6524579068019,1.7436558994928522,1.9216516771202508,1.6139067601416672,1.6220363923025605,1.8008241338826467,1.6297346285045768,1.6815135971812647,1.7393735168746254,1.617345246121415,1.9165231413253163,1.6609324348950738,1.574866204031588,1.6523021203421324,1.5882073869282094,1.593753365017011,1.8132211819376485,1.7763748492850209,1.7516077805573504,1.654460525263247,1.650462459834501,1.803011983773312,1.7298278811440058
MG,1.3371222116802604,1.177410663109976,1.0219304586167808,1.0687368317679455,1.648748736162602,1.0974256186175242,0.9447552710290114,1.2332509813349817,1.1783015187306007,1.240944983382828,1.5007215576606407,1.1276581255481426,1.605611661703911,1.802009192415432,1.0793807051783573,1.0775462189503646,1.2711982958288182,1.1433691264614438,1.0361578373473208,1.310801270940427,1.0744995317459656,1.026225487230024,1.163944289755122,1.0265930878039262,1.144801951785205,1.0880222258645549,2.0134822162738826,1.5923025206940702,2.6656007498500226e-07,1.2508415621624105,1.092726847453677,1.4601591250928936,1.1154148645449613,1.3055548817201257,1.5100345337926626,1.1996705915806425,1.0768096256435709,1.3486420891364652,1.0601153329448096,1.3189032513583123,1.1590830221660713,1.185082812564536,1.6020215827190585,1.1712206147559636,1.100761208073726,1.1102125472004511,1.147999389986162,1.05849433637691,2.154065120388684,1.197764890896305,1.2577593648391097,1.0851234982511802,1.1576980901724143,1.3012273530919662,1.1429831065771194
ML,1.5006434531988788,0.8252129082761245,1.2096839371791268,1.0122406968152329,1.8657384185343704,1.1756604434065412,1.028859262808621,1.2097486994832696,0.927758024325403,1.1646685897692397,1.5929391803487165,1.2741250910505015,1.6867592164942264,1.9139989882295687,1.2672875864337032,1.293094039355794,1.2321442356059604,1.2965636814927826,1.0989375154165482,0.8821524384411797,1.1854101887292454,1.130471556097104,1.3572998264537,1.2439011174240555,1.275926286920975,1.3464250334918555,2.0865207870795253,1.6626769492166915,1.2508415621624105,2.7637536810325694e-07,1.1128983352189636,1.7544381936542537,1.3088510727614882,1.4876504943377309,1.684636927611089,0.9027055544484068,1.2248982500755785,1.633969562172471,1.2455547632836677,1.5428381479389244,1.3277846459845966,0.9919556756295744,1.73182918506847,1.358875980163769,1.2907313278119883,1.32037329691003,1.19936000573756,1.0016977712582278,2.19593193944259,1.3867786778658246,1.4226767838844745,1.361425768136467,1.369397519807791,1.468416458973565,1.3672605707834584
MR,1.311678110346335,1.0702423404934318,1.0101721020024146,0.963417997614805,1.796581038641961,1.0934944739796693,0.8332708556904534,1.1584388115970825,1.1009463699628623,1.2115734120314203,1.4538115576904995,0.9664346505964346,1.3519140542755317,1.600177896262413,0.943399740397858,1.0357819273407818,1.1655799694339364,1.1827686474730157,0.8865760443324952,1.1869157434391842,0.9192023798044984,0.841842523332581,1.1442771189343794,0.9386641739773428,1.078665306007108,1.1364884571016034,1.7689351709692285,1.3606646817677648,1.092726847453677,1.1128983352189636,0.0,1.5894463636903091,1.0608807985174478,1.331520367321363,1.5257667903896304,1.0657842823803574,1.080683598365976,1.488865534637664,1.0357251412685162,1.2998896004778189,1.2689186700666228,0.9994637656626536,1.5747503344000615,1.2441406675791815,1.0083530790527375,1.0619739998648203,0.9834279392443024,0.948461130093677,1.953990749644528,1.2941502258758573,1.321330602896017,1.1141251435166166,1.1180574709163682,1.3530375054941406,1.1943346133868895
MU,1.774174672505526,1.67238217595298,1.5749312964411102,1.664436126012436,1.9670206779318185,1.658319864510074,1.5330937556792772,1.7608519443295223,1.6727567178988578,1.7276573471481869,1.8039444519785155,1.616679957160591,1.8267693908621956,1.93989701901328,1.703725153624881,1.6681131288252864,1.7020752346432717,1.6706338943726702,1.610403088262976,1.7544825833386577,1.6487994236131986,1.6106778259031012,1.6366611549104817,1.6408064944063137,1.668908819992032,1.6631148153210482,2.095258534915672,1.7909278391889911,1.4601591250928936,1.7544381936542537,1.5894463636903091,4.020553101072324e-07,1.6796525267468423,1.7249696946357207,1.84187741220898,1.7153771490984244,1.6351007551448846,1.3523200422136363,1.6603772399397796,1.451885935660418,1.68213431027819,1.6794381297460583,1.961620481788498,1.6864799553246217,1.6259296257192757,1.6735199475013056,1.715411887502167,1.6535224962278796,2.208506380368308,1.7496381100767395,1.7099314003951342,1.61506121576781,1.5860963716448897,1.753076829058795,1.7074089609720615
MW,1.292159706180613,1.1961008207773909,0.9837900289635418,0.9881822137669626,1.658063786946047,1.0863570613540865,0.9050657601958768,1.2482708024438396,1.2195533153490814,1.2861197779718998,1.494426842795771,1.0822649518293548,1.6672734198377317,1.8563094581442612,0.8711052315331215,1.014782392543728,1.2740171742804511,1.1613645864002289,0.9786887553876056,1.4005368269242104,0.9023635818212176,0.8682347850167014,1.0824651648465609,0.929586997172986,1.0861507941650654,0.990130297562106,2.1159596543361934,1.6524579068019,1.1154148645449613,1.3088510727614882,1.0608807985174478,1.6796525267468423,7.300048299977713e-08,1.2408294760073226,1.4288516610685664,1.221862921574541,1.0267262696642934,1.551843273739692,0.9545843759312596,1.333586179465465,1.2681238287319638,1.2352815699315645,1.598339555531003,1.2450949756371257,0.9692550110145112,0.972644322065408,1.0461679787188811,1.0058567583336755,2.26461453213688,1.1447687928120212,1.2237248195904298,1.1190432339272056,0.9780025064244088,1.096909232428542,0.9974649403249516
MZ,1.1064358675989283,1.408228548292273,1.2223766723052285,1.3155966027234365,1.6157526194535592,1.309203398716407,1.204596137942322,1.4529462073322124,1.429685280987815,1.4715304090166492,1.3771895413000446,1.3603186209461575,1.7795801415014192,1.948867485674613,1.325679573934753,1.3288819155872016,1.478388828500396,1.3484479114693495,1.275739123075695,1.5145736265285517,1.3019819689045713,1.1367794303407297,1.3082926452681285,1.305314569323098,1.3267034037179388,1.2187675821584587,2.162069427587308,1.7436558994928522,1.3055548817201257,1.4876504943377309,1.331520367321363,1.7249696946357207,1.2408294760073226,0.0,1.4641320711739196,1.4309019912917331,1.2926546910333987,1.6731806999264125,1.2959116837243534,1.494520525034593,1.4287797651819147,1.4391725697623874,1.7641381026150391,1.4102870856698757,1.118490329541736,1.2384634777477614,1.4018219458908805,1.321501712742583,2.2903780114316987,1.3658997274835325,1.4181337511460408,1.4235187788734274,1.1469007443213524,1.3403384259201665,1.2375824599452927
NA,1.5298567713186324,1.5958093588294784,1.4404973294782804,1.5072907907647457,1.4075556787022152,1.514287696434561,1.422155975663696,1.6382939327640773,1.6227683908170385,1.652992874335226,1.74956963466213,1.5582118336284996,1.9418047563680156,2.0911037983986667,1.5157792917989048,1.5232739298396798,1.654905395972016,1.5484659674167338,1.4774355267862618,1.7166736170991213,1.5027181695888738,1.44105756992442,1.5141883729547732,1.5093570711876385,1.52380254074157,1.3124115362570352,2.2887608484609845,1.9216516771202508,1.5100345337926626,1.684636927611089,1.5257667903896304,1.84187741220898,1.4288516610685664,1.4641320711739196,1.737759081973225e-07,1.629544626100934,1.484223108559756,1.801819716301524,1.493493530824452,1.64815192894733,1.5772892030871986,1.6501248370517765,1.9279587280742376,1.5940272290447608,1.4751311627782684,1.4025117983648072,1.5995249897375945,1.5199816318847847,2.4202409680160395,1.5528283223818575,1.5968730143855503,1.600451470062176,1.2268870191951269,1.409322581757383,1.3737517820945822
NE,1.4556747319167551,0.8020141721905969,1.1188503067847484,0.8639791915622571,1.8328122421424136,1.1296461391082302,0.955399367293776,1.1809850130262904,0.949903581022686,1.1387702218159197,1.564476915247186,1.1829128579742605,1.6190673544397565,1.850136145564138,1.1905736232496325,1.2119276098166338,1.1522918190381883,1.235577412195244,1.0601417216491331,1.0070101162507925,1.1345733102708444,1.0673988577968734,1.280670333377251,1.1613945439750717,1.1972596599333043,1.2851982346440094,2.013173121258118,1.6139067601416672,1.1996705915806425,0.9027055544484068,1.0657842823803574,1.7153771490984244,1.221862921574541,1.4309019912917331,1.629544626100934,3.139869497076493e-07,1.0968517042672057,1.6191493358293256,1.15768537794965,1.4623213670584918,1.3075852565062591,1.0294287591047009,1.6815223396052472,1.2877519568030884,1.2136092459717456,1.2475864242745929,1.04786880148221,0.8846488068394777,2.1403627665822778,1.3315955611106434,1.3678496997386227,1.3063396817141806,1.3018434224322473,1.421314086290565,1.3032429468976774
NG,1.3525979335715377,1.1186184671002706,1.0549442272924547,0.955357335656286,1.6312590540953271,1.10108971938489,0.94236787126343,1.225648615507198,1.1475375678967603,1.183762498032797,1.5056954328179213,1.1317424311655693,1.6408614797287224,1.8101493919271672,1.0417807120594484,1.0490546684445965,1.261710399081221,0.9386901067806864,0.9458604007163872,1.2863134897965376,1.0182795222816072,0.9921937911873442,1.0973483248414793,1.078117343746857,0.9907660795710238,1.076580658049036,2.043993055802436,1.6220363923025605,1.0768096256435709,1.2248982500755785,1.080683598365976,1.6351007551448846,1.0267262696642934,1.2926546910333987,1.484223108559756,1.0968517042672057,0.0,1.562151330264584,1.0149239176236495,1.3540678132940158,1.0276135493886756,1.193014808939895,1.5770135331031123,1.131885582183399,1.0915672920550232,1.0693395741419625,1.0941879683945035,0.9920122610965324,2.201408383489715,1.1478546688445987,1.159570282273201,1.2176681467875987,1.1063329458930755,1.231858321305238,1.0858592808941705
RE,1.6575375910551702,1.5240152636429234,1.470685486434052,1.5003905121670655,2.037038826860506,1.5158086817608805,1.3835888719389526,1.6413863783775235,1.530668233317656,1.6059296278984003,1.6903755799867335,1.4952703874607205,1.825657028464774,1.991498969392842,1.5086326332859232,1.56589289937687,1.5480427069262397,1.6283347554353145,1.5005657768535168,1.6842208089537412,1.457360459277277,1.4410419069556892,1.5656813272678298,1.4086088388759663,1.5788445523782315,1.574684849904198,2.1944623182369214,1.8008241338826467,1.3486420891364652,1.633969562172471,1.488865534637664,1.3523200422136363,1.551843273739692,1.6731806999264125,1.801819716301524,1.6191493358293256,1.562151330264584,0.0,1.533075377347334,1.5191898972805669,1.6991790786335934,1.546959384936606,1.947821188335281,1.7090539109845224,1.4647600871370796,1.5298463302295864,1.5334421002515506,1.481215072647323,2.265538940671904,1.7111841678159625,1.667398139234666,1.2891112457667218,1.4950786499901263,1.7070545319559356,1.619907395570725
