ISO_CODE,AE,AF,AM,AZ,BD,BH,BN,BT,CN,GE,HK,ID,IL,IN,IQ,JO,JP,KG,KH,KR,KW,KZ,LA,LB,LK,MM,MN,MO,MV,MY,NP,OM,PH,PK,PS,QA,SA,SG,TH,TJ,TM,TR,TW,UZ,VN,YE
AE,0.0,0.7522184135036071,0.4638196218460561,0.59116872361623,0.5120432472821104,0.2469995546091987,0.5397726509702989,0.5691491502927114,0.3926248210484954,0.4910825041504706,0.5826646504915258,0.49578402921408,0.5322049924591273,0.4270224774318473,0.7088152175470899,0.8252672579847246,0.4215229455870369,0.4221481698473515,0.7263669837205037,0.5065328367944716,0.3103301713429031,0.4336298975647908,0.4360605490541826,0.6516082164152045,0.5199078654659948,0.5072959206378669,0.6096566882716701,0.5681567114597865,0.5615326491145873,0.7907641625774079,0.4619365074312172,0.2846154467214041,0.5953841939288802,0.5101756440087698,0.9385507280636306,0.2790276616414445,0.3033594944609568,0.4328178621209049,0.6985230713644346,0.411959257574676,0.644138902072207,0.648736486369186,0.7187188124415917,0.5397287833145472,0.8691118671022385,0.4746471630066037
AF,0.7522184135036071,6.143906154658886e-08,0.8122929439743168,0.8660418715497155,0.8298237127330845,0.7441271762972219,0.8539819836607359,0.8758316224352676,0.7795395848808502,0.8269462854340065,0.8778804733090131,0.8299099068900545,0.821534288391598,0.8153292420809921,0.8837870101562663,1.035710595340594,0.8026428361176812,0.7745765210849929,0.9379340588757744,0.8430558837840435,0.7528632600914537,0.7923765999305277,0.7844559661874821,0.8884138636730712,0.8609739082148213,0.8251019831244909,0.916722901518342,0.868313814836914,0.8561428768836271,1.00411472342624,0.7939355980982589,0.7520347047435819,0.9316411929144351,0.7866698721472827,1.1017839736142625,0.7456167682883508,0.7333330038683833,0.8044319109148125,0.942977502241785,0.7623171494895254,0.9412793704902096,0.8885631796132303,0.9763672248730928,0.83452749802265,1.0632479227916642,0.786636434781167
AM,0.4638196218460561,0.8122929439743168,0.0,0.5113451995595062,0.5410420446360077,0.4091425980329939,0.5338982892612623,0.5624501191595066,0.2886472916957651,0.3579432461394407,0.5737436844831223,0.4130203642004515,0.5139855647638166,0.4962601024403987,0.7435629255856061,0.868445377655807,0.322202923923658,0.3075635419070532,0.6948247796187589,0.4454089642382331,0.421718387519408,0.3232619169146917,0.3540104123042932,0.6688411307725315,0.5157097727386682,0.433764182192266,0.5118719803933115,0.5575404663122555,0.6262140503248483,0.8058980161420644,0.4774891480096148,0.3484769995154059,0.5995779544283864,0.6202819878732888,0.9989746670428596,0.4093585228830314,0.3959958061356176,0.4146638081068758,0.6993953110553588,0.3104323539417394,0.5994374494679477,0.6208819409661875,0.7193483154621362,0.4382681058245272,0.863915978273527,0.4699123128552152
AZ,0.59116872361623,0.8660418715497155,0.5113451995595062,0.0,0.6432692268649456,0.5509320644966829,0.6523982015752935,0.6856189199827887,0.4773047623895734,0.5407817524742593,0.6894957155315236,0.5616140800230801,0.6356645984496323,0.622856025496713,0.7996065672979642,0.9217282249194684,0.4975296875461745,0.488252970741525,0.7946127546976297,0.5884686904993718,0.5544700555029843,0.4955569165471479,0.5163693617754082,0.7577603108855806,0.640418345318817,0.5802224622536654,0.6485166880718257,0.6787291718738387,0.7218489776777283,0.8810480522075824,0.6110205545497948,0.5053730672958557,0.7180351413891352,0.6881175658721493,1.0470499673727915,0.5492892019160535,0.5312476975328044,0.5696789750033102,0.7898436984031398,0.4854066451080895,0.6969182991202244,0.5853405596833515,0.8139320361714467,0.5797457951515449,0.9323514812596784,0.5838161183309944
BD,0.5120432472821104,0.8298237127330845,0.5410420446360077,0.6432692268649456,0.0,0.4168444556657525,0.6371975355177991,0.6254920516155916,0.467389116013212,0.5694061334779095,0.6914061610623224,0.5618958496287816,0.6537665060441407,0.4966884640310037,0.8250135949720818,0.943175977350665,0.4970741063477342,0.5096191960838679,0.7868740654382982,0.5894602471384112,0.5036783643938232,0.5112185368917757,0.5187260846878614,0.7724792954349239,0.5927063117280318,0.5637065348872404,0.6696649585350574,0.6686029901883305,0.6167964587889401,0.8706510134420316,0.5011681301171848,0.3829066290577473,0.7140285910120895,0.6232320756168691,1.0600973494696722,0.4574015370608613,0.476884112391928,0.544680700734739,0.7928412227714926,0.4988093067037942,0.7244130332475734,0.7201630485641339,0.8144803828716188,0.6096613934474228,0.9384378506365946,0.5929723756027857
BH,0.2469995546091987,0.7441271762972219,0.4091425980329939,0.5509320644966829,0.4168444556657525,0.0,0.5057708142898931,0.517086320356451,0.3320737294835449,0.4410185379558514,0.5601561914800081,0.4467236229589798,0.5038610010567348,0.3665577440424246,0.6958421344417507,0.821424818525933,0.3687408365349003,0.3691067956474261,0.6969240869409908,0.4653059415180064,0.2445501466843463,0.3812782394060589,0.3764104799258373,0.6435133267516872,0.4806827175308336,0.4577447752821095,0.575511819135148,0.5417995266004734,0.5133688053449458,0.7742737845951759,0.3975955975248468,0.175250596641076,0.5742898600543673,0.4995940407628291,0.9441534476754506,0.1986154206733202,0.2443596534878953,0.3892490802118383,0.6793346899404339,0.353699057943066,0.6099965685162038,0.62251531562535,0.7011663618867721,0.4999600998403136,0.855673804574581,0.4471671200214254
BN,0.5397726509702989,0.8539819836607359,0.5338982892612623,0.6523982015752935,0.6371975355177991,0.5057708142898931,0.0,0.653552804996774,0.4861183757947025,0.5583836231469556,0.5620631751931081,0.4871487713774489,0.5970470847434154,0.5997837595281046,0.8118278933422126,0.9324063587460794,0.4986558122600218,0.4906323436113383,0.7521367608376773,0.5416527728276533,0.512493630455392,0.5029306776917204,0.4898402484311689,0.7416525078374753,0.6017288227712632,0.5734463322549812,0.6582058873102157,0.5446013278396644,0.6603324637365228,0.5650167728378426,0.5870778152525431,0.4947949995777402,0.629649068713689,0.686714494111375,1.031904775615364,0.4964601225773008,0.4922813153893333,0.4303493692561083,0.6678284455073329,0.5000553157558578,0.7188783704526203,0.6804637923607998,0.6983525278605001,0.6023868476417024,0.8368238904687503,0.5957718032976622
BT,0.5691491502927114,0.8758316224352676,0.5624501191595066,0.6856189199827887,0.6254920516155916,0.517086320356451,0.653552804996774,0.0,0.5082557721520425,0.5812852877602478,0.6553718618364691,0.5891901524255813,0.6613743989867877,0.5277281736248092,0.851652253475334,0.9663631373865362,0.5405010724640709,0.5412197932911498,0.7863201190365475,0.6097046432055875,0.5598846204029702,0.5505948198772379,0.5349993458696309,0.7929513741193673,0.5961589859094385,0.582520685423806,0.6649189743634556,0.6442111536424828,0.665864242949154,0.874313871367058,0.4263403729307641,0.5057992043242125,0.7176430052718251,0.7051034346444253,1.0775963925908068,0.5290437897792594,0.550349160666639,0.5389192813222379,0.7846484395030612,0.5203064781368081,0.7287403970726753,0.756897403938925,0.7499280536558938,0.6350602639586528,0.9059254628369736,0.6325633461132859
CN,0.3926248210484954,0.7795395848808502,0.2886472916957651,0.4773047623895734,0.4673891160132121,0.3320737294835449,0.4861183757947025,0.5082557721520425,6.452392069879462e-09,0.3538163239173152,0.5086915464298728,0.3154115066086352,0.489744603763271,0.3958091161051174,0.7259351470284723,0.860828215143448,0.1232799147115085,0.2046402876963498,0.6508433166227756,0.3486557778728038,0.3419460722791153,0.1901896157962975,0.2370052743715029,0.6527079281270877,0.4413111632781252,0.3474428339034566,0.4817667302924653,0.4994624593960422,0.6206782724529621,0.772431129212412,0.3992043871740066,0.2156317292247257,0.5405663584171301,0.557348753176406,0.992835298429311,0.3295637749261019,0.2948171971416553,0.3354933953449965,0.6458587942394461,0.2191703497965497,0.5501899297743753,0.5682881214402911,0.6591405403717452,0.3888831257247082,0.819822928449206,0.3914699953931509
GE,0.4910825041504706,0.8269462854340064,0.3579432461394407,0.5407817524742593,0.5694061334779095,0.4410185379558514,0.5583836231469556,0.5812852877602478,0.3538163239173152,0.0,0.597016859227488,0.4629579187778702,0.5231339638399124,0.5342397748342431,0.7653538503478325,0.8795676947110707,0.3957148392640247,0.3911494724050677,0.7000424214524901,0.4947726315640771,0.4574346856965709,0.4052619486409206,0.4021041689964404,0.6937385149985327,0.5415893760063386,0.4591792620296718,0.538670086730056,0.5775325353326995,0.6100281485758746,0.8235564347351826,0.501130487922973,0.3989913083259928,0.6075455001449647,0.644834264081721,1.0067737031851731,0.4412179982969076,0.4387945537927665,0.4425346034213481,0.7206370312150717,0.3870446950781411,0.6518185724423743,0.6514023581392637,0.738611919843929,0.5085045061475801,0.8888506174921567,0.5233946066040359
HK,0.5826646504915258,0.8778804733090131,0.5737436844831223,0.6894957155315236,0.6914061610623224,0.5601561914800081,0.5620631751931081,0.6553718618364691,0.5086915464298728,0.597016859227488,0.0,0.575454466296213,0.5988742822977637,0.6361112006967832,0.8218656878128394,0.9605863841646172,0.5023335805040146,0.4989817998787906,0.7575935743256362,0.4973055142707649,0.543082893932712,0.5070640907728972,0.4936599952359428,0.7585611845674276,0.6139777177399495,0.6025884447442729,0.6798402958734523,0.2998352682934254,0.7351843759166325,0.7381413302732177,0.5975506099124367,0.5449060931108255,0.6549879388963777,0.7449763001526868,1.0435025428958775,0.5397079726633474,0.5174378734919335,0.4399249857047667,0.5488906055928623,0.5354020068458304,0.7333651627817861,0.6799469152245973,0.4499191489946561,0.6172899078194679,0.7212420669475313,0.6122594811257028
ID,0.49578402921408,0.8299099068900544,0.4130203642004515,0.5616140800230802,0.5618958496287816,0.4467236229589798,0.4871487713774489,0.5891901524255813,0.3154115066086352,0.4629579187778702,0.575454466296213,4.59284633619262e-08,0.5595499611781383,0.5113584802450223,0.7661745462694699,0.8883660349655729,0.3312797713102445,0.3555767124062069,0.7042358384492964,0.4340234355050471,0.4445965182282439,0.3574116189025337,0.3732198819176964,0.7032018605518064,0.5355744158498339,0.4571336371335491,0.5737528858319848,0.5678852809120497,0.672395253893552,0.7793934126379075,0.5000734862416325,0.3735285758743716,0.614382082600984,0.6356636845194803,1.0169798029077417,0.4477458808666503,0.4192725514758441,0.4287891883470175,0.6958084509941782,0.3686513816068255,0.6279385446133026,0.6409480919473453,0.717947133738731,0.4858610199346564,0.861754132919323,0.482378122042121
IL,0.5322049924591273,0.821534288391598,0.5139855647638166,0.6356645984496323,0.6537665060441407,0.5038610010567348,0.5970470847434154,0.6613743989867877,0.489744603763271,0.5231339638399124,0.5988742822977637,0.5595499611781383,1.3738191809196602e-07,0.6214112206568407,0.6679260690622775,0.73124044529225,0.5081886359978122,0.4884407567483048,0.764606726808194,0.5585127483573634,0.4555353627581859,0.5041789166805212,0.4886882919869488,0.6017620100378386,0.6260653827117407,0.5779213141671379,0.6675864278696481,0.5935795647159103,0.6641883685329959,0.8060799977642163,0.5932778952174449,0.4923343231655723,0.6895739614769401,0.7039546825078722,0.7516018024230069,0.4800276810167431,0.4464955091749334,0.5109446232499433,0.6814864423082168,0.4940940746392268,0.7189975154689917,0.662799654241895,0.714145479164906,0.5900999613147403,0.8513134927051467,0.4748122554943678
IN,0.4270224774318473,0.8153292420809921,0.4962601024403988,0.622856025496713,0.4966884640310037,0.3665577440424246,0.5997837595281046,0.5277281736248092,0.3958091161051174,0.5342397748342431,0.6361112006967832,0.5113584802450223,0.6214112206568407,0.0,0.8207832460884799,0.942738690767477,0.4209685520945921,0.4353371980898766,0.7608448245291144,0.5254597287948168,0.4469308536962711,0.4406211589536347,0.4576807889380704,0.7574203343373784,0.509736527605843,0.5257948954062408,0.6283897795190456,0.6218977372582668,0.626162725556468,0.841117234110451,0.3749241873287756,0.3418318484639782,0.6691253787214494,0.5961834817899729,1.0603065653687536,0.3972568463832256,0.4307262803563619,0.4821307499695885,0.7354091652182461,0.4304681231166126,0.6569707251122316,0.6875002721859197,0.7611246656844324,0.5568726237706494,0.8987475804590834,0.5549520196125038
IQ,0.7088152175470899,0.8837870101562663,0.7435629255856061,0.7996065672979642,0.8250135949720818,0.6958421344417507,0.8118278933422126,0.851652253475334,0.7259351470284723,0.7653538503478324,0.8218656878128394,0.7661745462694699,0.6679260690622775,0.8207832460884799,0.0,0.7918961049291379,0.7434560300567441,0.7196734975733958,0.9283849392910538,0.788052577562045,0.6324965437495464,0.7334060043637658,0.7308137018263187,0.6889590038923616,0.8290361077526056,0.7882693190309468,0.8661777896239421,0.8160901416757962,0.8212542908129564,0.969574203618382,0.7949878629617254,0.7035763892397752,0.8877437910744385,0.7946500679576417,0.8437818655738615,0.6849263751954348,0.6553557542649302,0.7589210586124044,0.9003519678552322,0.7159429003617205,0.9014302720634488,0.8368345410183565,0.919278961279794,0.781290826477971,1.015083339112338,0.6010630279098526
JO,0.8252672579847246,1.035710595340594,0.868445377655807,0.9217282249194684,0.943175977350665,0.821424818525933,0.9324063587460794,0.9663631373865362,0.860828215143448,0.8795676947110708,0.9605863841646172,0.8883660349655729,0.73124044529225,0.9427386907674772,0.7918961049291379,0.0,0.8820796175304311,0.8655305291858192,1.044278499740465,0.9184014077476176,0.7477608747602029,0.8785157434171336,0.8702987764051853,0.781416558052652,0.9485507147552248,0.9059584760661824,0.9736620446790616,0.9425650786544258,0.9270714872849712,1.0892207740602866,0.9133050842874788,0.8297828709427321,1.0016060813726713,0.9501780186058496,0.7515705446445088,0.8035323605083676,0.7657179893881824,0.8864730948695679,1.0324924995572426,0.8541034471431147,1.0030839582550293,0.9747767708175792,1.0365170709647713,0.9196808217263448,1.142800957984693,0.7155038738854325
JP,0.421522945587037,0.8026428361176812,0.3222029239236579,0.4975296875461745,0.4970741063477342,0.3687408365349003,0.4986558122600218,0.5405010724640709,0.1232799147115085,0.3957148392640247,0.5023335805040146,0.3312797713102445,0.5081886359978122,0.4209685520945921,0.7434560300567441,0.8820796175304312,0.0,0.2088502190670239,0.6724367942345144,0.3108926689830761,0.3636100561416606,0.1853247929090666,0.2520335195842239,0.6704335419372636,0.4615006712337292,0.3813765934650975,0.5086277611941247,0.5058923955540321,0.6658814583342599,0.7754247084146303,0.4373637584597226,0.2510004745095637,0.5498006587225054,0.585990161462898,1.008453227865086,0.3614656833392893,0.3107363910984992,0.3622931473962807,0.6161338237819243,0.2495373979717934,0.5587399759528117,0.5640812137203163,0.6572629030016398,0.3979735127308497,0.8094044087942345,0.4022227326738297
KG,0.4221481698473515,0.7745765210849929,0.3075635419070532,0.488252970741525,0.5096191960838679,0.3691067956474261,0.4906323436113383,0.5412197932911498,0.2046402876963498,0.3911494724050677,0.4989817998787906,0.3555767124062069,0.4884407567483048,0.4353371980898766,0.7196734975733958,0.8655305291858192,0.2088502190670239,3.553700452361053e-08,0.6748557173911418,0.3621359330037305,0.3650109115559315,0.1788191947365716,0.2765036558500539,0.6493540854109026,0.4758521077832522,0.4051854621637236,0.5237609975803468,0.4974079952851682,0.6431495566501099,0.7609463168746825,0.4433661446830995,0.2807853961371915,0.5740725444011927,0.588172446448819,0.98301617863491,0.361356626776124,0.3176711080208119,0.3624958178792038,0.6171084048599929,0.2282683954151695,0.5543107282754784,0.5530410176914513,0.6613317160221106,0.3482242975046517,0.801230346757789,0.4014399845885006
KH,0.7263669837205037,0.9379340588757744,0.6948247796187589,0.7946127546976297,0.7868740654382982,0.6969240869409908,0.7521367608376773,0.7863201190365475,0.6508433166227757,0.7000424214524902,0.7575935743256362,0.7042358384492964,0.764606726808194,0.7608448245291144,0.9283849392910538,1.044278499740465,0.6724367942345145,0.6748557173911418,4.9421560620597e-08,0.7141284963930538,0.7014151840708925,0.6784230303184803,0.6220761177225833,0.880792495625932,0.7580728560332745,0.6787483862997851,0.7824555765494398,0.7476161574666729,0.830834555170797,0.9310668538963994,0.7230901926508242,0.676473359241015,0.7805235302877194,0.8388018135405045,1.1395199813615065,0.6901773858192263,0.685957141503165,0.6808851845815337,0.8349876602079506,0.6696053909999902,0.8482019717945531,0.8414470163841811,0.8476159624538869,0.7492409800491616,0.9709783168026304,0.750451043280792
KR,0.5065328367944716,0.8430558837840436,0.4454089642382331,0.5884686904993718,0.5894602471384112,0.4653059415180064,0.5416527728276533,0.6097046432055875,0.3486557778728038,0.4947726315640771,0.4973055142707649,0.4340234355050471,0.5585127483573634,0.5254597287948168,0.788052577562045,0.9184014077476176,0.3108926689830761,0.3621359330037305,0.7141284963930538,3.871435241927677e-08,0.4592571315332599,0.3624069227715593,0.3696385696127653,0.7166574750225271,0.54791425295893,0.4856383670984294,0.5917722750618802,0.5127205501503881,0.693892032352833,0.7871349115415425,0.5284152746489155,0.4026889183711876,0.6144491037677868,0.6628210971287171,1.0303556186724256,0.4547062282302549,0.4205239948165343,0.4243583229012777,0.5874279630575893,0.4003291713004135,0.6377512568241662,0.6204002712741667,0.6353444728862072,0.5045907585052919,0.7996573654843584,0.5061953099194916
KW,0.3103301713429031,0.7528632600914537,0.421718387519408,0.5544700555029843,0.5036783643938232,0.2445501466843463,0.512493630455392,0.5598846204029702,0.3419460722791153,0.4574346856965709,0.543082893932712,0.4445965182282439,0.4555353627581859,0.4469308536962711,0.6324965437495464,0.7477608747602029,0.3636100561416606,0.3650109115559315,0.7014151840708925,0.4592571315332599,7.598131170262075e-08,0.3737125571625448,0.3743137341911676,0.5893862325758437,0.5087637847218983,0.4691678556970156,0.5895665538220298,0.5263449079977575,0.5776936729591781,0.7671897709826891,0.4583426343629043,0.2517833896630487,0.5518377656165271,0.5643676460583483,0.8692791671256059,0.2299031328721605,0.2012950871042595,0.4044908403874711,0.6574330976157416,0.3670528614056793,0.6188907466220805,0.6074452516278889,0.6832139234987737,0.4939280370345499,0.8331826095882945,0.3687990799736387
KZ,0.4336298975647908,0.7923765999305277,0.3232619169146917,0.4955569165471479,0.5112185368917757,0.3812782394060589,0.5029306776917204,0.550594819877238,0.1901896157962975,0.4052619486409206,0.5070640907728972,0.3574116189025337,0.5041789166805212,0.4406211589536347,0.7334060043637658,0.8785157434171336,0.1853247929090666,0.1788191947365716,0.6784230303184803,0.3624069227715594,0.3737125571625448,0.0,0.2739920534769022,0.6652376995112013,0.4760926743925188,0.4055832757286158,0.5205284242117398,0.5092387306278969,0.6677730498547413,0.7666551086821909,0.4527794674158077,0.2805531166956593,0.5738727719478952,0.5955025030789426,1.0005506812694227,0.3724805234738352,0.3209617689436193,0.3716380369376676,0.6187760899615227,0.2447141856004823,0.5637322944055806,0.5524276983503086,0.662762402867017,0.3743435375747493,0.800334414638673,0.4070061431754282
LA,0.4360605490541826,0.7844559661874821,0.3540104123042932,0.5163693617754082,0.5187260846878615,0.3764104799258373,0.4898402484311689,0.5349993458696309,0.2370052743715029,0.4021041689964404,0.4936599952359428,0.3732198819176964,0.4886882919869488,0.4576807889380704,0.7308137018263187,0.8702987764051853,0.2520335195842239,0.2765036558500539,0.6220761177225833,0.3696385696127653,0.3743137341911676,0.2739920534769022,2.0404255297227432e-08,0.6628313577536633,0.4760560218896766,0.3881806786527531,0.5308673269650794,0.4875595832629057,0.6259178854463661,0.7486731125057347,0.4345425361030253,0.3050695442792314,0.5686220571762064,0.6024184258220334,0.988148860921708,0.3691945217310796,0.3325530142921208,0.3642337000930631,0.5499053980889974,0.2984443289943134,0.5883660162246935,0.5746053043596282,0.6384792559564576,0.4370179985994885,0.7720592980065412,0.4335587077939629
LB,0.6516082164152045,0.8884138636730712,0.6688411307725315,0.7577603108855806,0.7724792954349239,0.6435133267516872,0.7416525078374753,0.7929513741193674,0.6527079281270877,0.6937385149985327,0.7585611845674276,0.7032018605518064,0.6017620100378386,0.7574203343373784,0.6889590038923616,0.781416558052652,0.6704335419372637,0.6493540854109026,0.880792495625932,0.7166574750225271,0.5893862325758437,0.6652376995112013,0.6628313577536633,0.0,0.7658527767957325,0.724931911391157,0.7982189539315281,0.7471953743768028,0.769792428761133,0.9224326821367792,0.7334104392140043,0.6402603485823702,0.8156618343598426,0.7943902763679249,0.8513635232338134,0.6201058921663213,0.597196724677217,0.6779020553284171,0.838241189216928,0.6516408005822736,0.8347815933076377,0.7883400523354114,0.858843288397291,0.7191826626490395,0.9767756529952648,0.59668162514234
LK,0.5199078654659948,0.8609739082148213,0.5157097727386682,0.640418345318817,0.5927063117280318,0.4806827175308336,0.6017288227712632,0.5961589859094385,0.4413111632781252,0.5415893760063386,0.6139777177399495,0.5355744158498339,0.6260653827117407,0.509736527605843,0.8290361077526056,0.9485507147552248,0.4615006712337292,0.4758521077832522,0.7580728560332745,0.54791425295893,0.5087637847218983,0.4760926743925188,0.4760560218896766,0.7658527767957325,7.450580596923828e-09,0.5423919180049663,0.6324876858682198,0.6031765528522993,0.6593623801267803,0.8271019507439605,0.4909916389800398,0.4465919019907332,0.6733137044935521,0.6611942709929869,1.0617193934394775,0.4756830529816266,0.4911267301843672,0.4947071907168947,0.7194001289662514,0.4697098992444832,0.6934164934617157,0.6988965495179319,0.7270148264653772,0.583783027402327,0.8740194053969623,0.5832203802904384
MM,0.5072959206378669,0.8251019831244909,0.433764182192266,0.5802224622536654,0.5637065348872404,0.4577447752821095,0.5734463322549812,0.582520685423806,0.3474428339034566,0.4591792620296718,0.6025884447442729,0.4571336371335491,0.5779213141671379,0.5257948954062408,0.7882693190309468,0.9059584760661824,0.3813765934650975,0.4051854621637236,0.6787483862997851,0.4856383670984294,0.4691678556970156,0.4055832757286158,0.3881806786527531,0.7249319113911571,0.5423919180049663,0.0,0.5689668887574374,0.584444930500223,0.6601255257165868,0.8182078746677623,0.4846287596778739,0.398890366153073,0.6132633417517681,0.6385529046156041,1.033421241118773,0.4569792564302739,0.4480891771293737,0.4489576066897752,0.7090961506504145,0.4005756260673663,0.6508445707576864,0.6697435896895738,0.7317196332295833,0.5188413648191735,0.8744674659671287,0.5222739184003864
MN,0.6096566882716701,0.916722901518342,0.5118719803933115,0.6485166880718257,0.6696649585350574,0.575511819135148,0.6582058873102157,0.6649189743634556,0.4817667302924653,0.538670086730056,0.6798402958734523,0.5737528858319848,0.6675864278696481,0.6283897795190456,0.8661777896239421,0.9736620446790616,0.5086277611941247,0.5237609975803468,0.7824555765494399,0.5917722750618802,0.5895665538220298,0.5205284242117398,0.5308673269650794,0.7982189539315281,0.6324876858682198,0.5689668887574375,0.0,0.6692590670978963,0.7330101977246763,0.8930651227623319,0.6051316648240467,0.5310304236073159,0.6830778975165401,0.73161601298088,1.0909482150817127,0.5747802112953914,0.5715213347820872,0.5601048939297094,0.8000955835331645,0.5142484941084402,0.7275717491572207,0.7452470614093608,0.7925628587880299,0.616400322791386,0.9478934135547488,0.6326392397513544
MO,0.5681567114597865,0.868313814836914,0.5575404663122555,0.6787291718738387,0.6686029901883305,0.5417995266004734,0.5446013278396644,0.6442111536424828,0.4994624593960422,0.5775325353326995,0.2998352682934254,0.5678852809120497,0.5935795647159103,0.6218977372582668,0.8160901416757962,0.9425650786544258,0.5058923955540321,0.4974079952851682,0.7476161574666729,0.5127205501503881,0.5263449079977575,0.5092387306278969,0.4875595832629057,0.7471953743768028,0.6031765528522993,0.584444930500223,0.6692590670978963,0.0,0.7053890793624854,0.7396699430555447,0.5772925935588374,0.5312590804282782,0.6195834118436896,0.7315916943395093,1.0349515261502813,0.5215636737012453,0.5127536940726619,0.437516605650421,0.5762192396266932,0.5255490050404393,0.7255014415750799,0.6879020012617358,0.4803396085966894,0.6116986694402805,0.7374016376370547,0.6081094474547777
MV,0.5615326491145873,0.8561428768836271,0.6262140503248483,0.7218489776777283,0.6167964587889401,0.5133688053449458,0.6603324637365228,0.665864242949154,0.6206782724529621,0.6100281485758746,0.7351843759166325,0.672395253893552,0.6641883685329959,0.626162725556468,0.8212542908129564,0.9270714872849712,0.6658814583342599,0.64314955665011,0.830834555170797,0.693892032352833,0.5776936729591781,0.6677730498547412,0.6259178854463661,0.769792428761133,0.6593623801267803,0.6601255257165868,0.7330101977246763,0.7053890793624854,0.0,0.8777842722825645,0.5871253776373946,0.5590583022996775,0.7652477647120591,0.6773023351831947,1.0318416535933632,0.5270069241067876,0.5828330257761316,0.5903441737354025,0.8294207173708572,0.6217496444206994,0.8225342409244978,0.7977706569278856,0.8498201678306514,0.7248354638565652,0.97502992820971,0.7001394083785045
MY,0.7907641625774079,1.00411472342624,0.8058980161420644,0.8810480522075823,0.8706510134420316,0.7742737845951759,0.5650167728378426,0.874313871367058,0.772431129212412,0.8235564347351826,0.7381413302732177,0.7793934126379075,0.8060799977642163,0.8411172341104511,0.969574203618382,1.0892207740602866,0.7754247084146303,0.7609463168746825,0.9310668538963994,0.7871349115415425,0.7671897709826891,0.7666551086821909,0.7486731125057347,0.9224326821367792,0.8271019507439605,0.8182078746677623,0.8930651227623319,0.7396699430555447,0.8777842722825645,1.6186804311275806e-07,0.8177377990696126,0.7722102101533392,0.878915183034264,0.8989872547922162,1.1511811824749043,0.7604067565412221,0.7483722032431911,0.673274021809005,0.7938872058764292,0.7744559400691798,0.9380276184085748,0.8589967953612921,0.8157199881235111,0.8358443997080508,0.926905299123437,0.824567134472867
NP,0.4619365074312172,0.7939355980982589,0.4774891480096148,0.6110205545497948,0.5011681301171848,0.3975955975248468,0.5870778152525431,0.4263403729307641,0.3992043871740066,0.501130487922973,0.5975506099124367,0.5000734862416325,0.5932778952174449,0.3749241873287756,0.7949878629617254,0.9133050842874788,0.4373637584597226,0.4433661446830995,0.7230901926508242,0.5284152746489155,0.4583426343629043,0.4527794674158077,0.4345425361030253,0.7334104392140043,0.4909916389800398,0.4846287596778739,0.6051316648240467,0.5772925935588374,0.5871253776373946,0.8177377990696126,0.0,0.3790698918847801,0.6585619746562333,0.6005733680822835,1.0356806792888869,0.4080375420612079,0.4408246886850571,0.4607691146541804,0.7195983699760372,0.4188660423128382,0.6646172139579974,0.6874724828729201,0.6991321828048341,0.5542896045769391,0.8588195629185904,0.549762463314145
OM,0.2846154467214041,0.7520347047435819,0.3484769995154059,0.5053730672958557,0.3829066290577473,0.175250596641076,0.4947949995777402,0.5057992043242125,0.2156317292247257,0.3989913083259928,0.5449060931108255,0.3735285758743716,0.4923343231655723,0.3418318484639782,0.7035763892397752,0.8297828709427321,0.2510004745095637,0.2807853961371915,0.676473359241015,0.4026889183711876,0.2517833896630487,0.2805531166956593,0.3050695442792314,0.6402603485823702,0.4465919019907332,0.398890366153073,0.5310304236073159,0.5312590804282782,0.5590583022996775,0.7722102101533392,0.3790698918847801,4.828528090125218e-08,0.5640642083697641,0.4928202777407191,0.960062261083635,0.2144282156524212,0.2161964184192666,0.365689663042552,0.6622267547291402,0.275941758243768,0.5691626397102165,0.5854984155642856,0.6917439341780662,0.4376489172171252,0.8426051366724806,0.3961838814878375
PH,0.5953841939288802,0.9316411929144351,0.5995779544283864,0.7180351413891352,0.7140285910120895,0.5742898600543673,0.629649068713689,0.7176430052718251,0.5405663584171301,0.6075455001449647,0.6549879388963777,0.6143820826009841,0.6895739614769401,0.6691253787214494,0.8877437910744385,1.0016060813726713,0.5498006587225054,0.5740725444011927,0.7805235302877194,0.6144491037677868,0.5518377656165271,0.5738727719478952,0.5686220571762064,0.8156618343598426,0.6733137044935521,0.6132633417517681,0.6830778975165401,0.6195834118436896,0.7652477647120591,0.878915183034264,0.6585619746562333,0.5640642083697641,7.955043205642187e-08,0.766739410923207,1.0991539253029177,0.5503613799088664,0.5692621655929679,0.5619113090804705,0.7741619799665349,0.5809381297349961,0.7393294309034052,0.7672360476406901,0.7918826652563605,0.6628244711219584,0.9363587232868484,0.6646048329143578
PK,0.5101756440087698,0.7866698721472827,0.6202819878732888,0.6881175658721493,0.6232320756168691,0.4995940407628291,0.686714494111375,0.7051034346444253,0.5573487531764061,0.644834264081721,0.7449763001526868,0.6356636845194802,0.7039546825078722,0.5961834817899729,0.7946500679576417,0.9501780186058496,0.585990161462898,0.5881724464488192,0.8388018135405045,0.6628210971287171,0.5643676460583483,0.5955025030789426,0.6024184258220333,0.7943902763679249,0.6611942709929869,0.6385529046156041,0.73161601298088,0.7315916943395093,0.6773023351831947,0.8989872547922163,0.6005733680822835,0.4928202777407191,0.766739410923207,9.125060374972142e-08,1.0636574634321212,0.5369215761665839,0.5146576973152078,0.6266996174272094,0.8380240471929731,0.5717867836869029,0.7862825374719135,0.7390702996775927,0.858997490777533,0.6777406278817303,0.9855736989110268,0.6429130700549571
PS,0.9385507280636306,1.1017839736142625,0.9989746670428596,1.0470499673727915,1.0600973494696724,0.9441534476754506,1.031904775615364,1.0775963925908068,0.992835298429311,1.0067737031851731,1.0435025428958775,1.0169798029077417,0.7516018024230069,1.0603065653687536,0.8437818655738615,0.7515705446445088,1.008453227865086,0.98301617863491,1.1395199813615065,1.0303556186724256,0.8692791671256059,1.0005506812694227,0.988148860921708,0.8513635232338134,1.0617193934394775,1.033421241118773,1.0909482150817127,1.0349515261502813,1.0318416535933632,1.1511811824749043,1.0356806792888869,0.960062261083635,1.0991539253029177,1.0636574634321212,0.0,0.9207079709796356,0.8882475335860605,1.0010298348932198,1.0929825591170863,0.982277500328497,1.113288882418585,1.0526174860028752,1.1136821236543757,1.0296241357484373,1.1967499474913033,0.8281759119060963
QA,0.2790276616414445,0.7456167682883508,0.4093585228830314,0.5492892019160535,0.4574015370608613,0.1986154206733202,0.4964601225773008,0.5290437897792594,0.3295637749261019,0.4412179982969076,0.5397079726633474,0.4477458808666503,0.4800276810167431,0.3972568463832256,0.6849263751954348,0.8035323605083676,0.3614656833392893,0.361356626776124,0.6901773858192263,0.4547062282302549,0.2299031328721605,0.3724805234738352,0.3691945217310796,0.6201058921663213,0.4756830529816266,0.4569792564302739,0.5747802112953914,0.5215636737012453,0.5270069241067876,0.7604067565412221,0.4080375420612079,0.2144282156524212,0.5503613799088664,0.5369215761665839,0.9207079709796356,0.0,0.2306957138946623,0.3822793083283529,0.6565766169926891,0.3556201220182354,0.610811737133422,0.6045344575419338,0.6797685689521175,0.4935782213474786,0.834386770418981,0.4229585989951495
SA,0.3033594944609568,0.7333330038683833,0.3959958061356176,0.5312476975328044,0.476884112391928,0.2443596534878953,0.4922813153893333,0.550349160666639,0.2948171971416553,0.4387945537927665,0.5174378734919335,0.4192725514758441,0.4464955091749334,0.4307262803563619,0.6553557542649302,0.7657179893881824,0.3107363910984992,0.3176711080208119,0.685957141503165,0.4205239948165343,0.2012950871042595,0.3209617689436193,0.3325530142921208,0.597196724677217,0.4911267301843672,0.4480891771293737,0.5715213347820872,0.5127536940726619,0.5828330257761316,0.7483722032431912,0.4408246886850571,0.2161964184192666,0.5692621655929679,0.5146576973152078,0.8882475335860605,0.2306957138946623,0.0,0.3863502491345527,0.6201259589468715,0.3303929344032913,0.6080569567090096,0.5637981937135456,0.6643616185274224,0.4636186005362639,0.8065094122147094,0.340755696848764
SG,0.4328178621209049,0.8044319109148125,0.4146638081068758,0.5696789750033102,0.544680700734739,0.3892490802118383,0.4303493692561083,0.5389192813222379,0.3354933953449965,0.4425346034213481,0.4399249857047667,0.4287891883470175,0.5109446232499433,0.4821307499695885,0.7589210586124044,0.8864730948695679,0.3622931473962806,0.3624958178792038,0.6808851845815337,0.4243583229012777,0.4044908403874711,0.3716380369376676,0.3642337000930631,0.6779020553284171,0.4947071907168947,0.4489576066897752,0.5601048939297094,0.437516605650421,0.5903441737354025,0.673274021809005,0.4607691146541804,0.365689663042552,0.5619113090804705,0.6266996174272094,1.00102983489322,0.3822793083283529,0.3863502491345527,0.0,0.610162906935754,0.376478445811163,0.6325583155321813,0.6239588531160317,0.5886697720460908,0.4992373799743615,0.788241153035766,0.5028893941697123
TH,0.6985230713644346,0.942977502241785,0.6993953110553588,0.7898436984031398,0.7928412227714926,0.6793346899404339,0.6678284455073329,0.7846484395030612,0.6458587942394461,0.7206370312150717,0.5488906055928623,0.6958084509941782,0.6814864423082168,0.7354091652182461,0.9003519678552322,1.0324924995572426,0.6161338237819243,0.6171084048599929,0.8349876602079506,0.5874279630575893,0.6574330976157416,0.6187760899615227,0.5499053980889974,0.838241189216928,0.7194001289662514,0.7090961506504145,0.8000955835331645,0.5762192396266932,0.8294207173708572,0.7938872058764292,0.7195983699760372,0.6622267547291402,0.774161979966535,0.8380240471929731,1.0929825591170863,0.6565766169926891,0.6201259589468715,0.610162906935754,0.0,0.6627286410851936,0.8351227416011441,0.7296907197137268,0.6488590963339959,0.720535283204293,0.7475394423723071,0.7084961612179294
TJ,0.411959257574676,0.7623171494895254,0.3104323539417394,0.4854066451080895,0.4988093067037942,0.353699057943066,0.5000553157558578,0.5203064781368081,0.2191703497965497,0.3870446950781411,0.5354020068458304,0.3686513816068255,0.4940940746392268,0.4304681231166126,0.7159429003617205,0.8541034471431147,0.2495373979717934,0.2282683954151695,0.6696053909999902,0.4003291713004135,0.3670528614056793,0.2447141856004823,0.2984443289943134,0.6516408005822736,0.4697098992444832,0.4005756260673663,0.5142484941084402,0.5255490050404393,0.6217496444206994,0.7744559400691798,0.4188660423128382,0.275941758243768,0.5809381297349961,0.5717867836869028,0.9822775003284968,0.3556201220182354,0.3303929344032913,0.376478445811163,0.6627286410851936,6.143906154658886e-08,0.5628568008174509,0.5700964556038585,0.6833523550088477,0.3789323792366391,0.8323908013645148,0.4131428938446365
TM,0.644138902072207,0.9412793704902096,0.5994374494679477,0.6969182991202244,0.7244130332475734,0.6099965685162038,0.7188783704526203,0.7287403970726753,0.5501899297743753,0.6518185724423743,0.7333651627817861,0.6279385446133026,0.7189975154689917,0.6569707251122316,0.9014302720634488,1.0030839582550293,0.5587399759528117,0.5543107282754784,0.8482019717945531,0.6377512568241662,0.6188907466220805,0.5637322944055806,0.5883660162246935,0.8347815933076377,0.6934164934617157,0.6508445707576864,0.7275717491572207,0.7255014415750799,0.8225342409244977,0.9380276184085748,0.6646172139579974,0.5691626397102165,0.7393294309034052,0.7862825374719135,1.113288882418585,0.610811737133422,0.6080569567090096,0.6325583155321813,0.8351227416011441,0.5628568008174509,0.0,0.7364129820574074,0.8371616816996943,0.6419016820270026,0.9592826945886144,0.66349018060631
TR,0.648736486369186,0.8885631796132303,0.6208819409661875,0.5853405596833515,0.7201630485641339,0.62251531562535,0.6804637923607998,0.756897403938925,0.5682881214402911,0.6514023581392637,0.6799469152245973,0.6409480919473453,0.662799654241895,0.6875002721859197,0.8368345410183565,0.9747767708175792,0.5640812137203164,0.5530410176914513,0.8414470163841812,0.6204002712741667,0.6074452516278889,0.5524276983503086,0.5746053043596282,0.7883400523354114,0.6988965495179319,0.6697435896895738,0.7452470614093608,0.6879020012617358,0.7977706569278856,0.8589967953612921,0.6874724828729201,0.5854984155642856,0.7672360476406901,0.7390702996775927,1.0526174860028752,0.6045344575419338,0.5637981937135456,0.6239588531160317,0.7296907197137268,0.5700964556038585,0.7364129820574074,4.4703483581542975e-08,0.790665332997588,0.6476952509526174,0.8829837592775485,0.626772040550817
TW,0.7187188124415917,0.9763672248730928,0.7193483154621362,0.8139320361714467,0.8144803828716188,0.7011663618867721,0.6983525278605001,0.7499280536558938,0.6591405403717452,0.738611919843929,0.4499191489946561,0.717947133738731,0.714145479164906,0.7611246656844324,0.919278961279794,1.0365170709647713,0.6572629030016398,0.6613317160221106,0.8476159624538869,0.6353444728862072,0.6832139234987737,0.662762402867017,0.6384792559564576,0.858843288397291,0.7270148264653772,0.7317196332295833,0.7925628587880299,0.4803396085966894,0.8498201678306514,0.8157199881235111,0.6991321828048341,0.6917439341780662,0.7918826652563605,0.858997490777533,1.1136821236543757,0.6797685689521175,0.6643616185274224,0.5886697720460908,0.6488590963339959,0.6833523550088477,0.8371616816996943,0.790665332997588,0.0,0.7531433727205656,0.7575769611495261,0.7460051725322701
UZ,0.5397287833145472,0.83452749802265,0.4382681058245272,0.5797457951515449,0.6096613934474228,0.4999600998403136,0.6023868476417024,0.6350602639586528,0.3888831257247082,0.5085045061475801,0.6172899078194679,0.4858610199346564,0.5900999613147403,0.5568726237706494,0.781290826477971,0.9196808217263448,0.3979735127308497,0.3482242975046517,0.7492409800491616,0.5045907585052919,0.4939280370345499,0.3743435375747493,0.4370179985994885,0.7191826626490395,0.583783027402327,0.5188413648191735,0.616400322791386,0.6116986694402805,0.7248354638565652,0.8358443997080508,0.5542896045769391,0.4376489172171252,0.6628244711219584,0.6777406278817303,1.0296241357484373,0.4935782213474786,0.4636186005362639,0.4992373799743615,0.720535283204293,0.3789323792366391,0.6419016820270026,0.6476952509526174,0.7531433727205656,0.0,0.878127639591512,0.5096453898368715
VN,0.8691118671022385,1.0632479227916642,0.863915978273527,0.9323514812596784,0.9384378506365946,0.855673804574581,0.8368238904687503,0.9059254628369736,0.819822928449206,0.8888506174921567,0.7212420669475313,0.861754132919323,0.8513134927051467,0.8987475804590834,1.015083339112338,1.142800957984693,0.8094044087942344,0.801230346757789,0.9709783168026304,0.7996573654843584,0.8331826095882945,0.800334414638673,0.772059298006541,0.9767756529952648,0.8740194053969623,0.8744674659671287,0.9478934135547488,0.7374016376370547,0.97502992820971,0.926905299123437,0.8588195629185904,0.8426051366724806,0.9363587232868484,0.9855736989110268,1.1967499474913033,0.8343867704189809,0.8065094122147094,0.788241153035766,0.7475394423723071,0.8323908013645149,0.9592826945886144,0.8829837592775485,0.7575769611495261,0.878127639591512,0.0,0.8691611296767696
YE,0.4746471630066037,0.786636434781167,0.4699123128552152,0.5838161183309944,0.5929723756027857,0.4471671200214254,0.5957718032976622,0.6325633461132859,0.3914699953931509,0.5233946066040359,0.6122594811257028,0.482378122042121,0.4748122554943678,0.5549520196125038,0.6010630279098526,0.7155038738854325,0.4022227326738297,0.4014399845885006,0.750451043280792,0.5061953099194916,0.3687990799736387,0.4070061431754282,0.4335587077939629,0.59668162514234,0.5832203802904384,0.5222739184003864,0.6326392397513544,0.6081094474547777,0.7001394083785045,0.824567134472867,0.549762463314145,0.3961838814878375,0.6646048329143578,0.6429130700549571,0.8281759119060963,0.4229585989951495,0.340755696848764,0.5028893941697123,0.7084961612179295,0.4131428938446365,0.66349018060631,0.626772040550817,0.7460051725322702,0.5096453898368715,0.8691611296767696,0.0
