ISO_CODE,AE,AF,AM,AZ,BD,BH,BN,BT,CN,GE,HK,ID,IL,IN,IQ,JO,JP,KG,KH,KR,KW,KZ,LA,LB,LK,MM,MN,MO,MV,MY,NP,OM,PH,PK,PS,QA,SA,SG,TH,TJ,TM,TR,TW,UZ,VN,YE
AE,0.0,0.1766048989985099,0.1363820964323796,0.1328879519339142,0.1726174097456448,0.0589110483268045,0.2562044565639753,0.1161930470507253,0.2088289022519145,0.1418381272260915,0.4740595686289809,0.1057276254070488,0.2618543080250819,0.147065290885086,0.3501120314015593,0.3786286211827021,0.1268601550110836,0.1407082089115069,0.1515986740078762,0.2330528480911895,0.0541326790809398,0.1406581957370539,0.1256274027636225,0.2138888776268498,0.2159715946937285,0.1298057787023982,0.1641704220681464,0.3765151357968577,0.2569249198792229,0.4243227091825021,0.1077795338968003,0.102770416145565,0.1041039786501972,0.1306855818968201,0.3207781060530993,0.051688105590568,0.0880950790191075,0.2601171592647926,0.2594816087214537,0.0852401092268945,0.2481569900010563,0.0919516985425169,0.5270401428959879,0.0990603922581988,0.4606085051908906,0.1542876272102398
AF,0.1766048989985099,0.0,0.2326397496301992,0.2127919623050323,0.2246467834160357,0.1942927025035905,0.322199274680011,0.1997315341378532,0.2412838918978857,0.2278765498532935,0.5243350598867008,0.1783556042802112,0.3342632316382489,0.1839823365436314,0.372363396249042,0.4434774946899971,0.193089148203502,0.2394692188518763,0.2467478285753345,0.2955171501725063,0.1780073792068463,0.2259541475339895,0.214060046824416,0.3039046513529156,0.2908900767827329,0.2229928142561876,0.2211268855570562,0.4486139721874759,0.354128208371187,0.4625257755563246,0.2009573747515445,0.1813747395226198,0.2170678962583435,0.1915037171361011,0.3889337725605465,0.1665291913450056,0.171869480057597,0.3469845201072503,0.326517256081501,0.1772108047212789,0.2828793056196158,0.1891908078421777,0.5742341499163071,0.2050480362820106,0.4921570772364101,0.1736995221046448
AM,0.1363820964323796,0.2326397496301992,0.0,0.1051843204911125,0.1660265174535615,0.1311956371117828,0.3005655966195976,0.146326213736205,0.2249676942430969,0.0902961939359202,0.526750144630801,0.2137308478154533,0.3274463660048954,0.1503622036338855,0.3915606391590063,0.3831158004545162,0.1855372963475645,0.1901294561644484,0.1208760879096993,0.2991363730528444,0.1483874071912588,0.201660140070852,0.1298810617331873,0.2415276996978956,0.1847231818254973,0.1297526934551018,0.1557373772158864,0.4248849034591605,0.2756514751695759,0.4875609763810247,0.1124122389859706,0.1390908788523836,0.1479884800194826,0.1479261435515848,0.3464173111990573,0.1446346160515321,0.1575543141471295,0.3299940910218826,0.2787766873604732,0.1437949959878875,0.2566830668604706,0.1523528953654424,0.590907232643718,0.1514566956745141,0.5071499965947015,0.1838294150034025
AZ,0.1328879519339142,0.2127919623050323,0.1051843204911125,0.0,0.0840647204834132,0.1544156155720041,0.348540884256949,0.1512777082096075,0.1430137560675416,0.1020644768903566,0.5698993161318384,0.207716123311655,0.3586919647422925,0.0954123624471695,0.4042114286408009,0.4214604759206263,0.1184384896189887,0.212830672267833,0.13489854965962,0.2924011282616901,0.1441594529766945,0.2114429320460709,0.1559306915987047,0.2763984508050354,0.2092852886480779,0.0867552815221371,0.1257231039947864,0.4725193439024279,0.3248812305957756,0.5290898687611423,0.0845961932730651,0.0789749263008268,0.1623556738646366,0.1238997407884514,0.3896804178180033,0.1338584515270487,0.1334547291053094,0.3649108544736311,0.3310878305738364,0.124351034937806,0.1832024991335816,0.1200633622872624,0.6333876608748713,0.1529005594188321,0.5556526536975239,0.1236403835410773
BD,0.1726174097456448,0.2246467834160357,0.1660265174535615,0.0840647204834132,0.0,0.20458588741893,0.4075761691055769,0.1819991048168404,0.0787419636161332,0.1315373646546782,0.6211109259180755,0.2400251514946843,0.4154834634607023,0.0866872039535559,0.4396923432877818,0.479511063101313,0.1348861438126904,0.273314573829075,0.1659807886879683,0.2894109910537629,0.1896606618766849,0.2588256399957029,0.1947256980159983,0.340908340795266,0.2515122423017793,0.0898328829675639,0.1084938176325012,0.532307747279483,0.3857163746910966,0.5811300542652101,0.1217719132403764,0.0828774871943589,0.1934969559750337,0.1426846799761008,0.4465615966381872,0.1708584997371147,0.1613463251518847,0.4186569359467182,0.3766442584994662,0.1533735595821989,0.1817709253647463,0.1443952545972141,0.6879811863403212,0.203962240422755,0.6071926158553991,0.1188484163809133
BH,0.0589110483268045,0.1942927025035905,0.1311956371117828,0.1544156155720041,0.20458588741893,0.0,0.2317774614318115,0.1394651708685084,0.2443420791408816,0.1550295565248123,0.4582724710621972,0.1235989099426026,0.2495372519767918,0.1833081238647467,0.3395201430919065,0.3595140533152804,0.1635756430234769,0.1368512330180311,0.1583843860150502,0.25713358336446,0.0615180937421389,0.1466264677118612,0.1161687388846067,0.1947055983477047,0.2165649119619688,0.1519783911421642,0.1862692566588752,0.3565543098119834,0.2368378794827352,0.4051854504088247,0.1368558639036891,0.1364301308529432,0.1074629149835016,0.1596891598206357,0.2999456665188016,0.0750183601101238,0.1124655142373165,0.2473712341970904,0.246904175825114,0.119373240611223,0.2800892839681547,0.1257872648744579,0.5097733220132628,0.1092282219108644,0.4389042228920071,0.1820596704849933
BN,0.2562044565639753,0.3221992746800109,0.3005655966195976,0.3485408842569489,0.4075761691055769,0.2317774614318115,0.0,0.2991017968928918,0.4480427833245974,0.3483919305880978,0.3405834011729758,0.2258893159795391,0.1605393135661401,0.3714834322015073,0.3768573121157629,0.3214566974999871,0.3384976224667623,0.2092245250853573,0.3423930970793117,0.3852730061745457,0.2460127990847634,0.2533594549012717,0.2854439145658662,0.1845965194803086,0.3053165539297522,0.3585733020838852,0.3918230315504409,0.2178928634408471,0.1944559367590264,0.2296636632759189,0.3178442333427411,0.3425112603419064,0.2869768237423742,0.3283689149448338,0.2337819365190095,0.254276182930536,0.2893850971377488,0.1832364528111263,0.2358507845740751,0.291096173687159,0.4491229317875201,0.3031790512324067,0.3576810011169112,0.2635984716549531,0.2967213472418373,0.3744507859360467
BT,0.1161930470507253,0.1997315341378532,0.146326213736205,0.1512777082096075,0.1819991048168404,0.1394651708685084,0.2991017968928919,0.0,0.2049035106189995,0.1170543550075376,0.5071656804002578,0.1600673401714519,0.3071125480580089,0.1540681503809356,0.3756272396310147,0.4200648682419305,0.1496080953616513,0.1571191781253323,0.1852805872923533,0.2315382269001377,0.1244248613870606,0.1299007138425314,0.1547228241987353,0.2614655035302718,0.253413996246758,0.1565069489751129,0.1392051564747462,0.4155892850704992,0.2937656964543313,0.4602547567035436,0.1217338496359119,0.1324796046154205,0.1384412805153602,0.1679372883968196,0.3645884046613967,0.1262102823494934,0.1378801198660272,0.3029878317098237,0.2724379435210659,0.0960377483422443,0.2383122110452508,0.1436689620668116,0.5560923065394476,0.1120886877432391,0.4909005768391088,0.1646811004852652
CN,0.2088289022519145,0.2412838918978857,0.2249676942430969,0.1430137560675416,0.0787419636161332,0.2443420791408816,0.4480427833245974,0.2049035106189995,0.0,0.1721971747270231,0.6520554709202719,0.2603349165638347,0.4494077543882229,0.1192240297216448,0.460176957877777,0.5258780879910365,0.145043988261744,0.3080789583036213,0.2219172333673275,0.2798921319919715,0.2216465921955239,0.2796475352451251,0.2460910100871808,0.3887681293411786,0.3103733039145194,0.1437494954762663,0.1273681696584311,0.5725923141480236,0.4367915692258802,0.6147143976438056,0.1713713327748647,0.1182927324976303,0.2291149825823889,0.1864543244858172,0.4903028881765812,0.2054758349561566,0.1891286902452569,0.4500767819953933,0.4203226727462223,0.1759908889986294,0.1691081105427801,0.1799543149446074,0.7145584772554605,0.2346355190282461,0.6416308806304549,0.129737253394965
GE,0.1418381272260915,0.2278765498532935,0.0902961939359202,0.1020644768903566,0.1315373646546782,0.1550295565248123,0.3483919305880978,0.1170543550075376,0.1721971747270231,0.0,0.5613124186122553,0.2177404015929546,0.361194498850951,0.1182839575816445,0.387754897530529,0.4152477821214829,0.1634995499620228,0.2116853458415,0.1267376545459338,0.2551127215903464,0.1537662680376073,0.1958162231435005,0.1467979408732969,0.2828100900910533,0.2271302699671429,0.1124257212490874,0.1018880463269857,0.4689091121901769,0.3235446320582552,0.5244377464735671,0.1098788710016477,0.1135596482064298,0.1510324256163385,0.1462076030324306,0.3852590770845393,0.1521798104441142,0.1450928955374592,0.3604944968803555,0.3020184323238946,0.1283946013053005,0.2205175685510217,0.1459359235429738,0.6195830802248113,0.1451299202681108,0.5431471036805199,0.1435052479641458
HK,0.4740595686289809,0.5243350598867008,0.526750144630801,0.5698993161318384,0.6211109259180755,0.4582724710621972,0.3405834011729758,0.5071656804002578,0.6520554709202718,0.5613124186122553,0.0,0.4395785974601524,0.2831225802685154,0.5692879883120083,0.4813966355913772,0.4288199198905745,0.5447149072712135,0.4078033757688591,0.5379121229103763,0.5235449580795317,0.4724401684468961,0.4290439875841582,0.4822387325923362,0.3934532006853858,0.513811532624492,0.5803446619600289,0.5971873924627991,0.2124012948437135,0.3726610865173127,0.2499571485599923,0.5344989715880056,0.5577431313787481,0.4895587587577895,0.5572295175021704,0.3782821437687049,0.4822897163897144,0.517628445133849,0.2637605991352523,0.3684086531965179,0.5108778295433115,0.6440692369263412,0.513726531562143,0.2755623377471988,0.4741185151849801,0.2825422048533345,0.5788040979476665
ID,0.1057276254070488,0.1783556042802112,0.2137308478154533,0.207716123311655,0.2400251514946843,0.1235989099426026,0.2258893159795391,0.1600673401714519,0.2603349165638347,0.2177404015929546,0.4395785974601524,0.0,0.2352635676396816,0.2068839077159202,0.3290883168793647,0.3880778604296701,0.1527749236564759,0.1582277759350911,0.228770862434627,0.252037755789247,0.1000991228836528,0.1437983053065102,0.1814120323372598,0.2328150391968113,0.2764023557877635,0.2097888681139067,0.2337362907704296,0.346004553194607,0.2798222211793652,0.3698153518950886,0.1845845604470566,0.1666458206035637,0.1658384478787137,0.1981524348150347,0.3128268439108534,0.0956238615205421,0.1199897374381782,0.2328984532982644,0.2584600247805256,0.1336817179536832,0.2933296658840047,0.1542258716532582,0.4706053431015076,0.1485772829860263,0.4167507110275273,0.1974403916726657
IL,0.2618543080250819,0.3342632316382489,0.3274463660048954,0.3586919647422925,0.4154834634607023,0.2495372519767919,0.1605393135661401,0.3071125480580089,0.4494077543882229,0.361194498850951,0.2831225802685154,0.2352635676396816,0.0,0.3721644363973423,0.3225163257311987,0.2771617130477701,0.3366574238289729,0.1972574642901758,0.3400491387508907,0.3711161071974901,0.2522172321912717,0.2352466466689607,0.2943675051487039,0.1730075774516096,0.3251759017004444,0.3730157666211721,0.4026177683693727,0.1904562628660957,0.2024042031040521,0.238384568134286,0.327516264944808,0.3492301114627573,0.2973087283343263,0.3476607043002079,0.2078870138271962,0.2713221165845007,0.2967167848383595,0.1340008304582477,0.2278843675802274,0.2977378816451667,0.4383710227044153,0.3043555075660474,0.3378045931551546,0.2565714545498231,0.2908132364113589,0.3659197352868618
IN,0.147065290885086,0.1839823365436314,0.1503622036338855,0.0954123624471695,0.0866872039535559,0.1833081238647467,0.3714834322015073,0.1540681503809356,0.1192240297216448,0.1182839575816445,0.5692879883120083,0.2068839077159202,0.3721644363973423,0.0,0.4115206051193675,0.4495095318952889,0.1271361810774059,0.2344304998992944,0.1626758876796785,0.2571838793213686,0.1649143692146179,0.2169868383358185,0.1830888923842673,0.3104264220125489,0.2379928148857581,0.12627997775188,0.1248708488736069,0.4923048946910456,0.3589657393813768,0.5402641241002852,0.1110766328808413,0.0837864748902759,0.1856278689274036,0.1285028116961503,0.4156930707351806,0.1463595203913587,0.1434073978239,0.3770664129510784,0.3433333234771546,0.1181842772893185,0.1900801255744856,0.1298886018510347,0.6451424288384559,0.1712576003679718,0.5626693335134434,0.1135946918421082
IQ,0.3501120314015593,0.372363396249042,0.3915606391590063,0.4042114286408009,0.4396923432877818,0.3395201430919066,0.3768573121157629,0.3756272396310147,0.460176957877777,0.387754897530529,0.4813966355913772,0.3290883168793646,0.3225163257311987,0.4115206051193675,0.0,0.289681944314088,0.3769394350181171,0.3351716848350924,0.357725408918414,0.4364544217901724,0.3234302985773519,0.3286996271007601,0.3273669314803845,0.3201009010578836,0.4319567271536402,0.411667995915187,0.4268168579354944,0.412111447258329,0.398565142233698,0.4250165336774131,0.3921317218424702,0.386363691877659,0.375422353545108,0.4025454086172681,0.2821081835251643,0.3515735559295105,0.3187372688105446,0.3624811303585557,0.3113216980781803,0.3699592014754048,0.4667700278875348,0.3718538651591392,0.4765411408812638,0.3310421475342422,0.4131602722509929,0.3504703176364861
JO,0.3786286211827021,0.4434774946899971,0.3831158004545162,0.4214604759206263,0.479511063101313,0.3595140533152804,0.3214566974999871,0.4200648682419305,0.5258780879910365,0.4152477821214829,0.4288199198905745,0.3880778604296701,0.2771617130477701,0.4495095318952889,0.289681944314088,0.0,0.4404247135054329,0.3259379112398058,0.3701819009684843,0.4793698748393116,0.3646018895718557,0.374667175554321,0.359313827965337,0.2243390280910384,0.3441806281574962,0.4393839423039218,0.4796675486905902,0.3417189024968409,0.2886102738405712,0.3962047570363172,0.4051768685161903,0.4365152752841536,0.3992417281005981,0.419710948452651,0.1628048347982029,0.3848850715538148,0.3845940999777294,0.3417116645679232,0.2820307186458435,0.4092270762421455,0.5077628987407414,0.3961473173381086,0.466113854476883,0.3563505365980788,0.3949285578609798,0.4271309695430852
JP,0.1268601550110836,0.193089148203502,0.1855372963475645,0.1184384896189887,0.1348861438126904,0.1635756430234769,0.3384976224667623,0.1496080953616513,0.145043988261744,0.1634995499620228,0.5447149072712135,0.1527749236564759,0.3366574238289729,0.1271361810774059,0.3769394350181171,0.4404247135054329,3.725290298461914e-09,0.2081730273199504,0.2020010625281604,0.259942210844879,0.1255148855146562,0.1805789809723095,0.1869935230548695,0.2899546998412397,0.2710938349728802,0.1447776348366637,0.1653977264894351,0.4559550786829376,0.348690395631647,0.4979180194366817,0.1332455507495369,0.0955314449933109,0.1822169234835034,0.1553204117317712,0.3913410446704484,0.1190103215212467,0.1071767639784764,0.3404318273043811,0.3323331821091029,0.1089548406763312,0.180304571371334,0.1193731213016228,0.5891097654318943,0.1512405689854928,0.5293367220438345,0.1181149004526512
KG,0.1407082089115069,0.2394692188518763,0.1901294561644484,0.212830672267833,0.273314573829075,0.1368512330180311,0.2092245250853573,0.1571191781253323,0.3080789583036213,0.2116853458415,0.4078033757688591,0.1582277759350911,0.1972574642901758,0.2344304998992944,0.3351716848350924,0.3259379112398058,0.2081730273199504,0.0,0.2252405301153217,0.2728051111358698,0.1321076098968815,0.0965134543849936,0.1808188043419769,0.1633520858735269,0.2489524820053921,0.2363767991085873,0.2581639922190392,0.3070434513247087,0.2153981492625426,0.3598345703061114,0.1882101258139646,0.2117931646816741,0.1886858451896028,0.2214288536774586,0.2689844129264599,0.1511528308312835,0.1814446217710414,0.2062027109675325,0.2190427960519004,0.1535903272285058,0.3038351478617812,0.1856152320902306,0.4565076811455125,0.0931483729024004,0.3889567308237309,0.2427385723767468
KH,0.1515986740078762,0.2467478285753345,0.1208760879096993,0.13489854965962,0.1659807886879683,0.1583843860150502,0.3423930970793117,0.1852805872923533,0.2219172333673275,0.1267376545459338,0.5379121229103763,0.228770862434627,0.3400491387508907,0.1626758876796785,0.357725408918414,0.3701819009684843,0.2020010625281604,0.2252405301153217,0.0,0.3096882035843066,0.1694456136797225,0.2320908312472397,0.1275962595057465,0.2598373524738388,0.209597895583832,0.1237344797676205,0.1630472345212099,0.4407179967285935,0.2946851155865445,0.5054960960707134,0.1299287486443075,0.144087997156367,0.1468225901652982,0.1686715031462179,0.3467586271944812,0.1698358093933402,0.1622716561787524,0.3425454589473729,0.2966909751282697,0.1739519458403845,0.2688028878615232,0.1712853515720964,0.6052690122877614,0.1788002215384359,0.525913496197318,0.1670014476085121
KR,0.2330528480911895,0.2955171501725063,0.2991363730528444,0.2924011282616901,0.2894109910537629,0.25713358336446,0.3852730061745457,0.2315382269001377,0.2798921319919716,0.2551127215903464,0.5235449580795317,0.252037755789247,0.3711161071974901,0.2571838793213686,0.4364544217901724,0.4793698748393116,0.259942210844879,0.2728051111358698,0.3096882035843066,0.0,0.2494387445040359,0.2463971165971803,0.2892165726639195,0.351312685263808,0.3395716813895247,0.279378947945546,0.273127282714021,0.4748017718432246,0.390868142880186,0.5060522848273363,0.2603557242130255,0.257596787246679,0.265146448422374,0.2762240489943627,0.4368029294593822,0.2435468535898908,0.260557313112676,0.3478127881914714,0.3385498606981282,0.2290320221437194,0.3298101327232448,0.2382548256666593,0.58111379384914,0.2375332337293949,0.5400379340141659,0.2843249229489017
KW,0.0541326790809398,0.1780073792068463,0.1483874071912588,0.1441594529766945,0.1896606618766849,0.0615180937421389,0.2460127990847634,0.1244248613870606,0.2216465921955239,0.1537662680376073,0.4724401684468961,0.1000991228836528,0.2522172321912717,0.1649143692146179,0.3234302985773519,0.3646018895718557,0.1255148855146562,0.1321076098968815,0.1694456136797225,0.2494387445040359,0.0,0.1257108062060501,0.1261723860701696,0.1998238521734185,0.2343040222839432,0.154086154527558,0.1811783406322344,0.3728712861522506,0.2638886220613306,0.413041298332299,0.1310081894237492,0.1189676902393443,0.1294275744266916,0.1531282858730439,0.3084638865992777,0.0589262650646496,0.0766884464755336,0.2615459320178158,0.2505740353855503,0.0946856084426126,0.2491283315456081,0.1055822258058967,0.5168769969665481,0.0849493663727276,0.4429470406691305,0.1544665776900586
KZ,0.1406581957370539,0.2259541475339895,0.201660140070852,0.2114429320460709,0.2588256399957029,0.1466264677118612,0.2533594549012717,0.1299007138425314,0.2796475352451251,0.1958162231435005,0.4290439875841583,0.1437983053065102,0.2352466466689607,0.2169868383358185,0.3286996271007601,0.374667175554321,0.1805789809723095,0.0965134543849936,0.2320908312472397,0.2463971165971803,0.1257108062060501,0.0,0.1770052657395426,0.2225870018939701,0.2942128900925473,0.2328350197408843,0.2329955460717832,0.344507597810771,0.2761924757381851,0.3884967224940706,0.1901985907692995,0.1953808028380024,0.1880054000065807,0.2238735049362251,0.3164946491344294,0.1507610452202283,0.1672042828209458,0.2344708340909947,0.2331845748500599,0.143327818467648,0.2791303661053131,0.1809565986443135,0.4744974999775737,0.095264361224588,0.4078248447284801,0.2183430616309075
LA,0.1256274027636225,0.214060046824416,0.1298810617331873,0.1559306915987047,0.1947256980159983,0.1161687388846067,0.2854439145658662,0.1547228241987353,0.2460910100871808,0.1467979408732969,0.4822387325923362,0.1814120323372598,0.2943675051487038,0.1830888923842673,0.3273669314803845,0.359313827965337,0.1869935230548695,0.1808188043419769,0.1275962595057465,0.2892165726639195,0.1261723860701696,0.1770052657395426,0.0,0.2259959172848147,0.2131017618601175,0.1472597387195787,0.1782296235851099,0.3893203421989917,0.2638163122813496,0.4376045150491166,0.1440421300941385,0.1489706905317874,0.1319398061233075,0.1795573325255966,0.3107011811212404,0.1320352154704871,0.1433259160075526,0.2990546779804331,0.2255632768656608,0.159305390217861,0.2909225926318927,0.1527122097278252,0.5495857872888156,0.1451301077572822,0.4528151115481074,0.1802845603333573
LB,0.2138888776268498,0.3039046513529156,0.2415276996978956,0.2763984508050354,0.340908340795266,0.1947055983477048,0.1845965194803086,0.2614655035302718,0.3887681293411786,0.2828100900910533,0.3934532006853858,0.2328150391968113,0.1730075774516096,0.3104264220125489,0.3201009010578836,0.2243390280910384,0.2899546998412397,0.1633520858735269,0.2598373524738389,0.351312685263808,0.1998238521734185,0.2225870018939701,0.2259959172848148,7.450580596923828e-09,0.2195361298294556,0.2988317591941565,0.3424591186485068,0.2778452092255686,0.1589044463475013,0.3346665887878951,0.2498767675477969,0.29039273670587,0.2562789972538002,0.273062313944159,0.1960972921787158,0.2223558570344373,0.2445624076702994,0.2196633156741715,0.215653238143404,0.2515754623852278,0.3758555553472082,0.2442538198190605,0.4450610214638225,0.1989727835124544,0.3771393293041415,0.3096965617644063
LK,0.2159715946937285,0.2908900767827329,0.1847231818254973,0.2092852886480779,0.2515122423017793,0.2165649119619688,0.3053165539297522,0.253413996246758,0.3103733039145195,0.2271302699671429,0.513811532624492,0.2764023557877635,0.3251759017004444,0.2379928148857581,0.4319567271536402,0.3441806281574962,0.2710938349728802,0.2489524820053921,0.209597895583832,0.3395716813895247,0.2343040222839432,0.2942128900925473,0.2131017618601175,0.2195361298294556,0.0,0.2179786230301926,0.2744962696832682,0.417430557586296,0.2383724427154493,0.4844088810953688,0.1876856313316222,0.2381375841594933,0.2312065195837097,0.2144959378490662,0.3239127148916411,0.2201741604917035,0.2480670464456058,0.3451840560127978,0.2986183422922258,0.2374967810468225,0.3243220069318004,0.2112706451117855,0.6002486656244679,0.2416378206154569,0.5218764741292795,0.2686929402529842
MM,0.1298057787023983,0.2229928142561876,0.1297526934551018,0.0867552815221371,0.0898328829675639,0.1519783911421642,0.3585733020838852,0.1565069489751129,0.1437494954762663,0.1124257212490874,0.5803446619600289,0.2097888681139066,0.3730157666211721,0.12627997775188,0.411667995915187,0.4393839423039218,0.1447776348366637,0.2363767991085873,0.1237344797676205,0.279378947945546,0.154086154527558,0.2328350197408843,0.1472597387195787,0.2988317591941565,0.2179786230301926,0.0,0.1032879226800913,0.4772087341957536,0.3260230016609199,0.5349831560273548,0.0970104032440062,0.0782730101089464,0.128246127668908,0.137600195666791,0.3974175065375219,0.1382872913394919,0.1406810970657189,0.3691659041970632,0.3338412341544147,0.1399858880588146,0.2221006408298318,0.1294085235135935,0.63670988676212,0.17673981288852,0.5647745995220892,0.1314858530809794
MN,0.1641704220681464,0.2211268855570562,0.1557373772158864,0.1257231039947864,0.1084938176325012,0.1862692566588752,0.3918230315504409,0.1392051564747462,0.1273681696584311,0.1018880463269857,0.5971873924627991,0.2337362907704296,0.4026177683693727,0.1248708488736069,0.4268168579354944,0.4796675486905902,0.1653977264894351,0.2581639922190392,0.1630472345212099,0.273127282714021,0.1811783406322344,0.2329955460717832,0.1782296235851099,0.3424591186485068,0.2744962696832682,0.1032879226800913,0.0,0.5129680814351415,0.3712133995520785,0.56032409080591,0.1387024327016145,0.1032071947966867,0.1479719106984043,0.1684195399447637,0.4380528268390219,0.1688368485721963,0.1634337256739382,0.4005502732059924,0.3530558241931847,0.1451581171612571,0.2111908915139859,0.1548524342441032,0.6600082833080307,0.1896833580907422,0.5788400144933865,0.132895156548927
MO,0.3765151357968577,0.4486139721874759,0.4248849034591605,0.4725193439024279,0.5323077472794829,0.3565543098119834,0.2178928634408471,0.4155892850704992,0.5725923141480236,0.4689091121901769,0.2124012948437135,0.346004553194607,0.1904562628660957,0.4923048946910456,0.412111447258329,0.3417189024968409,0.4559550786829376,0.3070434513247088,0.4407179967285935,0.4748017718432246,0.3728712861522506,0.344507597810771,0.3893203421989917,0.2778452092255686,0.417430557586296,0.4772087341957536,0.5129680814351415,0.0,0.2442305665537048,0.2031481633502725,0.4346895134623295,0.4661172304585695,0.3918744717770732,0.4598962764088449,0.270376804361024,0.3851551884958259,0.4208004271065312,0.1600334955026859,0.2827733890529284,0.4238587847401771,0.5621040542262433,0.4229491531257111,0.2484202717685686,0.3796389308918416,0.276582689676328,0.492820631660179
MV,0.2569249198792229,0.354128208371187,0.2756514751695759,0.3248812305957756,0.3857163746910966,0.2368378794827352,0.1944559367590264,0.2937656964543313,0.4367915692258803,0.3235446320582552,0.3726610865173127,0.2798222211793651,0.2024042031040521,0.3589657393813768,0.398565142233698,0.2886102738405712,0.348690395631647,0.2153981492625426,0.2946851155865445,0.390868142880186,0.2638886220613306,0.2761924757381851,0.2638163122813496,0.1589044463475013,0.2383724427154493,0.3260230016609199,0.3712133995520785,0.2442305665537048,0.0,0.3349641405590173,0.2871840679484281,0.3370845914503839,0.2694169100853094,0.3196625500721917,0.2408190278215515,0.2748410782297033,0.3134630350102027,0.2050046032220547,0.250882887184824,0.3012152725284988,0.4410707354338403,0.3027026045438818,0.4381099163314301,0.2655609900840184,0.3968683608449068,0.3679911939696864
MY,0.4243227091825021,0.4625257755563246,0.4875609763810247,0.5290898687611423,0.5811300542652101,0.4051854504088247,0.2296636632759189,0.4602547567035436,0.6147143976438056,0.5244377464735671,0.2499571485599923,0.3698153518950886,0.238384568134286,0.5402641241002852,0.4250165336774131,0.3962047570363172,0.4979180194366817,0.3598345703061113,0.5054960960707134,0.5060522848273363,0.413041298332299,0.3884967224940706,0.4376045150491166,0.3346665887878951,0.4844088810953688,0.5349831560273548,0.56032409080591,0.2031481633502725,0.3349641405590173,0.0,0.4932303681379977,0.5129966128609545,0.4485898674852953,0.5031473882288818,0.3136897323881942,0.4223978822819685,0.4523065415249228,0.2457441240166667,0.32068034986869,0.4588423825350352,0.6114932216486028,0.4711432505523266,0.2221297774341407,0.421573750232281,0.1893243182431465,0.5353501203815088
NP,0.1077795338968003,0.2009573747515445,0.1124122389859706,0.0845961932730651,0.1217719132403764,0.1368558639036891,0.3178442333427411,0.1217338496359119,0.1713713327748647,0.1098788710016477,0.5344989715880056,0.1845845604470566,0.327516264944808,0.1110766328808413,0.3921317218424702,0.4051768685161903,0.1332455507495369,0.1882101258139646,0.1299287486443074,0.2603557242130255,0.1310081894237493,0.1901985907692995,0.1440421300941385,0.2498767675477969,0.1876856313316222,0.0970104032440062,0.1387024327016145,0.4346895134623295,0.2871840679484281,0.4932303681379977,0.0,0.0979314782263488,0.1438452495981471,0.1191580745312984,0.3639460592111536,0.1193527916571332,0.1332905246086047,0.3246973272653504,0.2989655759534516,0.1103914227692482,0.2047442390666506,0.1091855010873635,0.5986853718216869,0.1382370305024261,0.5280604132851806,0.1409795484330115
OM,0.102770416145565,0.1813747395226198,0.1390908788523836,0.0789749263008268,0.0828774871943589,0.1364301308529432,0.3425112603419064,0.1324796046154205,0.1182927324976303,0.1135596482064298,0.5577431313787481,0.1666458206035637,0.3492301114627573,0.0837864748902759,0.386363691877659,0.4365152752841536,0.0955314449933109,0.2117931646816741,0.144087997156367,0.257596787246679,0.1189676902393443,0.1953808028380024,0.1489706905317873,0.29039273670587,0.2381375841594933,0.0782730101089464,0.1032071947966867,0.4661172304585695,0.3370845914503839,0.5129966128609545,0.0979314782263488,0.0,0.135905836094331,0.1193816386118142,0.3899272711643465,0.0997375289337097,0.0940364949879741,0.3518704888151427,0.326217330050961,0.0943503702641124,0.1967952183044159,0.0987098494091668,0.616181093510448,0.1473530346079998,0.5405791413250671,0.0914846449422905
PH,0.1041039786501972,0.2170678962583435,0.1479884800194826,0.1623556738646366,0.1934969559750337,0.1074629149835016,0.2869768237423742,0.1384412805153602,0.2291149825823889,0.1510324256163385,0.4895587587577895,0.1658384478787137,0.2973087283343263,0.1856278689274036,0.375422353545108,0.3992417281005981,0.1822169234835034,0.1886858451896028,0.1468225901652982,0.265146448422374,0.1294275744266916,0.1880054000065807,0.1319398061233075,0.2562789972538002,0.2312065195837097,0.128246127668908,0.1479719106984043,0.3918744717770732,0.2694169100853094,0.4485898674852953,0.143845249598147,0.1359058360943309,0.0,0.1806726650574451,0.3412245998178823,0.116322476685795,0.1443499055815185,0.2884239352281482,0.2765267327863679,0.1432222846877222,0.2769547145564301,0.1434947933131119,0.5460129126405713,0.1571588960291015,0.4809813268460011,0.180461446906005
PK,0.1306855818968201,0.1915037171361011,0.1479261435515848,0.1238997407884514,0.1426846799761008,0.1596891598206357,0.3283689149448338,0.1679372883968196,0.1864543244858172,0.1462076030324306,0.5572295175021704,0.1981524348150347,0.347660704300208,0.1285028116961503,0.4025454086172681,0.419710948452651,0.1553204117317712,0.2214288536774586,0.1686715031462179,0.2762240489943627,0.1531282858730439,0.2238735049362251,0.1795573325255966,0.273062313944159,0.2144959378490662,0.137600195666791,0.1684195399447637,0.4598962764088449,0.3196625500721917,0.5031473882288818,0.1191580745312984,0.1193816386118142,0.1806726650574451,0.0,0.3802825791547587,0.1372227383324605,0.1355630663722288,0.3549065251089683,0.3211982524928247,0.1375944156905389,0.2334935591145336,0.1354025900330466,0.6124071536371423,0.1706960809922313,0.5350561715985264,0.1577697965210962
PS,0.3207781060530993,0.3889337725605465,0.3464173111990573,0.3896804178180033,0.4465615966381872,0.2999456665188016,0.2337819365190095,0.3645884046613967,0.4903028881765812,0.3852590770845393,0.3782821437687049,0.3128268439108533,0.2078870138271962,0.4156930707351806,0.2821081835251643,0.1628048347982029,0.3913410446704484,0.2689844129264599,0.3467586271944812,0.4368029294593822,0.3084638865992777,0.3164946491344294,0.3107011811212404,0.1960972921787158,0.3239127148916411,0.3974175065375219,0.4380528268390219,0.270376804361024,0.2408190278215515,0.3136897323881942,0.3639460592111536,0.3899272711643465,0.3412245998178823,0.3802825791547587,1.0536712127723509e-08,0.3224696497726412,0.3300780250841414,0.2736680743536786,0.2447849460866211,0.3516803191798279,0.4855929914545445,0.3491937314348512,0.3908344723696495,0.3132154246186337,0.3124165803048581,0.3919512950973094
QA,0.051688105590568,0.1665291913450056,0.1446346160515321,0.1338584515270487,0.1708584997371147,0.0750183601101238,0.254276182930536,0.1262102823494934,0.2054758349561566,0.1521798104441142,0.4822897163897145,0.0956238615205421,0.2713221165845007,0.1463595203913587,0.3515735559295105,0.3848850715538148,0.1190103215212467,0.1511528308312835,0.1698358093933402,0.2435468535898908,0.0589262650646496,0.1507610452202283,0.1320352154704871,0.2223558570344373,0.2201741604917035,0.1382872913394919,0.1688368485721963,0.3851551884958259,0.2748410782297033,0.4223978822819684,0.1193527916571332,0.0997375289337097,0.116322476685795,0.1372227383324605,0.3224696497726412,5.268356063861754e-09,0.0759050875188254,0.276079876923238,0.2657098678488137,0.0843042324991827,0.2481059478426006,0.088091653353557,0.5316898605942371,0.1114756204206958,0.4574424291054736,0.1519451241622756
SA,0.0880950790191075,0.171869480057597,0.1575543141471295,0.1334547291053094,0.1613463251518847,0.1124655142373165,0.2893850971377488,0.1378801198660272,0.1891286902452569,0.1450928955374592,0.517628445133849,0.1199897374381782,0.2967167848383595,0.1434073978239,0.3187372688105446,0.3845940999777294,0.1071767639784764,0.1814446217710414,0.1622716561787524,0.260557313112676,0.0766884464755336,0.1672042828209458,0.1433259160075526,0.2445624076702994,0.2480670464456058,0.1406810970657189,0.1634337256739382,0.4208004271065312,0.3134630350102027,0.4523065415249228,0.1332905246086047,0.0940364949879741,0.1443499055815185,0.1355630663722288,0.3300780250841414,0.0759050875188254,0.0,0.3127016138590857,0.2836933695855536,0.095021749791157,0.2319861206484244,0.1055321256643203,0.5527960883097869,0.1216170169804055,0.4771305302631803,0.1132193944396993
SG,0.2601171592647926,0.3469845201072503,0.3299940910218826,0.3649108544736311,0.4186569359467182,0.2473712341970904,0.1832364528111263,0.3029878317098237,0.4500767819953933,0.3604944968803555,0.2637605991352523,0.2328984532982644,0.1340008304582477,0.3770664129510784,0.3624811303585557,0.3417116645679232,0.3404318273043811,0.2062027109675325,0.3425454589473728,0.3478127881914714,0.2615459320178158,0.2344708340909947,0.2990546779804331,0.2196633156741715,0.3451840560127978,0.3691659041970632,0.4005502732059924,0.1600334955026859,0.2050046032220547,0.2457441240166667,0.3246973272653504,0.3518704888151427,0.2884239352281482,0.3549065251089683,0.2736680743536786,0.276079876923238,0.3127016138590857,0.0,0.2453807553313566,0.3062867710617029,0.4484152852587208,0.3151235455132355,0.3167319450498875,0.266396429711872,0.3272437134708555,0.3817683528890576
TH,0.2594816087214537,0.326517256081501,0.2787766873604732,0.3310878305738365,0.3766442584994662,0.246904175825114,0.2358507845740751,0.2724379435210659,0.4203226727462223,0.3020184323238946,0.368408653196518,0.2584600247805256,0.2278843675802274,0.3433333234771546,0.3113216980781803,0.2820307186458435,0.3323331821091029,0.2190427960519004,0.2966909751282697,0.3385498606981282,0.2505740353855503,0.2331845748500599,0.2255632768656609,0.215653238143404,0.2986183422922258,0.3338412341544147,0.3530558241931847,0.2827733890529285,0.250882887184824,0.3206803498686901,0.2989655759534516,0.326217330050961,0.2765267327863679,0.3211982524928246,0.2447849460866211,0.2657098678488137,0.2836933695855536,0.2453807553313566,0.0,0.2935466962287956,0.42314816695975,0.2807724969321145,0.4225225074054246,0.2424754157120143,0.3197172343723901,0.3427929287929105
TJ,0.0852401092268945,0.1772108047212789,0.1437949959878875,0.124351034937806,0.1533735595821989,0.119373240611223,0.291096173687159,0.0960377483422443,0.1759908889986294,0.1283946013053005,0.5108778295433115,0.1336817179536832,0.2977378816451667,0.1181842772893185,0.3699592014754048,0.4092270762421455,0.1089548406763312,0.1535903272285058,0.1739519458403845,0.2290320221437194,0.0946856084426126,0.143327818467648,0.159305390217861,0.2515754623852278,0.2374967810468225,0.1399858880588146,0.1451581171612571,0.4238587847401771,0.3012152725284988,0.4588423825350353,0.1103914227692482,0.0943503702641124,0.1432222846877222,0.1375944156905389,0.3516803191798279,0.0843042324991827,0.095021749791157,0.3062867710617029,0.2935466962287956,0.0,0.2179854367203678,0.1080165822070678,0.5614558817455353,0.0983024974922854,0.4860483208553355,0.1363703221249316
TM,0.2481569900010563,0.2828793056196158,0.2566830668604706,0.1832024991335816,0.1817709253647463,0.2800892839681547,0.44912293178752,0.2383122110452508,0.1691081105427801,0.2205175685510217,0.6440692369263412,0.2933296658840047,0.4383710227044153,0.1900801255744856,0.4667700278875348,0.5077628987407414,0.180304571371334,0.3038351478617812,0.2688028878615232,0.3298101327232447,0.2491283315456081,0.2791303661053131,0.2909225926318927,0.3758555553472082,0.3243220069318004,0.2221006408298318,0.2111908915139859,0.5621040542262433,0.4410707354338403,0.6114932216486028,0.2047442390666506,0.1967952183044159,0.2769547145564301,0.2334935591145336,0.4855929914545445,0.2481059478426006,0.2319861206484244,0.4484152852587207,0.42314816695975,0.2179854367203678,0.0,0.2152922509190298,0.6977809643108124,0.2414779812843649,0.6326443710776255,0.192995870908564
TR,0.0919516985425169,0.1891908078421777,0.1523528953654424,0.1200633622872624,0.1443952545972141,0.1257872648744579,0.3031790512324068,0.1436689620668116,0.1799543149446074,0.1459359235429738,0.513726531562143,0.1542258716532582,0.3043555075660474,0.1298886018510347,0.3718538651591392,0.3961473173381086,0.1193731213016228,0.1856152320902306,0.1712853515720964,0.2382548256666593,0.1055822258058967,0.1809565986443135,0.1527122097278252,0.2442538198190604,0.2112706451117855,0.1294085235135935,0.1548524342441032,0.4229491531257111,0.3027026045438818,0.4711432505523266,0.1091855010873635,0.0987098494091668,0.1434947933131119,0.1354025900330466,0.3491937314348513,0.088091653353557,0.1055321256643203,0.3151235455132356,0.2807724969321145,0.1080165822070678,0.2152922509190298,0.0,0.5758650734419067,0.1322403598328378,0.4976545567233261,0.1421078823137369
TW,0.5270401428959879,0.5742341499163071,0.590907232643718,0.6333876608748713,0.6879811863403212,0.5097733220132628,0.3576810011169112,0.5560923065394476,0.7145584772554605,0.6195830802248113,0.2755623377471988,0.4706053431015076,0.3378045931551546,0.6451424288384559,0.4765411408812638,0.466113854476883,0.5891097654318943,0.4565076811455124,0.6052690122877614,0.58111379384914,0.5168769969665481,0.4744974999775737,0.5495857872888156,0.4450610214638225,0.6002486656244679,0.63670988676212,0.6600082833080307,0.2484202717685684,0.4381099163314301,0.2221297774341407,0.5986853718216869,0.616181093510448,0.5460129126405713,0.6124071536371423,0.3908344723696495,0.5316898605942371,0.5527960883097869,0.3167319450498875,0.4225225074054246,0.5614558817455353,0.6977809643108125,0.5758650734419067,0.0,0.521248416280855,0.2731438696407598,0.6302503302879449
UZ,0.0990603922581988,0.2050480362820106,0.1514566956745141,0.1529005594188321,0.203962240422755,0.1092282219108644,0.2635984716549531,0.1120886877432391,0.2346355190282461,0.1451299202681108,0.4741185151849801,0.1485772829860263,0.2565714545498231,0.1712576003679718,0.3310421475342422,0.3563505365980788,0.1512405689854928,0.0931483729024004,0.1788002215384359,0.2375332337293949,0.0849493663727276,0.095264361224588,0.1451301077572822,0.1989727835124544,0.2416378206154569,0.17673981288852,0.1896833580907422,0.3796389308918416,0.2655609900840184,0.421573750232281,0.1382370305024261,0.1473530346079998,0.1571588960291015,0.1706960809922313,0.3132154246186337,0.1114756204206958,0.1216170169804055,0.266396429711872,0.2424754157120143,0.0983024974922854,0.2414779812843649,0.1322403598328378,0.521248416280855,0.0,0.4441647921878619,0.1743905826257988
VN,0.4606085051908906,0.4921570772364101,0.5071499965947015,0.5556526536975239,0.6071926158553991,0.4389042228920071,0.2967213472418373,0.4909005768391088,0.6416308806304549,0.5431471036805199,0.2825422048533345,0.4167507110275273,0.2908132364113589,0.5626693335134434,0.4131602722509929,0.3949285578609798,0.5293367220438345,0.3889567308237309,0.525913496197318,0.5400379340141659,0.4429470406691305,0.4078248447284801,0.4528151115481074,0.3771393293041415,0.5218764741292795,0.5647745995220892,0.5788400144933866,0.276582689676328,0.3968683608449068,0.1893243182431465,0.5280604132851806,0.5405791413250671,0.4809813268460011,0.5350561715985264,0.3124165803048581,0.4574424291054736,0.4771305302631804,0.3272437134708555,0.3197172343723901,0.4860483208553354,0.6326443710776255,0.4976545567233261,0.2731438696407598,0.4441647921878618,0.0,0.5552213078928829
YE,0.1542876272102398,0.1736995221046448,0.1838294150034025,0.1236403835410773,0.1188484163809133,0.1820596704849933,0.3744507859360467,0.1646811004852652,0.129737253394965,0.1435052479641458,0.5788040979476665,0.1974403916726657,0.3659197352868618,0.1135946918421082,0.3504703176364861,0.4271309695430852,0.1181149004526512,0.2427385723767468,0.1670014476085121,0.2843249229489017,0.1544665776900586,0.2183430616309075,0.1802845603333573,0.3096965617644063,0.2686929402529842,0.1314858530809794,0.132895156548927,0.492820631660179,0.3679911939696864,0.5353501203815088,0.1409795484330115,0.0914846449422905,0.180461446906005,0.1577697965210962,0.3919512950973094,0.1519451241622756,0.1132193944396993,0.3817683528890576,0.3427929287929105,0.1363703221249316,0.192995870908564,0.1421078823137369,0.6302503302879449,0.1743905826257988,0.5552213078928829,3.725290298461914e-09
