ISO_CODE,AG,AI,AR,AW,BB,BM,BO,BQ,BR,BS,BZ,CA,CL,CO,CR,CW,DM,DO,EC,GD,GF,GL,GP,GT,GY,HN,HT,JM,KN,KY,LC,MQ,MS,MX,NI,PA,PE,PM,PR,PY,SR,SV,SX,TC,TT,US,UY,VC,VE,VG,VI
AG,0.0,0.7462976828566511,0.6846417218990867,0.7361238233913788,0.5259854210454741,0.5789018768980245,0.622792331837524,0.961310676337888,0.6790184687434357,0.5038954223987235,0.524700246940685,0.568443759064185,0.6807697852814687,0.6273179227233979,0.8801599870424527,0.6373800231475765,0.5749273935637693,0.5691157006100478,0.6751168895553507,0.4976841689914417,0.5112666443932562,0.8487125287313148,0.5466864497943782,0.6200794145864781,0.6163180898871885,0.639302881805149,0.8085435262912777,0.4969062166135713,0.8474902488084395,0.5773124887585163,0.5130095148090894,0.5763471412592411,2.9199584082947654,0.5954112243946477,0.556061135841349,0.6379176146585372,0.6328481012351945,2.035539508688062,1.104242925326849,0.7181870786493021,0.937956902714996,0.6026331571666675,0.5492175876327976,0.6523017907672036,0.7593268900755076,0.5816947196133392,0.7462503298013964,0.4884558302328715,0.8317430048005973,0.8612874503683272,0.6961705622619558
AI,0.7462976828566511,5.1619136559035694e-08,0.8637986321820997,0.8809423674520905,0.7573794264775521,0.7122551061973078,0.8011054532468869,0.8971455304404412,0.8650291090758211,0.7582372474255201,0.7360364647386022,0.7549677311377601,0.8419464213872839,0.812599594419658,1.0059460398496831,0.8049014097620834,0.7140295199388669,0.7812443661819327,0.8376000466689378,0.6978305406868335,0.6958837619047054,0.910703927901537,0.7242067959973861,0.7906764310749763,0.8151271923442613,0.8200321845748122,0.9662007412241506,0.7605109995656434,0.943417788224481,0.7341202442029299,0.7264703296383902,0.7567493785039656,2.9130727660557416,0.790366564986004,0.7755917158704679,0.8454307294821491,0.8166071871329199,2.0689882633911383,1.193683414248764,0.8838200948578891,1.0635148413960225,0.8134493384248627,0.6675597366141798,0.7201414583281988,0.9068253776876384,0.759404237660655,0.9034592392502924,0.7226864678345749,0.9800234877128402,0.900946460290037,0.7460763658034667
AR,0.6846417218990867,0.8637986321820997,8.161702118890974e-08,0.7763055841329687,0.5750884014629762,0.6705970133476202,0.4932109946991142,1.0069237984439328,0.4413607050806153,0.5701807435702855,0.5447851791802173,0.5101155659078045,0.311999110973989,0.4075444174320009,0.6706524273751001,0.6633199293768506,0.7248864456809256,0.4853085866821779,0.4902438483139753,0.6434313080638155,0.5893302568526745,0.8340258085283071,0.5930805323663425,0.4668081673199327,0.626835713804507,0.5057217327444209,0.8508227438637416,0.5802292262437241,0.968305963217483,0.6137473210464095,0.610468936651132,0.6329041791569545,3.071729855519441,0.4178735323689374,0.495733342578476,0.565867286459875,0.4667507175956119,2.099101198181317,1.047419097097555,0.3821672237107898,0.9009035950182268,0.4981229578279971,0.7062606856892025,0.7697768712285994,0.7395857952504485,0.5511282750732364,0.4487378951314782,0.6191765068163154,0.8263249060491851,1.0129161397599833,0.8025200243793493
AW,0.7361238233913788,0.8809423674520905,0.7763055841329687,0.0,0.5954915476300042,0.7423807932979025,0.7577156455612508,0.8877574263765611,0.7260553037046774,0.630329804164455,0.6573123419530347,0.7497416613647043,0.6975733151102532,0.778072275271617,0.7424516573293842,0.5213453240094315,0.8356600362254069,0.707141535673663,0.7629582911200273,0.7284505687818914,0.7840691499009507,0.9274325190034308,0.7169128572001421,0.7150546690798202,0.6734150423183478,0.7338968712070878,1.0582677013293518,0.7186862627799248,0.797887620352474,0.6665311159560282,0.6331635953802301,0.7136055008802531,2.951403911332985,0.7403699448025379,0.7414899134480186,0.8182888006023331,0.8076402214554713,2.033593218263064,0.8932039572271917,0.6910976574542111,0.8167958387871217,0.730817039419553,0.6737685879644293,0.8356642660860817,0.6775375782493513,0.7379225228675568,0.7177340553905098,0.727227352216086,1.1020553017942736,0.9892819996142876,0.7922961167402427
BB,0.5259854210454741,0.7573794264775521,0.5750884014629762,0.5954915476300042,0.0,0.5859887387280851,0.4695954275700987,0.9230333407016618,0.5619652702783268,0.4312557325022608,0.3840807680393788,0.4821768504137099,0.5406902260262266,0.4656818697879475,0.7038915137949261,0.4900393892278316,0.573206859934968,0.4196432991205872,0.4784138106719989,0.46067000018433,0.4891381132917397,0.8424852161800073,0.473044135972653,0.5093981912339648,0.4576265223987316,0.4464153298987739,0.7631950699505775,0.3761442354232848,0.8528747188276695,0.4961899548263664,0.3966124509714895,0.5112471300526469,2.9897920756554472,0.4900237831974837,0.4304213466755976,0.4753380624591711,0.4928617109285798,2.067821495601078,1.006320275013639,0.5444364557596458,0.8598924014919872,0.4635286842950596,0.5473069498181576,0.6417599310716157,0.6160516223255824,0.5205815815853131,0.5917938427570214,0.4009885023390366,0.7706257658897432,0.918041463396736,0.7170523414563282
BM,0.5789018768980245,0.7122551061973078,0.6705970133476202,0.7423807932979025,0.5859887387280851,0.0,0.607344985687086,0.9242120379809582,0.7023586680459852,0.5944462134295138,0.5716696168384225,0.5253478546293073,0.6561137320799495,0.6153754705101361,0.8902148221565516,0.6828991672093314,0.6077300325549289,0.5687375044054795,0.6439297411072563,0.5338356171972772,0.5617509664568036,0.7831924536541908,0.608347577662859,0.6189142110325441,0.69478683651317,0.6283595868427948,0.8181454263072877,0.5741675429146291,0.8530920328079395,0.5436022264214802,0.5656664488029057,0.6383720544758461,2.9751717328305887,0.5755670665482542,0.57796887625781,0.6276714727466769,0.6111403414845479,2.054336601419413,1.1110373926357362,0.7011778774076877,0.978969756602604,0.6218839502800273,0.5805173883028376,0.6617972828460678,0.7974397213315111,0.5393025023491632,0.7377792386169801,0.5510493466850155,0.8166423718894765,0.8885092410872686,0.6545191760029265
BO,0.622792331837524,0.8011054532468869,0.4932109946991142,0.7577156455612508,0.4695954275700987,0.607344985687086,3.9424766765007245e-08,1.005968221018075,0.5421210111139383,0.5932399079002344,0.5051366097139622,0.3737563996599952,0.4682521872597283,0.2945802730493215,0.8157606222844758,0.6627542347684242,0.551092353925041,0.3001897456551547,0.3107695519815961,0.463627381996635,0.4157058516631299,0.8458292197676084,0.4877187331868532,0.4271699687456688,0.5774012357492688,0.3034327159630743,0.5650533187981729,0.3729589656346407,0.9808026668494308,0.5623029803035725,0.4746987641002274,0.5539639856358206,3.091282219292614,0.3655056843691933,0.2865725830129231,0.2911735070309468,0.2835783855276279,2.1144371550445658,1.1602462209892752,0.4805674728170058,0.9768498417309844,0.394870004720586,0.6276530810784678,0.6523128238342881,0.8270125596654321,0.4897412010570736,0.5634114996926287,0.4274575873727236,0.508833958756261,1.0304809341864158,0.8141308612544046
BQ,0.961310676337888,0.8971455304404412,1.0069237984439328,0.8877574263765611,0.9230333407016618,0.9242120379809582,1.005968221018075,7.300048299977713e-08,0.9884074641440582,0.9243041434752725,0.9452142462896396,0.9801617018061524,0.962852273741861,1.0161737278407408,1.0587400798025492,0.8729002194552405,0.9746115117579776,0.9768105165214384,1.0110665303344055,0.91846802540109,0.9808928392789712,1.0753776660076173,0.9356594476624486,0.9866438778100614,0.9473769284110426,1.0168231105302317,1.235697883948076,1.0038029292805617,1.0044358826422366,0.9042591646159676,0.9005902622922467,0.9560817242239626,2.9497718415314518,1.0024932033182945,1.0012327442544768,1.0610565769885418,1.0212616381179915,2.047013087272957,1.2055350930965285,0.9911701585876458,1.0792131462851935,1.0137404123498948,0.8645556015101793,0.9471882427108328,0.9748416150942718,0.968507198879281,1.0003294516817989,0.9465933570978696,1.2429568503108448,1.0236455055798157,0.9105406212105772
BR,0.6790184687434357,0.8650291090758211,0.4413607050806153,0.7260553037046774,0.5619652702783268,0.7023586680459852,0.5421210111139383,0.9884074641440582,4.712160915387242e-08,0.5815158789364662,0.5996324520169516,0.527683868053024,0.4018845893894543,0.4764107487657426,0.6855917154831155,0.6238003159339355,0.7303999591972672,0.5144414413549749,0.5163182763777686,0.6268445336171726,0.5654817484316068,0.8598354314394595,0.5631777719149987,0.5013034851376367,0.6034299313288073,0.5221442735524074,0.8431447306859391,0.5702517227514098,0.9245014470897271,0.6408843841704488,0.5898989463154071,0.5887547921853876,3.0480837686557773,0.4772937074451807,0.5355746049420604,0.5861198521564857,0.5301909621633678,2.0937696589159227,0.9888727391530648,0.4777646324749813,0.8527352187484618,0.4943630619766327,0.6718330887789057,0.7783373471232292,0.7085389728176087,0.5423729621940159,0.534900725596532,0.6030187705872923,0.8665972756799584,1.0047390889143883,0.8026820222999682
BS,0.5038954223987235,0.7582372474255201,0.5701807435702855,0.630329804164455,0.4312557325022608,0.5944462134295138,0.5932399079002344,0.9243041434752725,0.5815158789364662,0.0,0.4032293052316366,0.5318504252785282,0.5741471583764566,0.5684495729017227,0.7101928716855623,0.4951361184156211,0.59331789725275,0.5047818111027538,0.5980511327915863,0.5308243978952083,0.5414630311267054,0.8016158805197516,0.5062439891096795,0.5470478446672763,0.4944610889263123,0.583696420829371,0.848199973761673,0.4824090162773617,0.7987187414678052,0.502638073853904,0.4661311965776047,0.5254719197437347,2.9300926352607783,0.5424811031924346,0.5241362483268859,0.6345967848329439,0.6052234718662699,2.031962563435618,0.9764054346191744,0.6087701848406337,0.8199145951745413,0.5451623895734625,0.563237041556081,0.6510289226755205,0.5774030168382922,0.5418949459611252,0.6380022411642475,0.5141942318869586,0.896417367439881,0.8402720574040182,0.6842636652085169
BZ,0.524700246940685,0.7360364647386022,0.5447851791802173,0.6573123419530347,0.3840807680393788,0.5716696168384225,0.5051366097139622,0.9452142462896396,0.5996324520169516,0.4032293052316366,0.0,0.4835821676876167,0.5591363651778566,0.4804974558037083,0.7166498310167899,0.5305696369495534,0.5841882766664809,0.4430258993851039,0.5136643223238239,0.4855229611719104,0.483685462890577,0.8091541468098106,0.482300194494179,0.4985859707577567,0.4571138323323748,0.4987568885702116,0.7869364757077305,0.4364869010425458,0.8515945796624198,0.5230052704732114,0.4160285285113951,0.5262722909940029,2.95857907658834,0.4699075142046424,0.4307856796034284,0.5416789815527421,0.518876746190122,2.0497707153037394,1.027806932927768,0.5536800292114361,0.8767111508017793,0.4901154652492634,0.55736560055034,0.6406464503304371,0.637457232276195,0.5147961706292082,0.5981171004401967,0.4658824337438014,0.7969314529877563,0.912069738090449,0.7011072752015948
CA,0.568443759064185,0.7549677311377601,0.5101155659078045,0.7497416613647043,0.4821768504137099,0.5253478546293073,0.3737563996599952,0.9801617018061524,0.527683868053024,0.5318504252785282,0.4835821676876167,8.815645848363067e-08,0.494869085210654,0.3610270307052277,0.8236904420354503,0.6381110738029836,0.5142038813643413,0.3557115281384936,0.4317435130283512,0.4198097108294954,0.4023312570558895,0.7532189097342132,0.4988732854836639,0.4731796987449954,0.6030540886822534,0.4027053687995806,0.6036375146978743,0.3784569173213223,0.9366078775059304,0.5158902142684226,0.4351870599347008,0.5431596572961884,3.060289697592132,0.3459218353523866,0.3741026850839669,0.3514904929381302,0.3673213950078277,2.075240810861695,1.1101363516526168,0.5748614190398936,0.9823215657774916,0.4284285786104009,0.5923461728053849,0.6288801547410324,0.7923596602352224,0.2708522652700936,0.5870865836804608,0.3985883608734216,0.5727751069875637,0.950943602935184,0.729011300099287
CL,0.6807697852814687,0.8419464213872839,0.311999110973989,0.6975733151102532,0.5406902260262266,0.6561137320799495,0.4682521872597283,0.962852273741861,0.4018845893894543,0.5741471583764566,0.5591363651778566,0.494869085210654,0.0,0.405563663414355,0.6601489412284958,0.5791439817411997,0.7251990149029477,0.4715273358007778,0.4375393472929516,0.6116758629048933,0.5736628325236702,0.8215319547918137,0.5617169836135137,0.4570447608232857,0.5981557528370207,0.4931391798717253,0.8525947579854294,0.5653255431023382,0.91186889675099,0.602754314480614,0.5783331365332839,0.611381012193879,3.0681852793191946,0.4420954795443459,0.5120145756885409,0.5468678158815008,0.4409631423019637,2.091082621372432,0.993602147644304,0.3432810779396735,0.8551454087010016,0.4797762102713865,0.6694703462163536,0.7735818871264457,0.6941217159832873,0.5375855463524469,0.4265846874191621,0.5967186203553702,0.8436172900003372,0.9995745635857588,0.7866063621978102
CO,0.627317922723398,0.8125995944196581,0.4075444174320011,0.778072275271617,0.4656818697879476,0.6153754705101361,0.2945802730493215,1.0161737278407408,0.4764107487657427,0.5684495729017228,0.4804974558037084,0.3610270307052277,0.4055636634143552,8.024520884654678e-08,0.7777010204670685,0.6484357161803036,0.5881144536349661,0.3098744208817263,0.3059161351794162,0.4850353629426981,0.417161021290459,0.8273524861780762,0.4849076151121366,0.4121680306898751,0.5933461461037101,0.3346559859186429,0.6362854930930407,0.4009672307585463,0.9993640914299712,0.5835125912210457,0.4837596186378356,0.5564393098437573,3.0896375271766647,0.3424207159705735,0.3266044918396109,0.3299922847724576,0.2667339054093575,2.136545022137345,1.1528265686412298,0.4570860986711656,0.9867649640235095,0.3835277205274323,0.6501818024623637,0.6922714951552984,0.8080719909612214,0.4713516972245308,0.5289021382953633,0.4480510910430371,0.5655796288105995,1.039853768532367,0.8018380231971538
CR,0.8801599870424527,1.0059460398496831,0.6706524273750999,0.7424516573293842,0.7038915137949261,0.8902148221565516,0.8157606222844758,1.0587400798025492,0.6855917154831153,0.7101928716855623,0.71664983101679,0.8236904420354503,0.6601489412284958,0.7777010204670683,6.664001874625056e-08,0.6760483195728153,0.9797631969910408,0.7683056497240511,0.7590275665250811,0.9127560059434348,0.8921383196894986,1.024778356638992,0.7779008520804062,0.6703193260540922,0.7449160668175606,0.7481704687688273,1.1735871730050278,0.8158332027189625,0.9706407903155436,0.7754948846812573,0.797847531531171,0.7765898904782642,3.040040955095164,0.6981438975076175,0.7450841859517551,0.8789753315811627,0.8400286910564434,2.1500587626730083,0.78021744885386,0.624821762532336,0.8265297205972012,0.638940120072447,0.837362273451389,0.9643139019270832,0.6724585836294614,0.7781255663071678,0.6831243996536701,0.8786967565751924,1.2109614842855188,1.0744442010492572,0.8994580176176513
CW,0.6373800231475765,0.8049014097620834,0.6633199293768506,0.5213453240094315,0.4900393892278316,0.6828991672093314,0.6627542347684242,0.8729002194552405,0.6238003159339355,0.4951361184156211,0.5305696369495534,0.6381110738029836,0.5791439817411997,0.6484357161803035,0.6760483195728151,7.598131170262075e-08,0.7464614477514944,0.6066845765939909,0.6447519933414371,0.6218343379705591,0.6541663383774692,0.8667364002960789,0.5796423154986757,0.6205123898868301,0.5685677415810051,0.6560892038834522,0.969360608430674,0.6189691417343491,0.7717587624607911,0.5839329457622338,0.5227628217936745,0.5893051454354797,2.94012949703308,0.6514438863815462,0.640048863497448,0.7296744978149031,0.6982463045127542,2.035479393268503,0.9303019004748766,0.6142628070342054,0.78120929803947,0.6194208052086368,0.5979458970600623,0.7597671023662245,0.5664129374289092,0.6504694825795284,0.6412502677844862,0.6249359041272088,1.015501260515719,0.9108812983806346,0.7292536322710906
DM,0.5749273935637693,0.7140295199388669,0.7248864456809256,0.8356600362254069,0.573206859934968,0.6077300325549289,0.551092353925041,0.9746115117579776,0.7303999591972672,0.59331789725275,0.5841882766664809,0.5142038813643413,0.7251990149029477,0.5881144536349661,0.9797631969910408,0.7464614477514944,4.712160915387242e-08,0.5387492466509802,0.6235599229984605,0.4687719682001696,0.4808297244563819,0.8583888971805046,0.5831059757678391,0.6426347551693167,0.6778766093058654,0.5913107207926755,0.6571114122616851,0.4875691475037569,0.952241296500537,0.5991066887094771,0.5412472904437184,0.6313038718839714,2.9694648169344924,0.5873794282072368,0.531529078638372,0.557574571080467,0.5745112825269998,2.086373847103482,1.2234985758287535,0.760210514303955,1.060624486389622,0.6325406034798526,0.6036509084405485,0.5848625212169805,0.8828577664720609,0.5684807376878269,0.8038602496884006,0.479847487067672,0.6601945994684983,0.9154434349639152,0.7605859821776201
DO,0.5691157006100478,0.7812443661819327,0.4853085866821779,0.707141535673663,0.4196432991205872,0.5687375044054795,0.3001897456551547,0.9768105165214384,0.5144414413549749,0.5047818111027538,0.4430258993851039,0.3557115281384936,0.4715273358007778,0.3098744208817263,0.7683056497240511,0.6066845765939909,0.5387492466509802,0.0,0.3363374374472226,0.454225332667761,0.406647645733086,0.8090942887558499,0.471946797580424,0.4162142570132976,0.5485447802107146,0.3138954398660919,0.5958418987428913,0.338202705959919,0.9075740344411382,0.5158166676750389,0.4557304799499717,0.5350995150702361,3.062894480327861,0.3552026865337535,0.3131813900464034,0.3189733199591195,0.3304700405153542,2.0940026807472343,1.0705035494729676,0.4881300133042174,0.9194705368527184,0.3976933792994738,0.5791174284732682,0.635922277151422,0.7396297686884574,0.4595315295761936,0.5644731892451168,0.4151207967909701,0.5977768559504532,0.9863546619439604,0.7692147442988098
EC,0.6751168895553507,0.8376000466689378,0.4902438483139753,0.7629582911200273,0.4784138106719989,0.6439297411072563,0.3107695519815961,1.0110665303344055,0.5163182763777686,0.5980511327915863,0.5136643223238239,0.4317435130283512,0.4375393472929516,0.3059161351794162,0.7590275665250811,0.6447519933414371,0.6235599229984605,0.3363374374472226,0.0,0.5323496652918814,0.4740101897826873,0.8517409717983755,0.4951590717704133,0.4430798535403276,0.5858362293532314,0.3470149452915221,0.6714564874265491,0.4541091514715586,0.9891418465086356,0.5680060740742235,0.5160358344124664,0.5697251789283907,3.0825482388443413,0.4014930703710379,0.3905345185393195,0.3680393471230901,0.3330099423225012,2.147900515222112,1.1014802358179414,0.4408173139428132,0.9496435102562034,0.4031369347868175,0.6687756231029365,0.7139205889592297,0.7597103707047842,0.5243132211332945,0.5481646908149718,0.5098798928326703,0.6440824791486919,1.048100966455338,0.8213348534811775
GD,0.4976841689914417,0.6978305406868335,0.6434313080638155,0.7284505687818914,0.46067000018433,0.5338356171972772,0.463627381996635,0.91846802540109,0.6268445336171726,0.5308243978952083,0.4855229611719104,0.4198097108294954,0.6116758629048933,0.4850353629426981,0.9127560059434348,0.6218343379705591,0.4687719682001696,0.454225332667761,0.5323496652918814,0.0,0.3962064064443357,0.8190065897241409,0.4979370553702115,0.5552792955785114,0.5709909780440715,0.4817232029839456,0.6432550139183507,0.3909350588636542,0.888125551256338,0.5486454510803868,0.3933329514388734,0.5527090634350241,2.972959689551249,0.5088808348212717,0.4488302918791818,0.4644169597472111,0.4791984951315516,2.0441280791602616,1.1650265001781963,0.6656407339073382,0.9811076325241675,0.5241076456802551,0.5328854591424265,0.5571402371092602,0.8022075735564017,0.4812385617546172,0.6887451658664707,0.352341126735599,0.6219682980386793,0.9114650122101696,0.6832162370907152
GF,0.5112666443932563,0.6958837619047055,0.5893302568526746,0.7840691499009508,0.4891381132917398,0.5617509664568037,0.4157058516631299,0.9808928392789712,0.5654817484316068,0.5414630311267055,0.4836854628905772,0.4023312570558895,0.5736628325236703,0.417161021290459,0.8921383196894986,0.6541663383774693,0.4808297244563819,0.406647645733086,0.4740101897826873,0.3962064064443357,0.0,0.8018416278582962,0.3481811659455602,0.4988534683744715,0.576198458639057,0.4574195290700448,0.5966126758487587,0.3679823739906122,0.9256925258585084,0.5569451008784295,0.4278852571690821,0.4218697478845616,2.981269559524231,0.4603625730473817,0.4003318290039765,0.4383336850412975,0.4247226815711482,2.03853158868996,1.1553911260641063,0.6247791365890794,0.9857345185521276,0.4882274832358174,0.5457381593872048,0.5940068326200167,0.8211151272000056,0.4833288384131781,0.6727038604203185,0.3948133552896502,0.593280432647079,0.9309344368504708,0.719313237233944
GL,0.8487125287313148,0.910703927901537,0.8340258085283071,0.9274325190034308,0.8424852161800073,0.7831924536541908,0.8458292197676084,1.0753776660076173,0.8598354314394595,0.8016158805197516,0.8091541468098106,0.7532189097342132,0.8215319547918137,0.8273524861780761,1.024778356638992,0.8667364002960789,0.8583888971805046,0.8090942887558499,0.8517409717983755,0.8190065897241409,0.801841627858296,0.0,0.8341108572828235,0.8285514801213925,0.9001136406448607,0.8620402434172246,1.0365247828555706,0.8523622651424264,1.0623023909078702,0.8015466829368576,0.8094063393366271,0.8582447319311047,3.028160638647333,0.8104629825276647,0.8303022054708167,0.8733898196320926,0.8415806132329371,2.114349024555367,1.2114598969126802,0.8880035733425277,1.1099691952834696,0.850214357588558,0.8115776649894063,0.8891946063273686,0.9514345970340872,0.7608559229132354,0.8991934649222973,0.8258561417079902,1.0250240258337058,1.0518092689408485,0.891095490962692
GP,0.5466864497943782,0.7242067959973861,0.5930805323663425,0.7169128572001421,0.473044135972653,0.608347577662859,0.4877187331868532,0.9356594476624486,0.5631777719149987,0.5062439891096795,0.482300194494179,0.4988732854836639,0.5617169836135137,0.4849076151121365,0.7779008520804062,0.5796423154986757,0.5831059757678391,0.471946797580424,0.4951590717704133,0.4979370553702115,0.3481811659455601,0.8341108572828235,0.0,0.5009900202823067,0.5297753151902166,0.5131053865384738,0.7450387157012358,0.4312495963454779,0.8786887383771168,0.549916229314884,0.439730409240876,0.3349371365031762,2.9552721864133384,0.5191386251555009,0.4831881648723407,0.5410838595680969,0.525716756201268,2.015756327786871,1.0472864126758288,0.5835483293632099,0.8941927610880125,0.4874738511271311,0.5615516766290692,0.6577574722149707,0.7132085690501202,0.547143335543665,0.6513655241851548,0.4934175113364692,0.7742357059856578,0.91401224398596,0.6992579061968818
GT,0.6200794145864781,0.7906764310749763,0.4668081673199327,0.7150546690798202,0.5093981912339648,0.6189142110325441,0.4271699687456688,0.9866438778100614,0.5013034851376367,0.5470478446672763,0.4985859707577567,0.4731796987449954,0.4570447608232857,0.412168030689875,0.6703193260540922,0.6205123898868301,0.6426347551693167,0.4162142570132976,0.4430798535403276,0.5552792955785114,0.4988534683744713,0.8285514801213925,0.5009900202823067,5.1619136559035694e-08,0.5774603743548942,0.3754019742763688,0.7585666994494841,0.4622764667092225,0.8722507121072228,0.5941487338236761,0.5442724445562002,0.5572976693369446,3.0327014122796747,0.3975920315723953,0.3709010207518067,0.508023889273077,0.4448126640735123,2.082536877635396,1.028922740498528,0.4792360019747295,0.8497330887936222,0.3518515708200285,0.6218490225299522,0.7128399381815844,0.7222906728717883,0.4940033775963526,0.56943162388256,0.5391070650086149,0.761377817781274,0.9794580466511128,0.7718122539785947
GY,0.6163180898871885,0.8151271923442613,0.626835713804507,0.6734150423183478,0.4576265223987316,0.69478683651317,0.5774012357492688,0.9473769284110426,0.6034299313288073,0.4944610889263123,0.4571138323323748,0.6030540886822534,0.5981557528370207,0.59334614610371,0.7449160668175606,0.5685677415810051,0.6778766093058654,0.5485447802107146,0.5858362293532314,0.5709909780440715,0.5761984586390569,0.9001136406448607,0.5297753151902166,0.5774603743548942,6.664001874625056e-08,0.5540853065028621,0.8546708834120674,0.5031532255875624,0.8884868560402881,0.5765411373498647,0.5054143147809824,0.5735285544288714,2.9656866208360517,0.5866850167877797,0.5451625549451143,0.6261971410412317,0.6064155795631854,2.0360478013521432,1.0239737728321423,0.5926138982861792,0.8075439674189723,0.5555011202117466,0.6177027549042489,0.7198009733563848,0.590361727570562,0.6242964727556203,0.6391156745259201,0.5615048380402251,0.8947235683300004,0.9501200339961082,0.7752287993938258
HN,0.639302881805149,0.8200321845748122,0.5057217327444209,0.7338968712070878,0.4464153298987739,0.6283595868427948,0.3034327159630743,1.0168231105302317,0.5221442735524074,0.583696420829371,0.4987568885702116,0.4027053687995806,0.4931391798717253,0.3346559859186429,0.7481704687688273,0.6560892038834522,0.5913107207926755,0.3138954398660919,0.3470149452915221,0.4817232029839456,0.4574195290700448,0.8620402434172246,0.5131053865384738,0.3754019742763688,0.5540853065028621,8.688795409866125e-08,0.6265752697156693,0.3741370474835312,0.9608359948406604,0.5860354092702568,0.4791810020293096,0.5920415891610064,3.080229456833717,0.3602786930603407,0.2859191685339705,0.3382875276393987,0.3356031148783798,2.118248587086406,1.0965454247361726,0.4890660925444777,0.9166894529285176,0.3075522945718463,0.6367347302315184,0.6902490561048324,0.7880315706196293,0.4596573075983483,0.5653102423109726,0.453666998443002,0.5946377802999256,1.0332320948538396,0.8032730101045777
HT,0.8085435262912777,0.9662007412241506,0.8508227438637416,1.0582677013293518,0.7631950699505775,0.8181454263072877,0.5650533187981729,1.235697883948076,0.8431447306859391,0.848199973761673,0.7869364757077305,0.6036375146978743,0.8525947579854294,0.6362854930930407,1.1735871730050278,0.969360608430674,0.6571114122616851,0.5958418987428913,0.6714564874265491,0.6432550139183507,0.5966126758487587,1.0365247828555706,0.7450387157012358,0.7585666994494841,0.8546708834120674,0.6265752697156693,0.0,0.5751305285882184,1.1964284449907714,0.821333699097053,0.7294322647047269,0.8008493818405346,3.173845521460164,0.6733959013032554,0.5940458811381216,0.522069431587477,0.5905493837574626,2.2102396218164566,1.449063395244612,0.899412149077773,1.24305033320447,0.7202461652900904,0.8355890017391655,0.7700908910492872,1.1384186443316815,0.7157595777705481,0.9328470391414418,0.6214980352389529,0.4569254833744116,1.2039149283898771,1.0274044766744517
JM,0.4969062166135713,0.7605109995656434,0.5802292262437241,0.7186862627799248,0.3761442354232848,0.5741675429146291,0.3729589656346407,1.0038029292805617,0.5702517227514098,0.4824090162773617,0.4364869010425458,0.3784569173213223,0.5653255431023382,0.4009672307585463,0.8158332027189625,0.6189691417343491,0.4875691475037569,0.338202705959919,0.4541091514715586,0.3909350588636542,0.3679823739906122,0.8523622651424264,0.4312495963454779,0.4622764667092225,0.5031532255875624,0.3741370474835312,0.5751305285882184,2.5809568279517847e-08,0.9086994173550976,0.5352085134072888,0.4158001072221946,0.4982933234014738,3.023250907823869,0.4074777795567246,0.3340049587922203,0.3601149429473456,0.398134001413217,2.075658988791547,1.115656663128974,0.5982371302905093,0.9435717905356612,0.4093388525187477,0.5539514084145724,0.5991359464797794,0.7461657257094881,0.4458511295388013,0.6326766000858872,0.3412628024536476,0.5981225667214567,0.9462156754732052,0.7536499806739083
KN,0.8474902488084395,0.943417788224481,0.968305963217483,0.797887620352474,0.8528747188276695,0.8530920328079395,0.9808026668494308,1.0044358826422366,0.9245014470897271,0.7987187414678052,0.8515945796624198,0.9366078775059304,0.91186889675099,0.9993640914299712,0.9706407903155436,0.7717587624607911,0.952241296500537,0.9075740344411382,0.9891418465086356,0.888125551256338,0.9256925258585084,1.0623023909078702,0.8786887383771168,0.8722507121072228,0.8884868560402881,0.9608359948406604,1.1964284449907714,0.9086994173550976,0.0,0.8642155172568293,0.8329860550163205,0.8676040438720056,2.924017029890792,0.9518387682733288,0.9404203354048007,1.0299751898883087,1.004322909097707,2.028199548457611,1.0713028145847496,0.9372216181205212,0.9722473885343228,0.9268687339383136,0.8134994180335728,0.942139512131706,0.8312768852769172,0.9115592472196976,0.9467230568176788,0.9019389438426004,1.25916465990411,1.0050247372219114,0.8694910701852059
KY,0.5773124887585163,0.7341202442029299,0.6137473210464095,0.6665311159560282,0.4961899548263664,0.5436022264214802,0.5623029803035725,0.9042591646159676,0.6408843841704488,0.502638073853904,0.5230052704732114,0.5158902142684226,0.602754314480614,0.5835125912210456,0.7754948846812573,0.5839329457622338,0.5991066887094771,0.5158166676750389,0.5680060740742235,0.5486454510803868,0.5569451008784294,0.8015466829368576,0.549916229314884,0.5941487338236761,0.5765411373498647,0.5860354092702568,0.821333699097053,0.5352085134072888,0.8642155172568293,6.322027276634104e-08,0.5270018081690275,0.5722098652276952,2.9900994390755966,0.5484200556902935,0.5474991605142365,0.5876147552446112,0.5847052857284053,2.064263634781072,1.0164395915782531,0.6145388491197475,0.9000488653145768,0.5582867001316634,0.5817617467155028,0.6379294354378773,0.6780356192238387,0.5411147848773963,0.6605042287765645,0.5367390979962957,0.8461152208102053,0.8776148231516854,0.6808747432919308
LC,0.5130095148090894,0.7264703296383902,0.610468936651132,0.6331635953802301,0.3966124509714895,0.5656664488029057,0.4746987641002274,0.9005902622922467,0.5898989463154071,0.4661311965776047,0.4160285285113951,0.4351870599347008,0.5783331365332839,0.4837596186378356,0.797847531531171,0.5227628217936745,0.5412472904437184,0.4557304799499717,0.5160358344124664,0.3933329514388734,0.4278852571690819,0.8094063393366271,0.439730409240876,0.5442724445562002,0.5054143147809824,0.4791810020293096,0.7294322647047269,0.4158001072221946,0.8329860550163205,0.5270018081690275,7.598131170262075e-08,0.4659389578477351,2.938902761498671,0.5054895254089259,0.4624582807402357,0.4890354884856939,0.5089524825978163,2.012233601978848,1.07961978300072,0.6072521705931502,0.9178271481956696,0.5169836838163675,0.5464222666225869,0.61194683281778,0.705729809675489,0.4917869138521658,0.6369462602747125,0.3963796607960095,0.7137227967821301,0.9034975975525704,0.6940129200491166
MQ,0.5763471412592411,0.7567493785039656,0.6329041791569545,0.7136055008802531,0.5112471300526469,0.6383720544758461,0.5539639856358206,0.9560817242239626,0.5887547921853876,0.5254719197437347,0.5262722909940029,0.5431596572961884,0.611381012193879,0.5564393098437572,0.7765898904782642,0.5893051454354797,0.6313038718839714,0.5350995150702361,0.5697251789283907,0.5527090634350241,0.4218697478845615,0.8582447319311047,0.3349371365031762,0.5572976693369446,0.5735285544288714,0.5920415891610064,0.8008493818405346,0.4982933234014738,0.8676040438720056,0.5722098652276952,0.4659389578477351,0.0,2.946397501666769,0.5606427004662883,0.5334363287806739,0.5989548120012897,0.5885382323007889,2.018732077090785,1.0281848910733105,0.628365368577778,0.9087900318155752,0.5457259811149664,0.599186973709503,0.6965513856417974,0.7149017436291807,0.5795805288106023,0.6819330173235165,0.552139185560846,0.8389503616248848,0.9306078449332542,0.7341326870001726
MS,2.9199584082947654,2.9130727660557416,3.071729855519441,2.951403911332985,2.9897920756554472,2.9751717328305887,3.091282219292613,2.9497718415314518,3.0480837686557773,2.9300926352607783,2.95857907658834,3.060289697592132,3.0681852793191946,3.0896375271766647,3.040040955095164,2.94012949703308,2.9694648169344924,3.062894480327861,3.0825482388443417,2.972959689551249,2.9812695595242307,3.028160638647333,2.9552721864133384,3.0327014122796747,2.9656866208360517,3.0802294568337176,3.173845521460164,3.023250907823869,2.924017029890792,2.9900994390755966,2.938902761498671,2.946397501666769,1.3328003749250113e-07,3.083281425715209,3.048263367306794,3.129347305483273,3.114475035519165,3.408021047180427,3.0201096367461675,3.0546901429510216,2.985034617351121,3.0499745465197927,2.902797023399238,2.981277405577992,2.920759392154884,3.0337733759947243,3.077984759193841,3.0095970006922808,3.2116911797366514,2.8744293387865127,2.889003103146658
MX,0.5954112243946477,0.790366564986004,0.4178735323689374,0.7403699448025379,0.4900237831974837,0.5755670665482542,0.3655056843691933,1.0024932033182945,0.4772937074451807,0.5424811031924346,0.4699075142046424,0.3459218353523866,0.4420954795443459,0.3424207159705737,0.6981438975076173,0.6514438863815462,0.5873794282072368,0.3552026865337535,0.4014930703710379,0.5088808348212717,0.4603625730473817,0.8104629825276647,0.5191386251555009,0.3975920315723953,0.5866850167877797,0.3602786930603407,0.6733959013032554,0.4074777795567246,0.9518387682733288,0.5484200556902935,0.5054895254089259,0.5606427004662883,3.083281425715209,0.0,0.3157468074267292,0.3961397283493917,0.3485202937224554,2.1163483409816326,1.0279550533760944,0.4788853357473093,0.9270279943698018,0.3365205912550527,0.6095393415617808,0.6673331325318609,0.7655612388661632,0.3691402411529619,0.5346248581740847,0.4779711906120824,0.6502269817757603,0.9811231517980704,0.7565170745081671
NI,0.5560611358413491,0.7755917158704679,0.4957333425784761,0.7414899134480186,0.4304213466755978,0.5779688762578099,0.2865725830129231,1.0012327442544768,0.5355746049420604,0.524136248326886,0.4307856796034286,0.3741026850839669,0.512014575688541,0.3266044918396109,0.7450841859517551,0.640048863497448,0.531529078638372,0.3131813900464034,0.3905345185393195,0.4488302918791818,0.4003318290039765,0.8303022054708168,0.4831881648723408,0.3709010207518069,0.5451625549451145,0.2859191685339705,0.5940458811381216,0.3340049587922203,0.940420335404801,0.5474991605142366,0.4624582807402357,0.533436328780674,3.048263367306794,0.3157468074267294,0.0,0.3408170163916974,0.3350135182196198,2.1068955653417563,1.101188725965622,0.515582590479296,0.9308843929322284,0.2949657977826819,0.5858169702720522,0.6229389616393101,0.795158385780742,0.4215077526644362,0.582423751080034,0.4082186569732527,0.5623250979240764,0.9917547114352204,0.7762179413231662
PA,0.6379176146585372,0.8454307294821491,0.565867286459875,0.8182888006023331,0.4753380624591711,0.6276714727466769,0.2911735070309468,1.0610565769885418,0.5861198521564857,0.6345967848329439,0.5416789815527421,0.3514904929381302,0.5468678158815008,0.3299922847724576,0.8789753315811627,0.7296744978149031,0.557574571080467,0.3189733199591195,0.3680393471230901,0.4644169597472111,0.4383336850412975,0.8733898196320926,0.5410838595680969,0.508023889273077,0.6261971410412317,0.3382875276393987,0.522069431587477,0.3601149429473456,1.0299751898883087,0.5876147552446112,0.4890354884856939,0.5989548120012897,3.129347305483273,0.3961397283493917,0.3408170163916974,2.1073424255447017e-08,0.2858665424424936,2.1404492389711542,1.2054961976979688,0.580284138123717,1.0548560436231833,0.4265369638342652,0.6710476916343576,0.6594289008249143,0.883124970520025,0.4759509467699044,0.6294017775839218,0.4029279020882286,0.4381614276872397,1.0744367961882202,0.8532029091079876
PE,0.6328481012351945,0.8166071871329199,0.4667507175956119,0.8076402214554713,0.4928617109285798,0.6111403414845479,0.2835783855276279,1.0212616381179915,0.5301909621633678,0.6052234718662699,0.518876746190122,0.3673213950078277,0.4409631423019637,0.2667339054093575,0.8400286910564434,0.6982463045127542,0.5745112825269998,0.3304700405153542,0.3330099423225012,0.4791984951315516,0.4247226815711482,0.8415806132329371,0.525716756201268,0.4448126640735123,0.6064155795631854,0.3356031148783798,0.5905493837574626,0.398134001413217,1.004322909097707,0.5847052857284053,0.5089524825978163,0.5885382323007889,3.114475035519165,0.3485202937224554,0.3350135182196198,0.2858665424424936,6.143906154658886e-08,2.133129206929555,1.177655097518293,0.507862475534436,1.0019448300856386,0.407795933951523,0.6642765193094021,0.6765456277495476,0.8435562640507521,0.4753030138312151,0.575907048479693,0.4457596104596384,0.5212443952147161,1.0289556093864838,0.8230515769383854
PM,2.035539508688062,2.0689882633911383,2.099101198181317,2.033593218263064,2.067821495601078,2.054336601419413,2.1144371550445658,2.047013087272957,2.0937696589159227,2.031962563435618,2.0497707153037394,2.075240810861695,2.091082621372432,2.136545022137345,2.1500587626730083,2.035479393268503,2.086373847103482,2.0940026807472343,2.147900515222112,2.0441280791602616,2.03853158868996,2.114349024555367,2.015756327786871,2.082536877635396,2.0360478013521432,2.118248587086406,2.2102396218164566,2.075658988791547,2.028199548457611,2.064263634781072,2.012233601978848,2.018732077090785,3.408021047180427,2.1163483409816326,2.1068955653417563,2.1404492389711542,2.133129206929555,5.960464477539064e-08,2.196454021631897,2.096002901887982,2.1376564604088,2.1280215161219567,2.0222163825184136,2.071303812712987,2.06913057979201,2.081413953732143,2.1304434133032464,2.068662270623717,2.2292481011083174,2.102392493532037,2.053853056767501
PR,1.104242925326849,1.1936834142487642,1.047419097097555,0.8932039572271917,1.006320275013639,1.1110373926357362,1.1602462209892752,1.2055350930965285,0.9888727391530646,0.9764054346191744,1.027806932927768,1.1101363516526168,0.993602147644304,1.1528265686412298,0.78021744885386,0.9303019004748768,1.2234985758287535,1.0705035494729678,1.1014802358179414,1.1650265001781963,1.1553911260641063,1.2114598969126802,1.0472864126758288,1.028922740498528,1.0239737728321423,1.0965454247361726,1.449063395244612,1.115656663128974,1.0713028145847496,1.0164395915782531,1.07961978300072,1.0281848910733105,3.0201096367461675,1.0279550533760942,1.101188725965622,1.2054961976979688,1.177655097518293,2.196454021631897,0.0,0.9727617156851794,0.9482755936173618,1.001789451897445,1.0261156476678146,1.1971832832991929,0.8559937908781372,1.0188245462686398,1.0031063356958485,1.1597184368673783,1.523051188943061,1.1411095623172771,1.015733920464648
PY,0.7181870786493021,0.8838200948578891,0.3821672237107898,0.6910976574542111,0.5444364557596458,0.7011778774076877,0.4805674728170058,0.9911701585876458,0.4777646324749813,0.6087701848406337,0.5536800292114361,0.5748614190398936,0.3432810779396735,0.4570860986711655,0.624821762532336,0.6142628070342054,0.760210514303955,0.4881300133042174,0.4408173139428132,0.6656407339073382,0.6247791365890792,0.8880035733425277,0.5835483293632099,0.4792360019747295,0.5926138982861792,0.4890660925444777,0.899412149077773,0.5982371302905093,0.9372216181205212,0.6145388491197475,0.6072521705931502,0.628365368577778,3.0546901429510216,0.4788853357473093,0.5155825904792959,0.580284138123717,0.507862475534436,2.096002901887982,0.9727617156851794,2.9802322387695312e-08,0.8557528314302241,0.4935743731749924,0.6963070338176207,0.8108944347875553,0.6823054631961505,0.6093404096625944,0.4219016895155459,0.6535630836076279,0.8871000214375162,1.0321795280732693,0.8033284671471018
SR,0.937956902714996,1.0635148413960225,0.9009035950182268,0.8167958387871217,0.8598924014919872,0.978969756602604,0.9768498417309844,1.0792131462851935,0.8527352187484619,0.8199145951745413,0.8767111508017792,0.9823215657774916,0.8551454087010016,0.9867649640235095,0.8265297205972012,0.7812092980394701,1.060624486389622,0.9194705368527184,0.9496435102562034,0.9811076325241675,0.9857345185521276,1.1099691952834696,0.8941927610880125,0.8497330887936222,0.8075439674189722,0.9166894529285176,1.24305033320447,0.9435717905356612,0.9722473885343228,0.9000488653145768,0.9178271481956696,0.9087900318155752,2.985034617351121,0.9270279943698018,0.9308843929322282,1.0548560436231833,1.0019448300856386,2.1376564604088,0.9482755936173618,0.8557528314302241,0.0,0.8759623477617291,0.897232411780899,1.046023560290976,0.7234255184931438,0.9406989772806236,0.8919303555595615,0.973942338978411,1.327184669811958,1.0829033459688038,0.9843520006847778
