ISO_CODE,AG,AI,AR,AW,BB,BM,BO,BQ,BR,BS,BZ,CA,CL,CO,CR,CW,DM,DO,EC,GD,GF,GL,GP,GT,GY,HN,HT,JM,KN,KY,LC,MQ,MS,MX,NI,PA,PE,PM,PR,PY,SR,SV,SX,TC,TT,US,UY,VC,VE,VG,VI
AG,1.4901161193847656e-08,0.4518961703077712,0.3134435330583872,0.4267321482442185,0.2310808568614271,0.5780205871226388,0.3455574535397831,0.6217833730063282,0.3745877790541607,0.2471282935986627,0.2371508234192171,0.2915314994165703,0.3529306810289567,0.2953591024192691,0.5655260514237883,0.3456061345195007,0.3059379434784517,0.2792343963388605,0.3495979033377344,0.2486544953103583,0.3237442650241982,0.4742799813766112,0.3493928680524485,0.3378373458251686,0.2251703860574248,0.3145242559970088,0.4574216889348958,0.2938977527079829,0.5129207583951003,0.3302888155481194,0.2808919845791427,0.3769619926184877,1.913944523635647,0.3283194062958375,0.3443410047210052,0.3176116596021088,0.3224799201118557,1.418404675281186,0.6664979702215676,0.3979884554252279,0.4786888513867458,0.3044703204515752,0.3148439752217328,0.3628345633255993,0.4190473291778902,0.3165499793738631,0.3747241324699923,0.2622140381858441,0.3489201442745658,0.5366583150576477,0.4410939944647912
AI,0.4518961703077712,0.0,0.4998572715564152,0.5382714767132343,0.4574842519658409,0.6299097360757233,0.4919194714742143,0.6531372145344454,0.5163156411921145,0.4627211423533364,0.4589933096846848,0.475840758750355,0.5128429569695764,0.4993908504378429,0.6632531697258782,0.5048439261237386,0.4844975385233857,0.4900844985888899,0.504455876915033,0.4634404871291837,0.5028953745746665,0.5381381733064822,0.5150186424799189,0.4939085048527732,0.4688375850736279,0.5048461924154414,0.6218175201829854,0.4907247288424746,0.579582259441552,0.4831250601181026,0.4879501903305908,0.517076715116955,1.9261687251729451,0.4924166976488364,0.5053823807701517,0.5083860218655273,0.4914003952515067,1.3908344552657568,0.740322752833814,0.5258514296109031,0.6025522540886005,0.4935094649475713,0.442639217263885,0.4698530937231457,0.5752792594194006,0.4798698294310957,0.5243474973721917,0.4714018288371306,0.5320783588452129,0.5762094279136986,0.5068582360311129
AR,0.3134435330583872,0.4998572715564152,2.9802322387695312e-08,0.393023109749289,0.2632813187012764,0.5490869172535005,0.2056236716107251,0.6220156099608333,0.2426729226499329,0.2820098287164149,0.235827279475216,0.2615099259236434,0.2578491141242073,0.2072124211060152,0.4503599859687983,0.316324814287191,0.3878500788388356,0.2193671626782997,0.2022621941128644,0.3579959274150145,0.2788326081292083,0.4465653756777172,0.3108932065395542,0.2687159929555771,0.2677230139862043,0.268866953708803,0.4755840616472606,0.2927927575808655,0.5151261986967255,0.3276108618476149,0.3268850310551543,0.3348895985177728,1.9090115255352895,0.164070468064883,0.2258203185784144,0.2752932416018431,0.2026497185280693,1.3737725369751634,0.5723625102532801,0.2262314969338904,0.4541936938236336,0.2106785891616475,0.3533448353915454,0.409596574644091,0.4095769451882238,0.2351685513479634,0.1945347321861021,0.329451740305614,0.3239400661475045,0.5835328235221124,0.484488926410463
AW,0.4267321482442185,0.5382714767132343,0.393023109749289,0.0,0.4231730400222326,0.4729181992555948,0.4362446069990843,0.6443439481868763,0.4299592685596932,0.4297620262079789,0.3998901316533179,0.4118501600134859,0.4402427276931369,0.468812074407273,0.4981786027897532,0.3603456080220841,0.5318133760993055,0.4631242641216663,0.4337035395232309,0.4958142098272012,0.4341646406460575,0.4889161353179611,0.4168357084790902,0.4896559989119315,0.4293108422417652,0.516266564677293,0.6679428625626923,0.5103807328854237,0.590829464535499,0.3949923543857123,0.4946645064721615,0.4312883305674753,1.900081647094408,0.4005818596781838,0.4667483058575766,0.5278707541396457,0.4759758858553236,1.3878897505210857,0.5574572310549926,0.4229606678322893,0.5157296011602535,0.4590115908343689,0.3904380743808395,0.4923716258266402,0.4273749751739944,0.3896285787400981,0.4033398370314572,0.5064036030306407,0.5535998557927023,0.5674095140203114,0.4760617183705245
BB,0.2310808568614271,0.4574842519658409,0.2632813187012764,0.4231730400222326,1.8250120749944284e-08,0.5827216284928689,0.2886425572588239,0.6379576369654192,0.3222254078367002,0.2190221732929392,0.1922838778474696,0.2441521101541053,0.3283462459177048,0.2285879214529916,0.5683887257878939,0.3245073190569487,0.2986804718960588,0.2063397964402072,0.2927922421664649,0.2583464175740248,0.2820121074185118,0.4542151381532586,0.340863624736859,0.302793579290757,0.1948964306124004,0.2614037792259657,0.4030924134131655,0.2236665036550712,0.5080963279319487,0.3192048406782636,0.2616981953371087,0.3548254490044203,1.922427814368401,0.2747529882943614,0.2830479469785555,0.2347717650342332,0.2460688667677459,1.415405207793041,0.6688919815706973,0.3718109908662697,0.4945649441034958,0.2628552410093446,0.3085154488863383,0.3566595944097233,0.4334029670602364,0.2654303312667482,0.3402298266050326,0.2428437935705813,0.2803985513823942,0.5732453953423883,0.4709374428919463
BM,0.5780205871226388,0.6299097360757233,0.5490869172535005,0.4729181992555948,0.5827216284928689,0.0,0.6026304799839317,0.694568985755078,0.591023887522789,0.5844941644097167,0.5771393626046957,0.5161880489594803,0.5453339216221588,0.6471011523037493,0.5642042954891447,0.5278404709680252,0.6878843568875355,0.6363751926077533,0.5967931040071601,0.6448119006349878,0.5878932036502701,0.5665173483512249,0.5531823511841446,0.6761519638991098,0.5843304220418445,0.6900669501543473,0.8111377427944184,0.651991827388516,0.6663962966549796,0.4693495118485802,0.6525982892448257,0.5676113314543701,1.852254363260432,0.5685766467532564,0.6302121327915713,0.6976159347613611,0.6316432787490535,1.4077235544159403,0.6006391309425572,0.576000792414928,0.6540144572109833,0.6336906734179883,0.517271520592428,0.6295856693088434,0.5350047446410074,0.5072522478899052,0.5272948391491616,0.658588277928248,0.7300587243113582,0.6577855638489591,0.5437405619677537
BO,0.3455574535397831,0.4919194714742143,0.2056236716107251,0.4362446069990843,0.2886425572588239,0.6026304799839317,0.0,0.6311629594335479,0.2282542416254793,0.2666793190106045,0.2383361694431988,0.3066787880962219,0.2944554199023744,0.2141895059548685,0.4817562368069382,0.3124112983331283,0.3729626978541405,0.1974971165829982,0.1326536855206698,0.3353919912637498,0.3053705951798435,0.4585051941422732,0.3455612359399569,0.1900366952579743,0.2705152323926604,0.2007133160997387,0.4585626129950528,0.276180688332011,0.4939602878328164,0.359277500718261,0.3172656907485309,0.3584322027745512,1.8979175428458592,0.1478877343538167,0.1428133503941562,0.2516422937497715,0.1856679605181339,1.3929703697080134,0.5765158574635376,0.2217837126179674,0.4496760948222954,0.1562733302174551,0.34764108445567,0.3777228649674335,0.4189042568773505,0.2689849390148133,0.283337250864876,0.3238436095386476,0.296068443174322,0.5757033592952907,0.4953319190507631
BQ,0.6217833730063282,0.6531372145344454,0.6220156099608333,0.6443439481868763,0.6379576369654192,0.694568985755078,0.6311629594335478,5.1619136559035694e-08,0.6468536552320528,0.6313385142601847,0.6196408758665338,0.6176672981424595,0.6373605604056898,0.6591036623328161,0.7353523822527501,0.6228575171192413,0.6519702906838737,0.6526111474414714,0.6263972110579379,0.639858803072727,0.6118110075372132,0.6732257081242128,0.6291424222801233,0.6602825031582451,0.6165946939913155,0.6705861903800586,0.7627868880223041,0.6505628107925185,0.7181872414628321,0.6145259299811499,0.6476088516058531,0.642906957941985,1.8874156637041195,0.6285823712770047,0.6451393972038064,0.6812368975836012,0.6501944987983489,1.44075060268852,0.7962602846076507,0.6449661112853389,0.6668250936720054,0.649740969255333,0.6095944669739239,0.6284139003615464,0.6650243488957145,0.6151379651926226,0.6376645042206298,0.6427594639056942,0.7006518492601539,0.71093700274708,0.628128842820754
BR,0.3745877790541607,0.5163156411921145,0.2426729226499329,0.4299592685596932,0.3222254078367002,0.591023887522789,0.2282542416254792,0.6468536552320528,0.0,0.3096261437814787,0.284804848241985,0.3222730535307569,0.3203694975746756,0.2941441379147324,0.4801053135097605,0.3521140751572117,0.4217744563859832,0.2855310582768635,0.2379647067359721,0.3889936167948118,0.3092311762590763,0.4964261518246709,0.3397924548919933,0.3006384236709855,0.3072845311048369,0.3154777695759318,0.5109643322213331,0.3209423124191961,0.5054926623337967,0.3729413842692567,0.3636723354472949,0.3547938774338218,1.879393257749299,0.2128513436407655,0.2570678210718669,0.3305937870620439,0.2616918532527449,1.39347078477545,0.5813208600632788,0.2538311546997615,0.4729998149020894,0.2673598451126161,0.3839059628937801,0.43427176041313,0.4227473675625587,0.2609182461768626,0.3010135616644622,0.3648033556080395,0.3722104390633112,0.5976013383242,0.503533641244884
BS,0.2471282935986627,0.4627211423533364,0.2820098287164149,0.4297620262079789,0.2190221732929392,0.5844941644097168,0.2666793190106045,0.6313385142601847,0.3096261437814787,0.0,0.2003594172632183,0.3076813252198634,0.3746530003260891,0.2605860625561116,0.5367040304202989,0.311436459976103,0.3278899875260158,0.2246786217581979,0.281610759758551,0.2931193237640079,0.2922461262990425,0.4691580394480932,0.3477338663586162,0.2835090716513951,0.1764142361725405,0.2710054276743573,0.4314663055265413,0.2399943003162761,0.4893606799845001,0.3257478889262447,0.2877296210052908,0.3800239063270759,1.8861887619722169,0.2651074708873921,0.2718738249208776,0.2918390145637335,0.2738472691531169,1.394398192308831,0.6183701225022069,0.3485607491121754,0.439549937428254,0.2449123705384803,0.3191643048744235,0.3564858494412932,0.3831246003776746,0.2712693107308884,0.3505755848949797,0.2608563839576298,0.3203846719848975,0.542805205067195,0.4527064421820675
BZ,0.2371508234192171,0.4589933096846848,0.235827279475216,0.3998901316533179,0.1922838778474696,0.5771393626046957,0.2383361694431988,0.6196408758665338,0.284804848241985,0.2003594172632183,3.494632065164618e-08,0.2466359555321285,0.297194737095427,0.2010195005449939,0.5189860226740098,0.3110816597419056,0.306526211969448,0.1802413414366154,0.2328333205502282,0.2701602186089225,0.2493634720728973,0.4505279706934911,0.3028892793009954,0.2665825334146486,0.1804106966807904,0.2330116273129909,0.4248350812465914,0.2202391562706818,0.4802093318551608,0.3254260490751059,0.2604652936910816,0.314197194094563,1.8964690342916777,0.226535438937741,0.2187490614005127,0.2437094134748694,0.2197011311463313,1.3962116752588076,0.6313372494907561,0.3157947470268839,0.4518627285491938,0.2099838369596144,0.2990266441497164,0.368237538076124,0.3947116353266517,0.2588592993881688,0.3064316209465285,0.255351316306044,0.271031917371179,0.5571086040809936,0.4636245729523666
CA,0.2915314994165703,0.475840758750355,0.2615099259236434,0.4118501600134859,0.2441521101541053,0.5161880489594803,0.3066787880962219,0.6176672981424595,0.3222730535307569,0.3076813252198634,0.2466359555321285,2.5809568279517847e-08,0.2289148695061556,0.2831020143552386,0.5212823095880808,0.3542170648258889,0.367951192057733,0.2780658328480944,0.3094348469382823,0.3190906724711749,0.3101040967526688,0.4562255968967308,0.3218485234782786,0.3388683876898093,0.2695358523802925,0.3133061399968804,0.4638740982236099,0.3026360388595781,0.5190601531891105,0.3226744202461196,0.3314191255736578,0.3288650169597207,1.909811706273664,0.2861429171010318,0.3058531906158329,0.305561060825417,0.2715730914855684,1.4097945695576493,0.6486239835197248,0.3631571084681969,0.5163816175735194,0.3055095152531085,0.3471667380378022,0.4031771550087514,0.4427928115804723,0.2154902968599672,0.3196222056294183,0.3279051701115022,0.3422956458955697,0.5840878989408791,0.4647899137799717
CL,0.3529306810289567,0.5128429569695764,0.2578491141242073,0.4402427276931369,0.3283462459177048,0.5453339216221588,0.2944554199023743,0.6373605604056898,0.3203694975746756,0.3746530003260891,0.297194737095427,0.2289148695061556,0.0,0.3146007269060505,0.4283012140701789,0.390722947935284,0.4397969511508423,0.3168622658999976,0.2804911729811833,0.3592022273840956,0.3666961295375406,0.489248766521904,0.3571256884052481,0.3486759513752082,0.3468922376144639,0.3360864512344497,0.5434531559053104,0.3710627105584969,0.4983294948454703,0.3773406909136799,0.3721613609906322,0.3557238183948201,1.9116560617112768,0.2662071271134541,0.3052055736727933,0.3489751199623757,0.2834001386347359,1.4119491936204989,0.5932073444721568,0.3055244263775614,0.5165899897962201,0.2895244332370617,0.3847654163775215,0.4583662788738679,0.4466890586371973,0.2889744903284245,0.2758314117217418,0.3975056633895686,0.4012217387955196,0.5872285118617342,0.50804144367346
CO,0.2953591024192691,0.4993908504378429,0.2072124211060152,0.468812074407273,0.2285879214529916,0.6471011523037493,0.2141895059548685,0.6591036623328161,0.2941441379147324,0.2605860625561116,0.2010195005449939,0.2831020143552386,0.3146007269060505,2.356080457693621e-08,0.5531375495684507,0.3608993750384906,0.3320286545551831,0.1158441585966445,0.2139106967339082,0.2990283272519212,0.2847611121434397,0.4821806392784244,0.3592640776651766,0.2114254600626061,0.2393569550545499,0.1684919122659234,0.3763201990406212,0.2106529819541815,0.5283748341583041,0.3897003788665103,0.268398407834177,0.3681547343973541,1.955522415128156,0.214060845417128,0.1848646102539334,0.1488647270964457,0.147000312172468,1.4146613719924277,0.6861864210227523,0.3204892701563543,0.501665548579853,0.1749536227360908,0.3672652396354107,0.3912038746703031,0.4868156687695117,0.2960367726674048,0.3146203079127114,0.2630109562978981,0.2019724757039986,0.6135191389005763,0.531498533993598
CR,0.5655260514237883,0.6632531697258782,0.4503599859687983,0.4981786027897532,0.5683887257878939,0.5642042954891447,0.4817562368069381,0.7353523822527501,0.4801053135097605,0.5367040304202988,0.5189860226740098,0.5212823095880808,0.4283012140701789,0.5531375495684507,6.664001874625056e-08,0.4959684538816742,0.6799498634994215,0.552001890775706,0.4648939112958153,0.6230618754868206,0.5898421113900365,0.5877308131923461,0.5277715161250169,0.5518312943314669,0.5596104623786634,0.5786283752531509,0.8130146854201159,0.620094167436823,0.6019777796682614,0.5070399774699899,0.6321106703190259,0.5570036418477824,1.867317020250193,0.4246468685442835,0.5088107269957871,0.6216174999379871,0.5363607643912535,1.410558983195539,0.386239500332326,0.3726872427927105,0.5428174050378558,0.4911594412142686,0.5279326407460949,0.6233971862103569,0.4456663356754273,0.4415881487694035,0.3980366421322101,0.6404942374478314,0.6715128800578745,0.657759486851484,0.5852571703875565
CW,0.3456061345195007,0.5048439261237386,0.316324814287191,0.3603456080220841,0.3245073190569487,0.5278404709680252,0.3124112983331282,0.6228575171192413,0.3521140751572117,0.3114364599761029,0.3110816597419056,0.3542170648258889,0.390722947935284,0.3608993750384906,0.4959684538816742,2.1073424255447017e-08,0.4482036320202827,0.3398087882119284,0.3166874200935838,0.3975362354299047,0.3442187521687078,0.4563462747981938,0.3094805552902764,0.3815858905926507,0.308783022793008,0.3846733777841396,0.5653675757636452,0.4005749253081495,0.4962864229814923,0.3213034947126714,0.4061743010086808,0.3494884295537921,1.8730194322861824,0.307381858504479,0.3495343129928877,0.4173845331192211,0.3743218012313939,1.3869495347059115,0.5375153908440761,0.341173582825352,0.3920721198500128,0.3294473819535987,0.3209532459300995,0.4131493563842593,0.3629911796273801,0.2895149627100437,0.3312363757095805,0.4082159746836978,0.465031528925343,0.560421858557116,0.4631548496615308
DM,0.3059379434784517,0.4844975385233857,0.3878500788388356,0.5318133760993055,0.2986804718960588,0.6878843568875355,0.3729626978541405,0.6519702906838737,0.4217744563859832,0.3278899875260158,0.306526211969448,0.367951192057733,0.4397969511508423,0.3320286545551831,0.6799498634994215,0.4482036320202827,0.0,0.3105003439522854,0.391637638590349,0.3077653466658986,0.3649468340155776,0.544646632947648,0.4322898830406753,0.3524298016763665,0.2899005770194538,0.3112484134988911,0.3972754594183153,0.293428748060354,0.5570028457873983,0.436770953730788,0.320946516892155,0.4474811573038303,1.9349107020038805,0.3915639106002183,0.3614945246114357,0.3103402151777588,0.3347956695980348,1.4422645623754795,0.7743740093608703,0.461460162535375,0.5544169418586112,0.344456174399657,0.4047966232765853,0.3922600443415455,0.5285058463697931,0.4030564695526165,0.4696091592035966,0.274834229795839,0.3124365279948204,0.5941991791043665,0.5182384506799793
DO,0.2792343963388605,0.4900844985888899,0.2193671626782997,0.4631242641216664,0.2063397964402072,0.6363751926077533,0.1974971165829982,0.6526111474414714,0.2855310582768635,0.2246786217581979,0.1802413414366154,0.2780658328480944,0.3168622658999977,0.1158441585966445,0.552001890775706,0.3398087882119283,0.3105003439522854,2.9802322387695312e-08,0.2074040602064389,0.2798499132048981,0.2748938859222855,0.4976051351808777,0.3507890629496589,0.2106033265062393,0.2128152604472558,0.1537824553557584,0.3671174841676389,0.1970483554290416,0.5068224517346974,0.3683162828604064,0.2636688010322238,0.3641114192860929,1.942359721046368,0.2088968869063107,0.1714945081447495,0.1580836690741848,0.1561815065164492,1.420274772774462,0.665816253645295,0.3140499397081742,0.4863987853987522,0.1562612887429706,0.3485668406485162,0.3693761937298493,0.4612813178675289,0.2829398992291182,0.323277954433043,0.2482506084287744,0.2027757676168771,0.5970080278346048,0.5120355429430694
EC,0.3495979033377344,0.504455876915033,0.2022621941128644,0.4337035395232309,0.2927922421664649,0.5967931040071601,0.1326536855206696,0.6263972110579379,0.2379647067359721,0.281610759758551,0.2328333205502282,0.3094348469382823,0.2804911729811833,0.2139106967339082,0.4648939112958153,0.3166874200935838,0.391637638590349,0.2074040602064389,1.4901161193847656e-08,0.3578856959751358,0.2873655356246801,0.4618511525996416,0.3318474267587269,0.2198487076267475,0.2731436892469622,0.2332416412420005,0.4748558491095931,0.2855796828283904,0.4855655453031298,0.3648094841918344,0.3269261997083082,0.343439957386675,1.910216194378577,0.1509763687020981,0.1572826113042062,0.264827881011994,0.2107898350015795,1.3902106915166672,0.5690482453036663,0.2185049551835171,0.4371559354382805,0.164428558413874,0.3543283541521353,0.4060016610802012,0.4097099127419341,0.2795378447426301,0.2716132310139008,0.3376003950669697,0.3195986822772543,0.5850183455540503,0.5098337579775046
GD,0.2486544953103583,0.4634404871291837,0.3579959274150145,0.4958142098272012,0.2583464175740248,0.6448119006349877,0.3353919912637498,0.639858803072727,0.3889936167948118,0.2931193237640079,0.2701602186089225,0.3190906724711749,0.3592022273840956,0.2990283272519212,0.6230618754868206,0.3975362354299047,0.3077653466658986,0.2798499132048981,0.3578856959751358,0.0,0.3376820957526395,0.5064249570692458,0.3836989479189976,0.3179466392019564,0.2797614537104196,0.2705613359406325,0.4074988271658532,0.2627031899858804,0.5222666055134989,0.3927234611516483,0.2446991028878181,0.3927754699125875,1.921121997188132,0.3582595031029128,0.3237179969620224,0.2839329773185073,0.2961086751561327,1.4115696974822087,0.7369549662176476,0.4384055688757729,0.5298146672794043,0.304669835737958,0.367697795270224,0.3584968592949631,0.4726545566924795,0.3682806049121553,0.4158359266379468,0.2610797477183579,0.3120255011105449,0.5543102015355738,0.4919563999679855
GF,0.3237442650241982,0.5028953745746665,0.2788326081292083,0.4341646406460574,0.2820121074185118,0.5878932036502701,0.3053705951798435,0.6118110075372131,0.3092311762590763,0.2922461262990425,0.2493634720728973,0.3101040967526688,0.3666961295375406,0.2847611121434397,0.5898421113900365,0.3442187521687077,0.3649468340155776,0.2748938859222855,0.2873655356246801,0.3376820957526395,0.0,0.4708250181372997,0.2429429692509548,0.3550342415021609,0.2580429914798739,0.3406122252389095,0.4292385073427789,0.281632996358766,0.5041048855194339,0.3611948811479551,0.319588451417141,0.256819477488959,1.90052177413206,0.3071326709969872,0.316080565380421,0.3267305149821704,0.2931742069790832,1.3433286398796147,0.6738053245756579,0.3743871739976838,0.4777573127634884,0.3082221808618055,0.3613188456276028,0.4123251780616614,0.4238705958019715,0.3110839333597817,0.3479675985331265,0.3053159758489542,0.3677258843956059,0.5936930112559466,0.4995172299045068
GL,0.4742799813766112,0.5381381733064822,0.4465653756777172,0.4889161353179611,0.4542151381532586,0.5665173483512249,0.4585051941422732,0.6732257081242128,0.4964261518246709,0.4691580394480931,0.4505279706934911,0.4562255968967308,0.489248766521904,0.4821806392784244,0.5877308131923461,0.4563462747981938,0.544646632947648,0.4976051351808778,0.4618511525996416,0.5064249570692458,0.4708250181372997,0.0,0.4770661871232683,0.505436018805815,0.461326761327188,0.5270583274569899,0.6406653403517565,0.5129093419140057,0.5567559986303887,0.4566366119661304,0.5027586831812161,0.4886163469077204,1.8769089122180056,0.456931570088069,0.4988638433451605,0.5299026865945533,0.4832814352317115,1.3462748253445145,0.6313028629149331,0.4752246572681393,0.5412510250412189,0.4892633032339857,0.4469092365685391,0.5066712025027237,0.5044571588790128,0.4284855328898191,0.438308655304952,0.5037874422233988,0.5750929631465532,0.6144761797446487,0.5199503673696428
GP,0.3493928680524485,0.5150186424799189,0.3108932065395542,0.4168357084790902,0.340863624736859,0.5531823511841446,0.3455612359399569,0.6291424222801233,0.3397924548919933,0.3477338663586163,0.3028892793009954,0.3218485234782786,0.3571256884052481,0.3592640776651766,0.5277715161250169,0.3094805552902764,0.4322898830406753,0.350789062949659,0.3318474267587269,0.3836989479189976,0.2429429692509549,0.4770661871232683,0.0,0.3944371481635613,0.3189943856524656,0.4011981890736031,0.5254835874113958,0.3859336702561688,0.4983118992126823,0.3578285501430988,0.3979896934198653,0.1727492176761325,1.86548284673096,0.3340292279808636,0.3663125862022812,0.4126791339316998,0.3678663705042362,1.3407980283930638,0.6177815190722943,0.3665884387937864,0.461477056004391,0.3477520802173934,0.3700036122066436,0.4464244101225405,0.3893259813068883,0.3175199992005876,0.3448422092935264,0.398385235847573,0.4526239173873764,0.5745288047717889,0.4993043314177854
GT,0.3378373458251686,0.4939085048527732,0.2687159929555771,0.4896559989119315,0.302793579290757,0.6761519638991098,0.1900366952579743,0.6602825031582451,0.3006384236709855,0.2835090716513951,0.2665825334146486,0.3388683876898093,0.3486759513752082,0.2114254600626061,0.5518312943314669,0.3815858905926507,0.3524298016763665,0.2106033265062393,0.2198487076267475,0.3179466392019564,0.3550342415021609,0.505436018805815,0.3944371481635613,2.7877519926234646e-08,0.2979808281894133,0.1629186446826994,0.4257894483252877,0.2737760950398398,0.5396702348352242,0.425885470513032,0.3216883993311832,0.4056997086589076,1.9548364408288212,0.2225248643670537,0.1954507343131609,0.2167453155203738,0.2255035632290938,1.415389568532394,0.6673389982019781,0.3150719040593838,0.4896047280015219,0.1693335945809364,0.4007405345219023,0.3897511074700021,0.4939859464004928,0.3374006318318972,0.3637592304269812,0.3121638693381046,0.2406221780843997,0.5929205445676604,0.5346959650898054
GY,0.2251703860574248,0.4688375850736279,0.2677230139862043,0.4293108422417652,0.1948964306124004,0.5843304220418445,0.2705152323926604,0.6165946939913155,0.3072845311048369,0.1764142361725405,0.1804106966807904,0.2695358523802925,0.3468922376144639,0.2393569550545499,0.5596104623786634,0.308783022793008,0.2899005770194538,0.2128152604472558,0.2731436892469622,0.2797614537104196,0.2580429914798739,0.461326761327188,0.3189943856524656,0.2979808281894133,0.0,0.2678624931764278,0.3991511024299328,0.2234791351919084,0.513551813078573,0.3219859127183085,0.2547956725894058,0.3483189428797168,1.892816055599904,0.2760862218208628,0.2683877090130258,0.2709217341908359,0.2527511216332334,1.40833118741225,0.6549209321701204,0.3532532325676923,0.4452565253951456,0.2495034241786665,0.3117315248711593,0.3590739714510713,0.3848062225246776,0.2693187492751073,0.3399184065433234,0.231153893083105,0.2981158443524551,0.5547751151927147,0.4613264529957075
HN,0.3145242559970088,0.5048461924154414,0.268866953708803,0.516266564677293,0.2614037792259657,0.6900669501543473,0.2007133160997387,0.6705861903800586,0.3154777695759318,0.2710054276743573,0.2330116273129909,0.3133061399968804,0.3360864512344497,0.1684919122659234,0.5786283752531509,0.3846733777841396,0.3112484134988911,0.1537824553557584,0.2332416412420005,0.2705613359406325,0.3406122252389095,0.5270583274569899,0.4011981890736031,0.1629186446826994,0.2678624931764278,0.0,0.3745682859917952,0.2180055197882402,0.5413482100756206,0.4209709679222804,0.27166851231516,0.4084672617263542,1.9583459799480507,0.2406198930696829,0.1632767803440198,0.1378866143180875,0.1759380199578643,1.4453921953109503,0.7004221981842811,0.3414478074157207,0.512930230033956,0.1591434104307384,0.3955781090326912,0.3885392016967859,0.5062814634728171,0.3348659302838885,0.3719304994529898,0.2700072880926321,0.1786719346251153,0.6116263985968741,0.547031000919125
HT,0.4574216889348959,0.6218175201829854,0.4755840616472606,0.6679428625626923,0.4030924134131655,0.8111377427944184,0.4585626129950528,0.7627868880223041,0.5109643322213331,0.4314663055265413,0.4248350812465914,0.4638740982236099,0.5434531559053104,0.3763201990406212,0.8130146854201159,0.5653675757636452,0.3972754594183153,0.3671174841676389,0.4748558491095931,0.4074988271658532,0.4292385073427789,0.6406653403517565,0.5254835874113958,0.4257894483252877,0.3991511024299327,0.3745682859917952,7.450580596923828e-09,0.3675157818358551,0.6683506310231769,0.556100466909511,0.3931545920840958,0.5247783840550846,2.041222756221951,0.495028208675715,0.4373128642300566,0.3357628066821939,0.3943445309054736,1.504534724398089,0.9199523097407478,0.5817585432344846,0.6825465640540042,0.4349737378341198,0.5538927632115195,0.4977893826899684,0.6755616963348865,0.5215090699977458,0.5766757986444292,0.3698974923397062,0.337162298016729,0.729526366539449,0.6775611055152158
JM,0.2938977527079829,0.4907247288424746,0.2927927575808655,0.5103807328854237,0.2236665036550712,0.651991827388516,0.276180688332011,0.6505628107925185,0.3209423124191961,0.2399943003162761,0.2202391562706818,0.3026360388595781,0.3710627105584969,0.2106529819541815,0.620094167436823,0.4005749253081495,0.293428748060354,0.1970483554290416,0.2855796828283904,0.2627031899858804,0.281632996358766,0.5129093419140057,0.3859336702561688,0.2737760950398398,0.2234791351919084,0.2180055197882402,0.3675157818358551,2.5809568279517847e-08,0.5443096510515286,0.3879109099805533,0.2391885784663197,0.3819271612151994,1.931534607364112,0.2942656783111379,0.2398161681328537,0.1921992945089227,0.204317780879829,1.4200924222365814,0.7296492194699709,0.3929634603123456,0.5243684966228478,0.2575909078356386,0.381247173376167,0.3870019413952412,0.4634857767759417,0.3155131494468963,0.3843717983421087,0.2263955901612309,0.2274263946781989,0.6031604916471147,0.521558786046481
KN,0.5129207583951003,0.579582259441552,0.5151261986967255,0.590829464535499,0.5080963279319487,0.6663962966549796,0.4939602878328163,0.7181872414628321,0.5054926623337967,0.4893606799845001,0.4802093318551608,0.5190601531891105,0.4983294948454703,0.5283748341583041,0.6019777796682614,0.4962864229814923,0.5570028457873983,0.5068224517346974,0.4855655453031298,0.5222666055134988,0.5041048855194339,0.5567559986303887,0.4983118992126823,0.5396702348352242,0.513551813078573,0.5413482100756206,0.6683506310231769,0.5443096510515286,1.4901161193847656e-08,0.5174198464425332,0.5251158479922582,0.5052418970243074,1.8581711258902076,0.4864690426133269,0.5129543444537049,0.5624123041431586,0.5244442761732352,1.3735238926287778,0.6412037112513472,0.4996166661761685,0.5462674092382006,0.4741433212091893,0.4914386811757235,0.5484742920657866,0.5354893271111354,0.4715391671049351,0.5133984390674068,0.5367829623544241,0.6012809022233482,0.6270623463274992,0.5740500671730442
KY,0.3302888155481194,0.4831250601181026,0.3276108618476149,0.3949923543857123,0.3192048406782636,0.4693495118485802,0.3592775007182609,0.6145259299811499,0.3729413842692567,0.3257478889262446,0.3254260490751059,0.3226744202461196,0.3773406909136799,0.3897003788665103,0.5070399774699899,0.3213034947126714,0.436770953730788,0.3683162828604065,0.3648094841918344,0.3927234611516482,0.3611948811479551,0.4566366119661304,0.3578285501430988,0.425885470513032,0.3219859127183085,0.4209709679222804,0.556100466909511,0.3879109099805533,0.5174198464425332,3.6500241499888574e-08,0.3947568733782194,0.3791052999578551,1.8745597645890733,0.3459177477810551,0.3839801400986125,0.4275113324541775,0.3804909436732414,1.3727830579646252,0.5779844299771661,0.3924052623262801,0.4868097485424985,0.3816651412190031,0.3255940300901979,0.3918700386426657,0.3877641565940841,0.2879368927294664,0.354562998757846,0.382989276390317,0.4727079539769073,0.5465166213460134,0.4208835727678676
LC,0.2808919845791427,0.4879501903305908,0.3268850310551543,0.4946645064721615,0.2616981953371087,0.6525982892448257,0.3172656907485309,0.6476088516058531,0.3636723354472949,0.2877296210052908,0.2604652936910816,0.3314191255736578,0.3721613609906322,0.268398407834177,0.632110670319026,0.4061743010086809,0.320946516892155,0.2636688010322238,0.3269261997083082,0.2446991028878181,0.319588451417141,0.5027586831812162,0.3979896934198654,0.3216883993311832,0.2547956725894058,0.27166851231516,0.3931545920840958,0.2391885784663197,0.5251158479922581,0.3947568733782193,0.0,0.3797716004367848,1.9302067881267024,0.3392703642131046,0.2914273857355159,0.254501132582501,0.2609409820576797,1.4224704801947805,0.7360201625197985,0.4172445581427135,0.5272765906957182,0.2900014180093191,0.3759269630188287,0.3894754601653611,0.485120362235763,0.3555983449055274,0.397648566534771,0.261807818653852,0.2944382580224725,0.5779502594514733,0.5127003954190579
MQ,0.3769619926184877,0.517076715116955,0.3348895985177728,0.4312883305674753,0.3548254490044203,0.5676113314543701,0.358432202774551,0.642906957941985,0.3547938774338218,0.3800239063270759,0.314197194094563,0.3288650169597207,0.3557238183948201,0.3681547343973541,0.5570036418477824,0.3494884295537921,0.4474811573038303,0.364111419286093,0.343439957386675,0.3927754699125875,0.2568194774889591,0.4886163469077204,0.1727492176761325,0.4056997086589076,0.3483189428797168,0.4084672617263542,0.5247783840550846,0.3819271612151994,0.5052418970243074,0.3791052999578551,0.3797716004367848,0.0,1.9038811640891395,0.3480582585938787,0.3611166828763936,0.4069709332516005,0.3653917082603084,1.348788545779356,0.650008217764575,0.3904480519315453,0.4956805472115487,0.3633771883414587,0.3804915855123769,0.4671809436962834,0.4318157156118439,0.3374358076563135,0.3664194565845428,0.4180417383897246,0.4482045379427632,0.5910337441961757,0.5230215763290816
MS,1.913944523635647,1.9261687251729451,1.9090115255352895,1.900081647094408,1.922427814368401,1.852254363260432,1.8979175428458592,1.8874156637041195,1.8793932577492989,1.8861887619722169,1.8964690342916777,1.909811706273664,1.9116560617112768,1.955522415128156,1.867317020250193,1.8730194322861824,1.93491070200388,1.942359721046368,1.9102161943785767,1.9211219971881324,1.90052177413206,1.8769089122180056,1.86548284673096,1.9548364408288212,1.892816055599904,1.9583459799480507,2.041222756221951,1.931534607364112,1.8581711258902076,1.8745597645890733,1.9302067881267024,1.9038811640891395,0.0,1.8953596033792437,1.923642976207181,1.9910563862648591,1.934128083198559,2.346920049715203,1.839352935767357,1.883612572006207,1.8599465159694808,1.9198571840504477,1.8747663084900976,1.9003593385455464,1.7723429878311094,1.8633019157569852,1.8618284200175448,1.916349589123139,1.9906887963442224,1.8790402355436908,1.813100603506606
MX,0.3283194062958375,0.4924166976488364,0.164070468064883,0.4005818596781838,0.2747529882943614,0.5685766467532564,0.1478877343538165,0.6285823712770047,0.2128513436407655,0.2651074708873921,0.226535438937741,0.2861429171010318,0.2662071271134541,0.214060845417128,0.4246468685442835,0.307381858504479,0.3915639106002183,0.2088968869063107,0.1509763687020981,0.3582595031029128,0.3071326709969872,0.456931570088069,0.3340292279808636,0.2225248643670537,0.2760862218208628,0.2406198930696829,0.4950282086757151,0.2942656783111379,0.4864690426133269,0.3459177477810551,0.3392703642131046,0.3480582585938787,1.8953596033792437,3.332000937312528e-08,0.1751712762290699,0.2747586680622668,0.199155868363029,1.3947322303280034,0.5394443803834151,0.1992469251243733,0.4353466676108205,0.1733381996866862,0.3410240092281518,0.3997119103317554,0.4011125554945458,0.2303157578572545,0.2428764457111303,0.3364266474958707,0.3146141612213542,0.5749213148347396,0.4784074942565569
NI,0.3443410047210052,0.5053823807701517,0.2258203185784144,0.4667483058575765,0.2830479469785555,0.6302121327915712,0.1428133503941562,0.6451393972038064,0.2570678210718667,0.2718738249208776,0.2187490614005127,0.3058531906158329,0.3052055736727934,0.1848646102539334,0.5088107269957871,0.3495343129928875,0.3614945246114357,0.1714945081447495,0.1572826113042062,0.3237179969620224,0.316080565380421,0.4988638433451604,0.3663125862022812,0.1954507343131609,0.2683877090130258,0.1632767803440198,0.4373128642300566,0.2398161681328537,0.5129543444537049,0.3839801400986125,0.2914273857355159,0.3611166828763935,1.923642976207181,0.17517127622907,0.0,0.2077172298715014,0.1661397029678099,1.4106282058526634,0.6268553076232845,0.2643180111194338,0.4698681076481487,0.140457276271869,0.3696033083908284,0.3980828090072292,0.4516380554650254,0.286777401195963,0.3107950126588975,0.3151485479682668,0.2493727540112717,0.5926613173201912,0.5258099278522257
PA,0.3176116596021088,0.5083860218655273,0.2752932416018431,0.5278707541396457,0.2347717650342332,0.6976159347613611,0.2516422937497715,0.6812368975836012,0.3305937870620439,0.2918390145637335,0.2437094134748694,0.305561060825417,0.3489751199623757,0.1488647270964457,0.6216174999379871,0.4173845331192211,0.3103402151777588,0.1580836690741848,0.264827881011994,0.2839329773185073,0.3267305149821704,0.5299026865945533,0.4126791339316998,0.2167453155203738,0.2709217341908359,0.1378866143180875,0.3357628066821939,0.1921992945089227,0.5624123041431586,0.4275113324541775,0.254501132582501,0.4069709332516005,1.9910563862648591,0.2747586680622668,0.2077172298715014,0.0,0.1719817598298452,1.451927134042632,0.7486184947420188,0.3821158273836576,0.5530011807068943,0.2180003204154562,0.4078755858484466,0.4032712567060679,0.5426548738025163,0.3418163437140166,0.3880323565923813,0.2492322501965202,0.1557460512073029,0.6387948057756171,0.5685883799405024
PE,0.3224799201118557,0.4914003952515067,0.2026497185280693,0.4759758858553236,0.2460688667677459,0.6316432787490536,0.1856679605181339,0.6501944987983489,0.2616918532527448,0.2738472691531169,0.2197011311463313,0.2715730914855684,0.2834001386347358,0.147000312172468,0.5363607643912535,0.374321801231394,0.3347956695980348,0.1561815065164492,0.2107898350015795,0.2961086751561327,0.2931742069790832,0.4832814352317114,0.3678663705042362,0.2255035632290938,0.2527511216332334,0.1759380199578643,0.3943445309054736,0.204317780879829,0.5244442761732353,0.3804909436732415,0.2609409820576797,0.3653917082603085,1.934128083198559,0.1991558683630289,0.1661397029678099,0.1719817598298452,0.0,1.4127451627168843,0.6732244219716774,0.2993632143541921,0.5058201025113662,0.1841093579618186,0.3754706506730907,0.3928127235104148,0.4743081901304859,0.2752918373267723,0.295418023369245,0.2715839747223329,0.2204621821948725,0.6059964798615517,0.5201396450370598
PM,1.418404675281186,1.3908344552657568,1.3737725369751634,1.3878897505210857,1.415405207793041,1.4077235544159403,1.3929703697080134,1.44075060268852,1.39347078477545,1.394398192308831,1.3962116752588076,1.4097945695576493,1.4119491936204989,1.4146613719924277,1.410558983195539,1.3869495347059115,1.4422645623754795,1.420274772774462,1.3902106915166672,1.4115696974822087,1.3433286398796147,1.3462748253445145,1.3407980283930638,1.415389568532394,1.40833118741225,1.4453921953109503,1.5045347243980896,1.4200924222365814,1.3735238926287778,1.3727830579646252,1.4224704801947805,1.348788545779356,2.346920049715203,1.3947322303280034,1.4106282058526634,1.451927134042632,1.4127451627168843,0.0,1.4266680327016112,1.3832114489474754,1.412086456811766,1.4085164825108103,1.3837463023336498,1.389742797704076,1.3954888927612703,1.3891068054970828,1.3608417625681108,1.4284137325484405,1.4648789718308206,1.3651335577744057,1.417293451237671
PR,0.6664979702215676,0.740322752833814,0.5723625102532801,0.5574572310549927,0.6688919815706973,0.6006391309425572,0.5765158574635376,0.7962602846076507,0.5813208600632788,0.6183701225022069,0.631337249490756,0.6486239835197247,0.5932073444721567,0.6861864210227523,0.386239500332326,0.5375153908440762,0.7743740093608703,0.665816253645295,0.5690482453036663,0.7369549662176476,0.673805324575658,0.631302862914933,0.6177815190722943,0.6673389982019781,0.6549209321701205,0.7004221981842811,0.9199523097407478,0.7296492194699709,0.6412037112513472,0.5779844299771661,0.7360201625197985,0.650008217764575,1.839352935767357,0.539444380383415,0.6268553076232846,0.7486184947420188,0.6732244219716774,1.4266680327016112,3.6500241499888574e-08,0.4847594152400946,0.5776815736288989,0.6064325489323202,0.587616218195922,0.6812797284094979,0.4831617824484083,0.534914799671509,0.5087371569876946,0.7393174409358028,0.7993351578223217,0.706368462692721,0.6055187635859833
PY,0.3979884554252279,0.5258514296109031,0.2262314969338904,0.4229606678322893,0.3718109908662697,0.576000792414928,0.2217837126179673,0.6449661112853389,0.2538311546997615,0.3485607491121753,0.3157947470268839,0.3631571084681969,0.3055244263775614,0.3204892701563543,0.3726872427927105,0.341173582825352,0.461460162535375,0.3140499397081741,0.2185049551835171,0.4384055688757728,0.3743871739976839,0.4752246572681393,0.3665884387937864,0.3150719040593838,0.3532532325676923,0.3414478074157207,0.5817585432344846,0.3929634603123456,0.4996166661761685,0.3924052623262801,0.4172445581427136,0.3904480519315453,1.883612572006207,0.1992469251243733,0.2643180111194339,0.3821158273836576,0.299363214354192,1.3832114489474754,0.4847594152400946,0.0,0.4407030709722112,0.2516880012652466,0.3861353010949919,0.4596304168066766,0.3893696920554751,0.2872182365635198,0.2337906822899249,0.4198634299521657,0.4290356306585267,0.5894669069696907,0.4956933450194412
SR,0.4786888513867458,0.6025522540886005,0.4541936938236336,0.5157296011602535,0.4945649441034958,0.6540144572109833,0.4496760948222953,0.6668250936720054,0.4729998149020894,0.439549937428254,0.4518627285491938,0.5163816175735194,0.5165899897962201,0.501665548579853,0.5428174050378558,0.3920721198500128,0.5544169418586112,0.4863987853987522,0.4371559354382805,0.5298146672794044,0.4777573127634885,0.5412510250412189,0.461477056004391,0.4896047280015219,0.4452565253951456,0.512930230033956,0.6825465640540042,0.5243684966228478,0.5462674092382006,0.4868097485424985,0.5272765906957182,0.4956805472115487,1.8599465159694808,0.4353466676108205,0.4698681076481488,0.5530011807068943,0.5058201025113662,1.412086456811766,0.5776815736288989,0.4407030709722112,1.4901161193847656e-08,0.4443484711479037,0.4771704339708044,0.534150836365302,0.4483744182756425,0.4357719853076633,0.4571502069860687,0.5256421121250576,0.5923661497421542,0.6150154663316957,0.5437473287906407
