ISO_CODE,AE,AF,AM,AZ,BD,BH,BN,BT,CN,GE,HK,ID,IL,IN,IQ,JO,JP,KG,KH,KR,KW,KZ,LA,LB,LK,MM,MN,MO,MV,MY,NP,OM,PH,PK,PS,QA,SA,SG,TH,TJ,TM,TR,TW,UZ,VN,YE
AE,0.0,12.761516093853256,10.208594428838886,10.776711031064044,8.079787268913838,5.572410797752816,11.93695794448108,12.93811325842692,9.096723981273374,9.395969959550552,15.71472543487305,9.76897308668966,13.70262436933664,8.359845825801022,15.069551713813553,15.625083516437742,10.139649517752709,9.919843089887594,10.49680144719095,10.794246319894182,5.869788434456934,9.588337512038487,10.696620274157262,10.91310313695716,9.34676823181548,9.574908951507956,10.545729522471854,16.507415224719107,12.135300006609308,17.193564735710716,10.759798067649786,6.291564920165575,9.64509773496362,8.60135602842034,17.631931420545712,5.103674751203854,5.672126033005568,10.1276963757512,15.21987661752802,10.488350662329903,14.132758079186566,10.631903101378937,18.413064041395582,10.001160268685828,17.63916124544742,10.16782479935791
AF,12.761516093853256,0.0,14.872233872549003,14.736828823529374,12.992035156862707,13.293519117647056,17.13963823529404,16.85393897832811,14.073566176470544,14.563118141176387,19.59519392156855,14.184623415837056,16.36938627134716,14.15542776819164,15.801037470588192,17.46046899782127,15.035095701176438,13.507394411764638,15.338936721568578,15.067709294117584,12.918234666666644,13.856308907563005,15.190984611764636,14.114571287758348,15.39117081527348,14.461768653250736,15.331814382352984,20.454471176470523,15.556399999999924,20.63353575447564,15.157731133578467,12.877849009287903,15.179998235294056,12.619129588235277,17.797430630252045,12.69217243697481,11.80241233455881,15.87557098495209,18.81077987764703,14.042879411764645,18.4209594397757,13.799513905080168,21.58180926934965,13.8266743222506,20.560688317444143,12.32991663865542
AM,10.208594428838886,14.872233872549003,0.0,7.311696715686279,8.514674233333327,9.76738149999998,13.596365833333252,12.525845307017525,6.681093833333347,5.925203233333354,14.619494537036935,8.66969013846154,13.059419704301018,9.26050021111106,15.422387284313738,16.768936018518442,7.310211979999995,6.524600833333301,8.681395099999909,8.607491186274494,9.133976500000037,6.304062023809527,8.336361033333342,11.383935923423424,8.947054342105265,7.88009264035083,7.829342333333342,15.51896916666677,14.152757499999923,19.21623510869565,11.21573447916668,8.361725219298222,8.87310299999998,11.557954303921536,17.631232261904763,9.28198011904763,8.667199520833288,10.654797693798391,13.837094313333264,7.626865307017535,11.501846309523804,8.992899689393937,16.769536324561376,6.475648659420277,16.37652540229879,9.36968178571428
AZ,10.776711031064044,14.736828823529374,7.311696715686279,0.0,8.672297988235249,10.542302294117675,14.132537647058768,14.392746037151682,7.098246098039216,6.759505152941165,15.99480213507616,9.029263875565576,14.251261034155522,9.993431288453092,15.170957823529363,16.96542575163388,7.98275419058818,7.552671078431314,9.5287866274509,9.553890352941108,9.17346694117646,6.851854733893525,9.185094635294083,12.28144550079492,10.383519865841068,8.475489594427186,8.419317558823504,17.040179411764807,15.299687058823464,20.03035444501281,12.668873633578446,8.373758606811094,9.959087147058751,11.767231705882342,18.04217214285717,9.766792058823532,8.747274900735224,11.844153543091595,15.03032267764699,8.169033684210467,11.99511394957977,7.662729233957188,18.395861213622236,7.182491074168758,17.771918790060802,9.421834005602232
BD,8.079787268913838,12.992035156862707,8.514674233333327,8.672297988235249,0.0,7.636109866666701,12.670790309803875,11.846608894736834,6.179099666666644,7.844967733333338,15.540502970370294,8.066082274358934,14.082342561290252,6.859104229629598,15.424460937254878,16.681229577777724,7.4995696666666465,8.036995866666631,8.155702933333297,8.87475443137251,7.271353133333318,7.530148247619032,8.058153799999989,11.944439549549497,7.626508326315752,6.952548287719269,7.846464100000009,16.613518333333392,12.545083239215629,18.092887162318853,9.468586937499976,5.820403782456084,8.311257874509796,8.627273094117628,18.074991114285705,7.130971723809498,6.582864570833322,10.143295491472776,13.886109546666647,8.683908708771918,11.73147000952378,8.887402171212099,17.670263399999932,7.980346571014454,16.398122713793047,8.794582409523802
BH,5.572410797752816,13.293519117647056,9.76738149999998,10.542302294117675,7.636109866666701,0.0,11.949760647058746,12.579366578947344,9.036776000000057,9.533274199999996,15.798425814814756,9.813572469230795,13.438701548387073,8.49552451851853,14.546262470588204,15.171475888888851,9.972023519999984,9.48219466666665,10.488705133333296,10.834025941176485,5.28914033333336,9.351289476190503,10.500580200000002,11.094761216216218,9.43482721052636,9.41522757894738,10.512914500000074,16.449588000000077,11.922727941176378,17.41320334782612,11.137572520833338,5.451382263157939,9.77610161764706,9.342914470588264,16.82883314285717,4.849558714285706,5.61869143749999,10.391553697674436,14.88197867999994,10.40082721052628,14.334649666666664,10.580457795454558,18.27751131578946,9.492566652173904,17.473751086206907,9.868247190476202
BN,11.93695794448108,17.13963823529404,13.596365833333252,14.132537647058768,12.670790309803875,11.949760647058746,0.0,15.441036687306395,12.945283313725431,13.246128776470432,16.20042546840942,10.950637126244317,15.336029326375543,14.03695853943347,17.1866812352941,17.623046230936637,13.54457520705872,12.670663823529296,13.625708964705762,13.053604235294044,11.768256431372494,12.762359327731016,13.26969491764694,13.769015548489712,13.494916418988652,12.308872417956584,14.003497500000057,16.40043852941172,13.890047058823392,12.381564066496152,15.107429859068642,12.344367151702803,12.16501220588229,14.006479058823498,19.26671609243692,11.482083781512596,11.762282878676432,10.737132530779649,16.22578814588225,13.2863266253869,17.615775630251907,13.533324889037363,19.089964532507604,12.878021227621357,18.9677782302231,13.58649411764697
BT,12.93811325842692,16.85393897832811,12.525845307017525,14.392746037151682,11.846608894736834,12.579366578947344,15.441036687306395,0.0,11.814974684210508,12.557798189473605,17.60852432748527,12.670337714574876,16.640227835314015,11.944209714619808,18.69986414551089,20.048233528265005,12.498289707368311,12.076050964912248,12.681595621052566,12.863626780185696,12.77796456140346,12.17954293233082,12.676418421052558,14.833280014224794,11.93432807017543,11.820935736842086,13.04328123684212,17.97984105263159,14.927498297213532,20.677212068649823,10.959181365131606,12.190885263157892,12.209487544891603,14.188176253869967,21.03827086466172,12.266013721804503,12.51360947697367,13.097564418604543,16.747749783157836,12.885823684210486,16.57616428571421,13.957535116028652,19.24728326315778,12.623907665903856,18.25735502994548,13.583658320801993
CN,9.096723981273374,14.073566176470544,6.681093833333347,7.098246098039216,6.179099666666644,9.036776000000057,12.945283313725431,11.814974684210508,0.0,5.72576846666669,14.180823888888774,6.123027464102535,13.864913806451495,6.598659399999951,15.280735960784272,17.00502114814806,3.3216882133332937,6.547028666666685,6.809274199999993,6.809089549019603,7.887651000000059,5.479672047619052,6.065227933333351,11.719522891891875,7.674150298245636,5.515548807017513,6.232254500000035,15.088307,14.471010529411693,18.945700304347803,10.370952395833324,5.593387385964888,7.297487147058776,10.14221296078429,18.31349857142853,8.046789523809531,6.57586935416667,9.749893124030995,12.890505786666608,6.888546157894749,8.335165000000025,7.512434401515137,16.318057105263065,5.9259026231884,15.364524419540194,7.46325414285715
GE,9.395969959550552,14.563118141176387,5.925203233333354,6.759505152941165,7.844967733333338,9.533274199999996,13.246128776470432,12.557798189473605,5.72576846666669,0.0,14.55332191111097,8.125233099999999,12.917893296774103,8.511762874074066,15.246085352941147,16.4225343703702,6.675274280000012,7.213656200000006,7.96443253333332,8.110211741176471,8.569604533333353,6.3852595619047845,7.961341200000025,10.756272875675672,8.34870322807023,7.129288936842124,6.7786065,15.53794639999986,13.793166282352802,19.24043280000001,10.923822279166655,7.615724757894711,7.893565829411762,10.919798823529405,17.513368828571274,8.656037342857129,8.051981937499997,10.345128920930213,13.326624159999923,7.662603473684203,10.850385123809438,8.412820686363647,16.85583484210519,6.84568380869567,15.730969934482784,8.934671980952398
HK,15.71472543487305,19.59519392156855,14.619494537036935,15.99480213507616,15.540502970370294,15.798425814814756,16.20042546840942,17.60852432748527,14.180823888888774,14.55332191111097,0.0,14.573176565526987,15.45010435483866,16.150664696296197,19.031416699346384,18.794126666666592,14.11539631851841,14.146690555555422,14.486682296296197,12.597310400871386,15.421726222222082,13.669235714285616,14.096022725925758,15.566983243243197,15.531636042884934,13.463153167641236,15.218687314814703,8.099094814814778,17.346542113289583,17.438458270531395,16.383248090277718,15.90091150097459,14.348543782135051,18.074504485838737,20.746639232804093,15.217171190476192,15.389354256944443,11.272670904392667,14.100321921481411,15.195411267056382,18.604097248677014,15.87494749915817,9.116936140350797,14.198580434782476,15.363043275223491,15.76300756613746
ID,9.76897308668966,14.184623415837056,8.66969013846154,9.029263875565576,8.066082274358934,9.813572469230795,10.950637126244317,12.670337714574876,6.123027464102535,8.125233099999999,14.573176565526987,0.0,13.480803471215824,8.337134134188004,15.171872480090457,16.67306285669509,6.593624109230758,7.873622889743572,8.879136002564085,8.054244773303132,8.693866617948693,7.18232000989009,7.79124716153849,11.712865180249445,9.571641783940589,7.530214563157892,8.9693931076923,15.851870484615407,14.223295126244302,16.867186066555163,11.606813271474326,7.613975405263129,8.283221314027125,11.042894689140246,17.688437818681283,8.850380420879086,7.4172139105769075,9.656804230590316,13.427455346153817,8.352761707287435,11.430557414285683,8.54038481573422,16.835178390688196,7.482382439799313,16.246478317771835,8.482100820146503
IL,13.70262436933664,16.36938627134716,13.059419704301018,14.251261034155522,14.082342561290252,13.438701548387073,15.336029326375543,16.640227835314015,13.864913806451495,12.917893296774103,15.45010435483866,13.480803471215824,0.0,15.17453899928311,15.086113127134636,14.040016481481404,14.273492314838624,12.49212161290306,14.614427150537534,13.315442104364209,12.5976239462365,12.291139700460684,14.278402548386971,10.76787886224928,14.746454173740762,13.824719191850471,14.430496629032078,16.279636451612788,15.7136188899429,18.786385030855516,15.80541406922038,13.801465628183246,13.803313054079624,15.50028619354836,13.55638852534556,12.587832741935443,12.654857973790302,12.801432366841638,16.123159925161175,13.771542215619515,17.7993730491549,13.095912843841583,17.302549916808058,12.854541998597329,17.52036013959946,12.076505906297916
IN,8.359845825801022,14.15542776819164,9.26050021111106,9.993431288453092,6.859104229629598,8.49552451851853,14.03695853943347,11.944209714619808,6.598659399999951,8.511762874074066,16.150664696296197,8.337134134188004,15.17453899928311,0.0,16.891114114596895,18.319864637036986,7.50151150222217,8.633558059259201,9.08264925925921,9.38920231372546,8.107117355555527,7.89987530793646,8.834303407407372,13.099003283283224,7.849822205847902,7.954158346978524,9.124365099999965,17.37986582222225,14.092262074073975,19.352805106280133,9.186290118981432,6.204646690838171,9.086677504357263,9.72437225533764,19.56332466031732,7.607393170370319,7.276562193055534,11.060070103359106,14.495021571851844,9.284781881091533,11.631911374603067,9.846296589057223,18.459308237426853,8.577413460869511,17.23610003512128,9.765456920634868
IQ,15.069551713813553,15.801037470588192,15.422387284313738,15.170957823529363,15.424460937254878,14.546262470588204,17.1866812352941,18.69986414551089,15.280735960784272,15.246085352941147,19.031416699346384,15.171872480090457,15.086113127134636,16.891114114596895,0.0,12.62325087799558,15.732773256470546,14.274320627450976,16.166430874509714,15.318521352941104,13.246240686274463,14.542950971988793,15.703201211764664,12.44501943243243,16.525455901960772,15.005741281733728,16.427361558823563,19.99018176470599,17.893727117646996,20.559373757033224,17.71820449877448,14.666368448916405,15.911902705882298,16.307659352941133,14.230935714285726,14.27282494957983,13.558727158088248,15.89946845554023,18.3504232635294,15.602185854489155,19.5370066806723,14.1776154692513,20.471796894736773,14.587950094629148,19.82564426470578,12.103985067226864
JO,15.625083516437742,17.46046899782127,16.768936018518442,16.96542575163388,16.681229577777724,15.171475888888851,17.623046230936637,20.048233528265005,17.00502114814806,16.4225343703702,18.794126666666592,16.67306285669509,14.040016481481404,18.319864637036986,12.62325087799558,0.0,17.4083643866666,15.825141296296175,17.32958585185171,16.721711342047865,13.888192740740644,15.961415873015795,16.97507263703688,12.438487137137049,17.54807066276795,16.147915830409293,17.583515722222113,19.42592537037025,17.71488858387779,20.68997907890496,18.89224061342582,15.887743255360562,17.123869405228724,17.522089372549036,12.265719550264514,14.82692190476193,14.56919308564814,16.329306623600218,18.728324337777707,17.06963502923963,20.986363650793407,15.624601143939358,20.431588962962856,16.081560885668136,20.27303018965509,14.109506719576656
JP,10.139649517752709,15.035095701176438,7.310211979999995,7.98275419058818,7.4995696666666465,9.972023519999984,13.54457520705872,12.498289707368311,3.3216882133332937,6.675274280000012,14.11539631851841,6.593624109230758,14.273492314838624,7.50151150222217,15.732773256470546,17.4083643866666,0.0,6.643586586666646,7.683704279999962,6.270474849411723,8.977637879999966,5.411447636190458,6.26163604000001,12.33066288540529,8.658196827368368,6.216314690526275,7.054073340000003,14.946831639999951,15.231616849411658,19.213900666086836,11.375573842499938,7.010282258947302,7.842351362352881,11.246757738823478,18.83908713142842,9.209370228571371,7.543633772499981,10.09634780930222,12.484701359999947,7.22078782105261,8.701754870476183,7.803207235454502,15.868025345263078,5.801593879999975,15.433802853103394,8.162572950476184
KG,9.919843089887594,13.507394411764638,6.524600833333301,7.552671078431314,8.036995866666631,9.48219466666665,12.670663823529296,12.076050964912248,6.547028666666685,7.213656200000006,14.146690555555422,7.873622889743572,12.49212161290306,8.633558059259201,14.274320627450976,15.825141296296175,6.643586586666646,0.0,8.400171933333235,7.751859745098001,8.646171000000036,4.082369761904749,7.744356466666651,11.301430045045072,9.1591500877193,7.077354526315726,7.800364833333274,14.806658333333448,14.009552254901864,18.573303086956503,11.267466145833309,8.036725175438503,8.773042764705846,11.298337078431333,16.9633047619048,8.843789761904755,7.98647939583326,10.032843217054186,12.814718439999911,5.675303947368381,10.643380238095222,8.396054931818167,16.156980192982395,4.268001521739117,15.52889114367815,8.389082619047588
KH,10.49680144719095,15.338936721568578,8.681395099999909,9.5287866274509,8.155702933333297,10.488705133333296,13.625708964705762,12.681595621052566,6.809274199999993,7.96443253333332,14.486682296296197,8.879136002564085,14.614427150537534,9.08264925925921,16.166430874509714,17.32958585185171,7.683704279999962,8.400171933333235,0.0,8.592059129411709,9.803602933333275,7.872064857142782,7.2173033333332866,12.789648428828787,8.367152842105192,6.290629624561351,7.669596366666605,15.413565133333272,14.36771283921556,18.66453856231881,11.030618437499982,8.766986147368346,8.684696223529375,11.56883006666663,18.95322612380949,9.456549685714275,9.035389854166644,10.4231216155038,12.73420159999996,9.34713540350868,12.163910571428437,10.053714383333272,16.846229817543826,8.382145692753536,15.481721934482705,9.868758152380884
KR,10.794246319894182,15.067709294117584,8.607491186274494,9.553890352941108,8.87475443137251,10.834025941176485,13.053604235294044,12.863626780185696,6.809089549019603,8.110211741176471,12.597310400871386,8.054244773303132,13.315442104364209,9.38920231372546,15.318521352941104,16.721711342047865,6.270474849411723,7.751859745098001,8.592059129411709,0.0,9.795231215686218,6.898398666666641,7.406020094117648,12.186010372019078,9.543548472652182,7.278916294117606,8.389417911764683,14.032919470588292,14.952736823529332,17.896817171355437,11.943763518382369,8.98219699690396,8.750645529411734,12.271247529411744,18.292018176470638,10.005876571428567,8.998081275735258,9.883041775649676,11.30617817882352,8.729531541795636,11.709316532212831,8.755094482620278,14.4221194674922,7.72047737084396,13.834897540567932,9.568345815126015
KW,5.869788434456934,12.918234666666644,9.133976500000037,9.17346694117646,7.271353133333318,5.28914033333336,11.768256431372494,12.77796456140346,7.887651000000059,8.569604533333353,15.421726222222082,8.693866617948693,12.5976239462365,8.107117355555527,13.246240686274463,13.888192740740644,8.977637879999966,8.646171000000036,9.803602933333275,9.795231215686218,0.0,8.09080333333336,9.355981466666668,10.056346360360369,8.866305614035106,8.592815912280672,9.47401349999999,16.227339666666595,12.585876078431342,17.260247797101492,11.109305270833332,5.133266771929806,8.773961568627428,9.450360745098036,15.711097476190474,4.4662870476190335,4.441583937499951,10.022535271317844,14.414169733333257,9.306960456140349,13.027432761904642,9.203802325757575,18.07652835087713,8.583819217391339,17.12875613218387,8.396947428571451
KZ,9.588337512038487,13.856308907563005,6.304062023809527,6.851854733893525,7.530148247619032,9.351289476190503,12.762359327731016,12.17954293233082,5.479672047619052,6.3852595619047845,13.669235714285616,7.18232000989009,12.291139700460684,7.89987530793646,14.542950971988793,15.961415873015795,5.411447636190458,4.082369761904749,7.872064857142782,6.898398666666641,8.09080333333336,0.0,6.739371961904763,11.002629395109402,8.548070551378427,6.5698632355889215,6.996543976190467,14.891911904762026,14.215368123249212,18.365573341614912,11.075536413690456,7.050198671679119,8.057048837534984,11.052282742296848,17.200780238095252,8.501946666666669,7.304823663690444,9.74605570321148,12.341399184761851,5.718881203007505,9.617181904761855,7.558986455627689,15.770636897243076,4.080311200828169,15.293238603448245,7.728555238095228
LA,10.696620274157262,15.190984611764636,8.336361033333342,9.185094635294083,8.058153799999989,10.500580200000002,13.26969491764694,12.676418421052558,6.065227933333351,7.961341200000025,14.096022725925758,7.79124716153849,14.278402548386971,8.834303407407372,15.703201211764664,16.97507263703688,6.26163604000001,7.744356466666651,7.2173033333332866,7.406020094117648,9.355981466666668,6.739371961904763,0.0,12.393799329729754,9.134379305263172,6.203098368421033,7.637912700000002,15.110859999999931,14.69379487058807,18.405577878260832,11.71534215416669,8.223851768420992,8.348866629411756,11.902499894117604,18.63467174285704,9.56071439999998,8.583757837499988,10.36017960930226,9.213167479999926,8.525618652631563,11.18160559999993,8.998205786363638,15.945787410526224,7.421920260869551,14.83703955517242,9.461625828571432
LB,10.91310313695716,14.114571287758348,11.383935923423424,12.28144550079492,11.944439549549497,11.094761216216218,13.769015548489712,14.833280014224794,11.719522891891875,10.756272875675672,15.566983243243197,11.712865180249445,10.76787886224928,13.099003283283224,12.44501943243243,12.438487137137049,12.33066288540529,11.301430045045072,12.789648428828787,12.186010372019078,10.056346360360369,11.002629395109402,12.393799329729754,0.0,12.442652503556234,11.87366797012798,12.451211364864973,16.680329459459642,14.295887344992098,17.837810103407737,13.955853516328828,11.321955889046963,11.573314775039718,13.152113667726493,13.93172079150579,9.988523397683409,10.371778940878338,12.116909654305385,15.377914569729626,12.2593769274538,15.9552903217505,11.100655272113,17.77348641820767,11.473231750881316,17.35757854659829,9.998569292149316
LK,9.34676823181548,15.39117081527348,8.947054342105265,10.383519865841068,7.626508326315752,9.43482721052636,13.494916418988652,11.93432807017543,7.674150298245636,8.34870322807023,15.531636042884934,9.571641783940589,14.746454173740762,7.849822205847902,16.525455901960772,17.54807066276795,8.658196827368368,9.1591500877193,8.367152842105192,9.543548472652182,8.866305614035106,8.548070551378427,9.134379305263172,12.442652503556234,0.0,7.68259815789467,8.704863973684224,16.359887982456264,13.401760794633676,18.585923229595718,9.797203349780704,7.981898947368394,9.120106736326068,10.80135304643963,19.204734674185534,8.471728558897228,8.821210571271893,10.327579457364305,13.65697409894732,10.125082631578923,12.840162581453612,10.487410276315773,17.77423856140347,9.123674134248658,16.481070434664222,10.509906791979978
MM,9.574908951507956,14.461768653250736,7.88009264035083,8.475489594427186,6.952548287719269,9.41522757894738,12.308872417956584,11.820935736842086,5.515548807017513,7.129288936842124,13.463153167641236,7.530214563157892,13.824719191850471,7.954158346978524,15.005741281733728,16.147915830409293,6.216314690526275,7.077354526315726,6.290629624561351,7.278916294117606,8.592815912280672,6.5698632355889215,6.203098368421033,11.87366797012798,7.68259815789467,0.0,6.847084815789446,14.39888715789477,13.838996708978271,17.552592276887893,10.349539547149092,7.340067105263075,7.651192849845161,10.566712052631573,17.939372541353347,8.737082864661637,7.773951101973683,9.354757100367117,11.147945909473677,8.195116999999946,11.070472017543782,8.979806960526293,15.752553842105234,7.104758990846629,14.42259846733214,8.854271080200474
MN,10.545729522471854,15.331814382352984,7.829342333333342,8.419317558823504,7.846464100000009,10.512914500000074,14.003497500000057,13.04328123684212,6.232254500000035,6.7786065,15.218687314814703,8.9693931076923,14.430496629032078,9.124365099999965,16.427361558823563,17.583515722222113,7.054073340000003,7.800364833333274,7.669596366666605,8.389417911764683,9.47401349999999,6.996543976190467,7.637912700000002,12.451211364864973,8.704863973684224,6.847084815789446,0.0,16.329603500000175,14.737092382353003,19.677869804347846,11.207014604166686,8.299356236842046,8.695599676470582,11.509622911764662,18.898188071428624,9.50257592857144,8.912186937499982,10.957584430232458,13.663327699999956,8.737819131578942,11.368506500000157,9.481251204545446,17.320651078947318,7.553878586956468,16.179481517241364,10.03023111904768
MO,16.507415224719107,20.454471176470523,15.51896916666677,17.040179411764807,16.613518333333392,16.449588000000077,16.40043852941172,17.97984105263159,15.088307,15.53794639999986,8.099094814814778,15.851870484615407,16.279636451612788,17.37986582222225,19.99018176470599,19.42592537037025,14.946831639999951,14.806658333333448,15.413565133333272,14.032919470588292,16.227339666666595,14.891911904762026,15.110859999999931,16.680329459459642,16.359887982456264,14.39888715789477,16.329603500000175,0.0,17.313837352941118,18.58988426086957,17.264024895833394,16.802635000000127,15.154279647058846,19.056175176470592,21.58527142857152,15.903331428571551,16.353848187500056,12.47915069767432,15.181889279999938,15.870732105263228,19.622450476190583,16.83568097727275,11.241532631578936,15.107131304347872,16.447224879310365,16.84271714285725
MV,12.135300006609308,15.556399999999924,14.152757499999923,15.299687058823464,12.545083239215629,11.922727941176378,13.890047058823392,14.927498297213532,14.471010529411693,13.793166282352802,17.346542113289583,14.223295126244302,15.7136188899429,14.092262074073975,17.893727117646996,17.71488858387779,15.231616849411658,14.009552254901864,14.36771283921556,14.952736823529332,12.585876078431342,14.215368123249212,14.69379487058807,14.295887344992098,13.401760794633676,13.838996708978271,14.737092382353003,17.313837352941118,0.0,18.398877360613785,14.015844442401976,12.83465551083596,13.893452499999928,13.60200005882348,18.685103319327684,11.814422394957978,12.418055525735266,12.876971354309012,17.570776051764597,14.342964705882226,19.00282745098017,15.005239897058775,19.39530754798751,14.401271611253046,19.26084903144005,14.299763473389262
MY,17.193564735710716,20.63353575447564,19.21623510869565,20.03035444501281,18.092887162318853,17.41320334782612,12.381564066496152,20.677212068649823,18.945700304347803,19.24043280000001,17.438458270531395,16.867186066555163,18.786385030855516,19.352805106280133,20.559373757033224,20.68997907890496,19.213900666086836,18.573303086956503,18.66453856231881,17.896817171355437,17.260247797101492,18.365573341614912,18.405577878260832,17.837810103407737,18.585923229595718,17.552592276887893,19.677869804347846,18.58988426086957,18.398877360613785,0.0,19.62683108605074,18.166386073226604,18.03851320332479,18.76478659590795,22.39331211801237,16.783204875776367,17.369750850543422,14.046243563195151,18.7772449095651,19.35414768421052,23.247419320910893,19.066070024703507,19.59203778947368,18.70575660869567,20.72632055847075,18.79327670393377
NP,10.759798067649786,15.157731133578467,11.21573447916668,12.668873633578446,9.468586937499976,11.137572520833338,15.107429859068642,10.959181365131606,10.370952395833324,10.923822279166655,16.383248090277718,11.606813271474326,15.80541406922038,9.186290118981432,17.71820449877448,18.89224061342582,11.375573842499938,11.267466145833309,11.030618437499982,11.943763518382369,11.109305270833332,11.075536413690456,11.71534215416669,13.955853516328828,9.797203349780704,10.349539547149092,11.207014604166686,17.264024895833394,14.015844442401976,19.62683108605074,0.0,10.556028196271935,10.438171699754882,11.761764214460792,20.128675342261925,10.27685706845237,11.048328458333318,11.8158351962209,15.888360104166596,12.181880619517528,15.150009181547652,12.826307380681818,18.371609547149102,11.431330375905793,17.184904959051703,12.50653296130957
OM,6.291564920165575,12.877849009287903,8.361725219298222,8.373758606811094,5.820403782456084,5.451382263157939,12.344367151702803,12.190885263157892,5.593387385964888,7.615724757894711,15.90091150097459,7.613975405263129,13.801465628183246,6.204646690838171,14.666368448916405,15.887743255360562,7.010282258947302,8.036725175438503,8.766986147368346,8.98219699690396,5.133266771929806,7.050198671679119,8.223851768420992,11.321955889046963,7.981898947368394,7.340067105263075,8.299356236842046,16.802635000000127,12.83465551083596,18.166386073226604,10.556028196271935,0.0,8.540353743034009,8.719361151702751,17.494557481203035,5.204448609022524,4.203196082236803,10.387406891064826,14.099001075789388,8.150595263157797,11.312308295739337,8.663023941387534,18.234957789473658,7.574114256292817,16.620464728675127,8.003222330826993
PH,9.64509773496362,15.179998235294056,8.87310299999998,9.959087147058751,8.311257874509796,9.77610161764706,12.16501220588229,12.209487544891603,7.297487147058776,7.893565829411762,14.348543782135051,8.283221314027125,13.803313054079624,9.086677504357263,15.911902705882298,17.123869405228724,7.842351362352881,8.773042764705846,8.684696223529375,8.750645529411734,8.773961568627428,8.057048837534984,8.348866629411756,11.573314775039718,9.120106736326068,7.651192849845161,8.695599676470582,15.154279647058846,13.893452499999928,18.03851320332479,10.438171699754882,8.540353743034009,0.0,11.196937235294094,18.507450407563024,8.900201970588205,8.75544301838234,9.67917333994524,13.346828698823495,9.559103222910146,12.34590587394945,9.559012536096247,16.715179404024695,8.53384657544755,15.566886179513114,10.22245257142851
PK,8.60135602842034,12.619129588235277,11.557954303921536,11.767231705882342,8.627273094117628,9.342914470588264,14.006479058823498,14.188176253869967,10.14221296078429,10.919798823529405,18.074504485838737,11.042894689140246,15.50028619354836,9.72437225533764,16.307659352941133,17.522089372549036,11.246757738823478,11.298337078431333,11.56883006666663,12.271247529411744,9.450360745098036,11.052282742296848,11.902499894117604,13.152113667726493,10.80135304643963,10.566712052631573,11.509622911764662,19.056175176470592,13.60200005882348,18.76478659590795,11.761764214460792,8.719361151702751,11.196937235294094,0.0,18.910789470588195,9.035610655462182,8.257668886029379,12.57528619972637,17.01728857882353,11.724946294117592,15.37593270308118,11.548132528074849,20.28433261609902,11.350611329923249,19.298282717038514,11.097191344537777
PS,17.631931420545712,17.797430630252045,17.631232261904763,18.04217214285717,18.074991114285705,16.82883314285717,19.26671609243692,21.03827086466172,18.31349857142853,17.513368828571274,20.746639232804093,17.688437818681283,13.55638852534556,19.56332466031732,14.230935714285726,12.265719550264514,18.83908713142842,16.9633047619048,18.95322612380949,18.292018176470638,15.711097476190474,17.200780238095252,18.63467174285704,13.93172079150579,19.204734674185534,17.939372541353347,18.898188071428624,21.58527142857152,18.685103319327684,22.39331211801237,20.128675342261925,17.494557481203035,18.507450407563024,18.910789470588195,0.0,16.743720000000053,16.318133241071415,18.393774933554724,20.564406399999918,18.45745883458649,22.17684071428581,16.675999879870066,22.09249875939846,17.32983704968941,21.611573140394047,14.502286428571455
QA,5.103674751203854,12.69217243697481,9.28198011904763,9.766792058823532,7.130971723809498,4.849558714285706,11.482083781512596,12.266013721804503,8.046789523809531,8.656037342857129,15.217171190476192,8.850380420879086,12.587832741935443,7.607393170370319,14.27282494957983,14.82692190476193,9.209370228571371,8.843789761904755,9.456549685714275,10.005876571428567,4.4662870476190335,8.501946666666669,9.56071439999998,9.988523397683409,8.471728558897228,8.737082864661637,9.50257592857144,15.903331428571551,11.814422394957978,16.783204875776367,10.27685706845237,5.204448609022524,8.900201970588205,9.035610655462182,16.743720000000053,0.0,5.030082116071377,9.665503222591378,14.147900342857104,9.582484135338332,13.175000238095269,9.678532022727222,17.70336416541351,8.941854503105555,16.899066647783233,8.851201666666691
SA,5.672126033005568,11.80241233455881,8.667199520833288,8.747274900735224,6.582864570833322,5.61869143749999,11.762282878676432,12.51360947697367,6.57586935416667,8.051981937499997,15.389354256944443,7.4172139105769075,12.654857973790302,7.276562193055534,13.558727158088248,14.56919308564814,7.543633772499981,7.98647939583326,9.035389854166644,8.998081275735258,4.441583937499951,7.304823663690444,8.583757837499988,10.371778940878338,8.821210571271893,7.773951101973683,8.912186937499982,16.353848187500056,12.418055525735266,17.369750850543422,11.048328458333318,4.203196082236803,8.75544301838234,8.257668886029379,16.318133241071415,5.030082116071377,0.0,10.280545007267378,14.002379757499993,8.202953976973642,11.939682419642851,8.499404642045446,17.706960674342074,7.674086899456474,16.80375236422414,7.24485796130948
SG,10.1276963757512,15.87557098495209,10.654797693798391,11.844153543091595,10.143295491472776,10.391553697674436,10.737132530779649,13.097564418604543,9.749893124030995,10.345128920930213,11.272670904392667,9.656804230590316,12.801432366841638,11.060070103359106,15.89946845554023,16.329306623600218,10.09634780930222,10.032843217054186,10.4231216155038,9.883041775649676,10.022535271317844,9.74605570321148,10.36017960930226,12.116909654305385,10.327579457364305,9.354757100367117,10.957584430232458,12.47915069767432,12.876971354309012,14.046243563195151,11.8158351962209,10.387406891064826,9.67917333994524,12.57528619972637,18.393774933554724,9.665503222591378,10.280545007267378,0.0,12.589230175813832,11.07501167686645,14.725588039866842,11.607844834566569,14.032322271725729,10.169402315470109,15.207053563351996,11.833717165005472
TH,15.21987661752802,18.81077987764703,13.837094313333264,15.03032267764699,13.886109546666647,14.88197867999994,16.22578814588225,16.747749783157836,12.890505786666608,13.326624159999923,14.100321921481411,13.427455346153817,16.123159925161175,14.495021571851844,18.3504232635294,18.728324337777707,12.484701359999947,12.814718439999911,12.73420159999996,11.30617817882352,14.414169733333257,12.341399184761851,9.213167479999926,15.377914569729626,13.65697409894732,11.147945909473677,13.663327699999956,15.181889279999938,17.570776051764597,18.7772449095651,15.888360104166596,14.099001075789388,13.346828698823495,17.01728857882353,20.564406399999918,14.147900342857104,14.002379757499993,12.589230175813832,0.0,14.021305315789398,17.256316918095198,14.09461245545455,15.218800061052576,12.775296954782569,15.269187694482708,14.313436462857087
TJ,10.488350662329903,14.042879411764645,7.626865307017535,8.169033684210467,8.683908708771918,10.40082721052628,13.2863266253869,12.885823684210486,6.888546157894749,7.662603473684203,15.195411267056382,8.352761707287435,13.771542215619515,9.284781881091533,15.602185854489155,17.06963502923963,7.22078782105261,5.675303947368381,9.34713540350868,8.729531541795636,9.306960456140349,5.718881203007505,8.525618652631563,12.2593769274538,10.125082631578923,8.195116999999946,8.737819131578942,15.870732105263228,14.342964705882226,19.35414768421052,12.181880619517528,8.150595263157797,9.559103222910146,11.724946294117592,18.45745883458649,9.582484135338332,8.202953976973642,11.07501167686645,14.021305315789398,0.0,11.25046641604005,9.07180515909088,17.286248631578886,5.295391533180752,17.06279310798544,8.736887669172903
TM,14.132758079186566,18.4209594397757,11.501846309523804,11.99511394957977,11.73147000952378,14.334649666666664,17.615775630251907,16.57616428571421,8.335165000000025,10.850385123809438,18.604097248677014,11.430557414285683,17.7993730491549,11.631911374603067,19.5370066806723,20.986363650793407,8.701754870476183,10.643380238095222,12.163910571428437,11.709316532212831,13.027432761904642,9.617181904761855,11.18160559999993,15.9552903217505,12.840162581453612,11.070472017543782,11.368506500000157,19.622450476190583,19.00282745098017,23.247419320910893,15.150009181547652,11.312308295739337,12.34590587394945,15.37593270308118,22.17684071428581,13.175000238095269,11.939682419642851,14.725588039866842,17.256316918095198,11.25046641604005,0.0,12.038747070346224,20.63892994987452,10.231228778467798,19.649855536124697,11.960023809523786
TR,10.631903101378937,13.799513905080168,8.992899689393937,7.662729233957188,8.887402171212099,10.580457795454558,13.533324889037363,13.957535116028652,7.512434401515137,8.412820686363647,15.87494749915817,8.54038481573422,13.095912843841583,9.846296589057223,14.1776154692513,15.624601143939358,7.803207235454502,8.396054931818167,10.053714383333272,8.755094482620278,9.203802325757575,7.558986455627689,8.998205786363638,11.100655272113,10.487410276315773,8.979806960526293,9.481251204545446,16.83568097727275,15.005239897058775,19.066070024703507,12.826307380681818,8.663023941387534,9.559012536096247,11.548132528074849,16.675999879870066,9.678532022727222,8.499404642045446,11.607844834566569,14.09461245545455,9.07180515909088,12.038747070346224,0.0,18.028747422248784,8.06361150098814,16.70075505250779,8.827303291125535
TW,18.413064041395582,21.58180926934965,16.769536324561376,18.395861213622236,17.670263399999932,18.27751131578946,19.089964532507604,19.24728326315778,16.318057105263065,16.85583484210519,9.116936140350797,16.835178390688196,17.302549916808058,18.459308237426853,20.471796894736773,20.431588962962856,15.868025345263078,16.156980192982395,16.846229817543826,14.4221194674922,18.07652835087713,15.770636897243076,15.945787410526224,17.77348641820767,17.77423856140347,15.752553842105234,17.320651078947318,11.241532631578936,19.39530754798751,19.59203778947368,18.371609547149102,18.234957789473658,16.715179404024695,20.28433261609902,22.09249875939846,17.70336416541351,17.706960674342074,14.032322271725729,15.218800061052576,17.286248631578886,20.63892994987452,18.028747422248784,0.0,16.039959135011415,15.665099696007264,17.71020525313279
UZ,10.001160268685828,13.8266743222506,6.475648659420277,7.182491074168758,7.980346571014454,9.492566652173904,12.878021227621357,12.623907665903856,5.9259026231884,6.84568380869567,14.198580434782476,7.482382439799313,12.854541998597329,8.577413460869511,14.587950094629148,16.081560885668136,5.801593879999975,4.268001521739117,8.382145692753536,7.72047737084396,8.583819217391339,4.080311200828169,7.421920260869551,11.473231750881316,9.123674134248658,7.104758990846629,7.553878586956468,15.107131304347872,14.401271611253046,18.70575660869567,11.431330375905793,7.574114256292817,8.53384657544755,11.350611329923249,17.32983704968941,8.941854503105555,7.674086899456474,10.169402315470109,12.775296954782569,5.295391533180752,10.231228778467798,8.06361150098814,16.039959135011415,0.0,15.620083873313344,8.080462173913029
VN,17.63916124544742,20.560688317444143,16.37652540229879,17.771918790060802,16.398122713793047,17.473751086206907,18.9677782302231,18.25735502994548,15.364524419540194,15.730969934482784,15.363043275223491,16.246478317771835,17.52036013959946,17.23610003512128,19.82564426470578,20.27303018965509,15.433802853103394,15.52889114367815,15.481721934482705,13.834897540567932,17.12875613218387,15.293238603448245,14.83703955517242,17.35757854659829,16.481070434664222,14.42259846733214,16.179481517241364,16.447224879310365,19.26084903144005,20.72632055847075,17.184904959051703,16.620464728675127,15.566886179513114,19.298282717038514,21.611573140394047,16.899066647783233,16.80375236422414,15.207053563351996,15.269187694482708,17.06279310798544,19.649855536124697,16.70075505250779,15.665099696007264,15.620083873313344,0.0,16.581553458949077
YE,10.16782479935791,12.32991663865542,9.36968178571428,9.421834005602232,8.794582409523802,9.868247190476202,13.58649411764697,13.583658320801993,7.46325414285715,8.934671980952398,15.76300756613746,8.482100820146503,12.076505906297916,9.765456920634868,12.103985067226864,14.109506719576656,8.162572950476184,8.389082619047588,9.868758152380884,9.568345815126015,8.396947428571451,7.728555238095228,9.461625828571432,9.998569292149316,10.509906791979978,8.854271080200474,10.03023111904768,16.84271714285725,14.299763473389262,18.79327670393377,12.50653296130957,8.003222330826993,10.22245257142851,11.097191344537777,14.502286428571455,8.851201666666691,7.24485796130948,11.833717165005472,14.313436462857087,8.736887669172903,11.960023809523786,8.827303291125535,17.71020525313279,8.080462173913029,16.581553458949077,0.0
