ISO_CODE,AG,AI,AR,AW,BB,BM,BO,BQ,BR,BS,BZ,CA,CL,CO,CR,CW,DM,DO,EC,GD,GF,GL,GP,GT,GY,HN,HT,JM,KN,KY,LC,MQ,MS,MX,NI,PA,PE,PM,PR,PY,SR,SV,SX,TC,TT,US,UY,VC,VE,VG,VI
AG,0.0,9.000791788856304,6.208931548387078,6.69370679723503,4.525909475806436,7.965237386269612,5.923847237903227,10.48172782258064,6.107341769230748,4.649892847124822,4.806760522273407,4.718921687237012,5.901941389578139,5.042690709677398,8.056402922776094,5.13375241935482,6.040158900836314,4.94370073313781,5.561034571847491,4.519510496671781,5.299243988269796,6.418145574855233,5.310029838709671,5.244551210782104,4.683752770885032,5.065258691244225,5.391139822580634,4.540929706744857,6.44614734088927,5.933166556945362,4.250612903225802,5.133395878136187,17.65573271889402,6.082204148076142,5.210452753456212,4.978033497453279,5.390829503506282,13.316928692699486,8.581589949066187,6.894818643263723,5.322267546432063,5.488459928315402,6.402652136006971,7.267450418160098,5.980129783473259,4.862272494574759,6.134106683870975,4.439493599590367,5.070609263027278,10.43822379032258,8.900884315906538
AI,9.000791788856304,0.0,9.064529501466248,9.83819318181818,8.705243749999994,10.606552447552424,8.548959630681834,10.47649431818184,8.986624553846129,8.721937549407086,8.714534632034582,8.177357996047396,8.611846293706263,8.229827771260982,10.04620212121205,8.903535606060583,7.985767676767679,8.112479454545428,8.49487318181818,8.878301587301594,8.774454545454564,9.227958041958033,8.293051363636335,8.192862029887868,8.478183449883463,8.110582233766198,8.767534590909102,8.168666363636337,9.435319410319408,9.194441558441577,8.648563049853365,8.241226767676771,21.01294805194805,8.708753175246411,8.178012175324675,8.540181196172217,8.464044695652158,16.48024880382775,10.854299138755977,9.320851256684458,8.79842727272729,8.36218792929293,8.720759213759216,8.760323232323238,9.25256276463262,8.351169959090871,8.873603854545452,8.57266666666667,8.200992062937031,11.455232954545478,10.008200626959235
AR,6.208931548387078,9.064529501466248,0.0,6.225511801843306,4.749939411290303,8.496025336641823,2.456669497983868,9.43610795161288,2.7809502446650023,4.4394647096774005,4.063442254992297,3.767444037868145,2.42745060049627,2.742690967741928,4.336110615835771,4.425900354838692,6.663989471923506,3.0413287507331246,2.413142636363625,5.805305756272383,4.718262709677392,6.588060871794842,4.0858368064515975,2.696374431285888,4.263301396195179,2.906059041474643,4.599499951612883,4.386710639296166,7.982349306015671,6.824409655036191,5.231738516129004,3.784219928315379,16.509450175115195,2.323095266614837,3.0966948778801706,3.5722868726655213,2.7410753660588965,12.058397803056009,5.533068916808137,2.739107223908906,3.841420684261963,2.5868021971326063,6.684505931996485,7.785993775388262,4.780182149359243,3.8450934936950025,2.046336619354841,5.595604979006637,3.114846325062019,10.254065596774169,9.239818591768598
AW,6.69370679723503,9.83819318181818,6.225511801843306,0.0,6.789384821428559,7.984083791208799,6.247633035714286,10.696616071428574,6.515642767032951,6.598156677018628,6.499358333333319,6.881258509316747,6.417165989010974,6.551517442396301,7.59906015151509,5.7355595238095125,8.114779761904785,6.482505415584394,6.162097896103894,7.000986111111136,6.884593831168859,7.473501373626387,6.795825714285701,6.290419148727947,6.843836538461572,6.490096714285697,7.805637214285702,7.126610064935049,8.205952220077227,7.1175178571428885,6.780432987711208,6.653867063492084,19.064482142857145,6.249951882960386,6.450425357142857,7.098202669172899,6.482846378881964,15.088997180451091,7.84882274436088,6.612637394957961,6.390585822510847,6.192846666666664,7.024770752895763,8.86537896825398,6.707980577299414,6.488019809740246,6.270541400000001,6.69857341269843,6.737804813186793,11.58502678571428,9.387558497536924
BB,4.525909475806436,8.705243749999994,4.749939411290303,6.789384821428559,0.0,7.917096314102524,4.535338750000003,9.980143750000012,4.812173942307676,2.7846274456521694,3.303239583333325,2.757020293478254,4.449188480769219,3.2976924758064365,7.103200568181781,3.760143749999994,5.515596527777768,3.368043931818179,4.280761704545429,4.053676884920623,3.688248295454524,6.270100160256384,3.4925512499999964,3.8433100856164217,2.71691586538461,3.47739217857143,3.4095547499999954,2.7136544318181803,6.865208277027014,5.800158035714277,3.4180284274193315,3.204704861111097,16.5407008928572,4.698620268072271,3.7973833928571294,3.211813355263139,3.846663271739122,12.153658881578998,7.830505065789446,5.783310073529389,3.772115340909072,4.037281527777759,6.24096773648647,6.825995138888885,4.905029023972592,3.104921599999982,4.852538250000011,3.80999950396824,3.325987057692305,10.007906250000016,9.010694181034465
BM,7.965237386269612,10.606552447552424,8.496025336641823,7.984083791208799,7.917096314102524,0.0,8.592566041666668,11.97478685897434,8.701996220512791,7.858899888517246,8.02294908424904,7.7419975150501426,8.504205025640994,8.141862167080209,9.956926643356578,7.813722435897396,8.444638176638156,8.203747668997638,8.272575079254072,7.92850305250303,8.364713286713291,7.175282051282032,8.385961666666624,8.38023617492093,8.06514615384617,8.353719120879079,8.949026115384608,8.146736013985992,8.790900900900875,7.537951857666141,8.011277915632729,8.148043162393163,20.777831501831532,8.799435406549243,8.29552652930402,8.462876801619391,8.47041568338905,16.479263157894707,10.109741781376508,9.174370188536916,8.059412354312377,8.420620598290597,8.05975675675674,9.462529914529904,8.15730983491393,7.623597142540753,8.499457702564094,7.934039072039045,8.429574333333296,12.451902243589725,9.605771883289078
BO,5.923847237903227,8.548959630681834,2.456669497983868,6.247633035714286,4.535338750000003,8.592566041666668,0.0,9.118954375000008,3.155366716346148,4.165926739130422,3.7806441815476175,3.620686937500008,2.566972173076926,2.3315227096774334,4.401231590909076,4.257238333333327,6.32134734953704,2.688684852272731,1.9900132897727252,5.58452084325397,4.512108494318173,6.335131602564101,3.8718234375000087,2.1456251883561785,3.891375665064096,2.3320537767857163,4.214866187500002,3.9683382386363664,7.858790261824326,6.602587021683688,4.931522362231178,3.689134305555549,16.65978464285709,2.152863488704812,2.424533928571427,3.1531261184210537,2.2072243559782723,12.010421332236811,5.802522648026288,2.9329131249999847,3.691635568181817,2.002718229166661,6.353579408783779,7.35641131944446,4.949806883561627,3.727386885227267,2.6575758499999966,5.2060857787698405,2.6386239855769333,10.032705937499996,9.030756303879295
BQ,10.48172782258064,10.47649431818184,9.43610795161288,10.696616071428574,9.980143750000012,11.97478685897434,9.118954375000008,0.0,9.340513961538443,9.690755978260857,9.419077976190431,9.233313978260837,9.398549961538432,9.033534661290314,10.247445984848412,9.609229166666656,9.385534722222248,8.947433499999985,9.18254504545452,10.526346230158753,10.1174897727273,10.168649038461544,9.520937499999969,9.004027636986272,9.545500320512842,8.955671928571396,9.900393000000024,9.440736590909076,11.062728040540533,10.589786989795972,10.143542338709697,9.311868055555577,21.1219196428572,9.333853512048178,8.970619285714296,9.565763026315777,9.239949847826058,15.848470394736896,10.625526710526309,9.613131911764675,9.389592045454576,9.005690833333325,10.08310304054053,10.445460648148174,9.50298578767122,9.3267410863636,9.41932409999998,9.96691765873018,9.020949423076896,9.938500000000015,11.401153017241343
BR,6.107341769230748,8.986624553846129,2.7809502446650023,6.515642767032951,4.812173942307676,8.701996220512791,3.155366716346148,9.340513961538443,0.0,4.477785379264195,4.213598808058587,3.863072791304336,3.214765630769221,3.315078995533489,4.962024693240084,4.754849435897424,6.5590195247863,3.500436979020962,3.057637220979008,5.986754694505468,4.771351763636348,6.587090092307666,4.1373600923076825,3.3189099835616256,4.264472574358955,3.387275360439547,4.696296561538451,4.360517110489493,7.957278333056101,6.812301297959171,5.418855853763412,3.997349218803392,16.351031896703272,3.0759935755328898,3.515217783516472,3.9995472299594974,3.412106078260858,12.033715667206447,6.007432529554637,3.529929425339352,3.8320369244755073,3.277279422222212,6.904786027026997,7.926462992022768,4.584719777660685,3.936043023426561,2.9717143538461523,5.641414949694721,3.5514118153846006,10.3019584230769,9.303282387798376
BS,4.649892847124822,8.721937549407086,4.4394647096774005,6.598156677018628,2.7846274456521694,7.858899888517246,4.165926739130422,9.690755978260857,4.477785379264195,0.0,2.8977095238095107,2.7517701304347657,4.185417331103665,3.175610558204747,6.6552048880104895,3.7568518115942022,5.499795813204495,2.998260671936745,3.910528683794437,4.376346307798483,3.8173367588932647,6.111433667781475,3.3551597826086983,3.632238886241785,2.489415050167215,3.251713937888186,3.3334947608695478,2.606965968379437,6.888775793184465,5.800002307009756,3.5332529219261284,3.2283393719806623,16.541761490683246,4.3040954745940105,3.402108369565204,3.171881121281439,3.5825693913043386,12.128104805491995,7.239629199084636,5.26183921994882,3.3691421607378014,3.650294468599008,6.14565428907166,6.549660869565193,4.592238058368063,2.7058407990118387,4.488755791304347,3.988223326432025,3.1688800769230587,9.689653804347826,8.548912743628165
BZ,4.806760522273407,8.714534632034582,4.063442254992297,6.499358333333319,3.303239583333325,8.02294908424904,3.7806441815476175,9.419077976190431,4.213598808058587,2.8977095238095107,0.0,3.016935662525865,3.89968922344321,3.034761560675858,6.2841125974025545,3.678413095238094,5.617114814814782,3.0241680606060446,3.48977705194802,4.7737317460317295,3.9554411255411055,6.127341025640985,3.282547380952381,3.212254161774275,2.8325164835164727,3.0390590476190376,3.700106547619025,3.2194112987012886,7.001689446589404,5.873508163265286,3.861391244239619,3.2356642857142712,16.12360476190469,3.9374305960986624,3.210145357142838,3.2996227819548603,3.2702234658384928,11.980695488721732,6.982518997493701,4.9069013865546,3.126529004328988,3.3605002380952143,6.145451351351312,6.922793121693078,4.591720287018905,3.006283172077903,4.103683771428567,4.375792063492052,3.052904186813171,9.844199404761856,8.6462520525451
CA,4.718921687237012,8.177357996047396,3.767444037868145,6.881258509316747,2.757020293478254,7.7419975150501426,3.620686937500008,9.233313978260837,3.863072791304336,2.7517701304347657,3.016935662525865,0.0,3.336884872909689,2.3339740967741776,6.40314866534913,3.931161739130427,4.918012400966158,2.596492952569157,3.3477730592885235,4.019561102139393,3.405997932806307,5.712782772575228,2.951996260869562,2.9122879338892083,2.407762984392401,2.6190424658385014,2.4049604565217244,2.1487501383399046,6.675852814336047,5.526748659272382,3.428320062178569,2.787601057970991,16.109760925465796,3.70395105395494,2.8767959968943995,2.350565517162457,2.930539782608681,11.440846501144115,7.074149192219665,4.910201606138095,3.2650491370223933,3.163268859903369,5.927948981198559,6.2060163107890185,4.414136103037514,1.6687045223320138,3.8334473652173937,3.783156416149053,2.498171484949816,9.75810984782606,8.512291959520205
CL,5.901941389578139,8.611846293706263,2.42745060049627,6.417165989010974,4.449188480769219,8.504205025640994,2.566972173076926,9.398549961538432,3.214765630769221,4.185417331103665,3.89968922344321,3.336884872909689,0.0,2.480848933002474,4.924545580419568,4.342905923076912,6.227010774928746,2.9145458321678217,2.5255864545454503,5.514074268620244,4.510554489510471,6.293708256410232,3.785835615384613,2.720748267650152,3.9295365641025546,2.767803054945045,4.268515961538446,3.9821219580419447,7.766365106029079,6.652486527472511,4.9002976989247005,3.652862222222202,16.53300283516478,2.5310679601482757,2.95884921428571,3.217814202429137,2.57446610033444,12.097491587044471,6.035225635627516,3.61096366063348,3.848381505827501,2.67030783760683,6.350560744282718,7.44702505982903,4.934166373024217,3.5234063136363503,2.4638507692307705,5.121202739926714,2.9092411538461462,10.101670730769197,8.93498851458882
CO,5.042690709677398,8.229827771260982,2.742690967741928,6.551517442396301,3.2976924758064365,8.141862167080209,2.3315227096774334,9.033534661290314,3.315078995533489,3.175610558204747,3.034761560675858,2.3339740967741776,2.480848933002474,0.0,5.539255831867043,3.8369077956989104,5.317157770609294,1.5919512258064397,2.1284169765395844,4.571431270865316,3.474611495601147,5.856728673283681,3.052997258064512,1.6568298674325983,2.7169938329197443,1.3884754009216491,2.738642403225792,2.672487102639279,7.144473572798592,5.893689211323229,3.921946752688139,2.802154587813598,15.90913494930874,2.566141811504072,1.7980378041474598,1.77771381324277,1.5854400645161244,11.238181018675697,6.7144067130729885,3.901399595825415,3.389394443792753,1.9123346845878069,5.9583400017436565,6.513487541218624,4.905066874060968,2.6878858582111302,2.9507652000000086,4.211566311315892,1.257056697270459,9.749653854838687,8.683466825361487
CR,8.056402922776094,10.04620212121205,4.336110615835771,7.59906015151509,7.103200568181781,9.956926643356578,4.401231590909076,10.247445984848412,4.962024693240084,6.6552048880104895,6.2841125974025545,6.40314866534913,4.924545580419568,5.539255831867043,0.0,6.665467121212076,8.552480505050443,5.551231757575737,4.76329396969695,7.988526277056224,7.17937606060601,8.43398184149177,6.482726212121171,5.0219187214611765,6.616054941724907,5.245011766233746,7.372435136363594,6.809243030302993,9.475413095823027,8.712348181818134,7.409798191593297,6.264376363636309,17.715593376623346,4.272789741146387,5.185374296536794,6.204962264752768,5.32825868774702,13.636296188197704,4.600030127591698,3.613950115864528,5.789320909090877,4.526830101010098,8.408570966420903,9.461137878787817,6.059526936488142,6.357956801515138,4.292008424242413,7.604802323232263,5.8862833403263135,11.39363189393933,10.346822121212051
CW,5.13375241935482,8.903535606060583,4.425900354838692,5.7355595238095125,3.760143749999994,7.813722435897396,4.257238333333327,9.609229166666656,4.754849435897424,3.7568518115942022,3.678413095238094,3.931161739130427,4.342905923076912,3.8369077956989104,6.665467121212076,0.0,6.210243518518484,3.82338778787878,4.057060181818154,4.970758333333326,3.8569901515151312,6.242059615384585,3.873803333333332,3.9233856392693847,3.854369871794872,3.8409583333333295,4.774472166666649,4.119938030303028,7.217384009008968,6.209164115646241,3.898072311827956,3.662841666666665,17.345998809523813,4.456557381526091,4.025419404761896,4.234911140350854,3.957247144927527,12.815949561403537,7.384391666666639,5.33401607843134,3.9579780303030256,4.038801111111095,6.1190727477477145,7.3645101851851456,4.937176141552507,3.998454001515137,4.591347800000003,4.862542460317448,3.935825948717945,10.494895833333327,8.825664080459742
DM,6.040158900836314,7.985767676767679,6.663989471923506,8.114779761904785,5.515596527777768,8.444638176638156,6.32134734953704,9.385534722222248,6.5590195247863,5.499795813204495,5.617114814814782,4.918012400966158,6.227010774928746,5.317157770609294,8.552480505050443,6.210243518518484,0.0,5.411957932659902,6.075612811447791,5.74833862433863,6.12295488215489,6.622034188034181,5.899713888888874,5.6737331050227855,5.217079487179483,5.438812021164,5.137542462962955,4.870132154882141,6.936866866866871,6.951992441421035,5.706863799283133,5.65680185185185,17.746116402116407,6.556121949576039,5.670234193121687,5.394409220272862,5.906441384863088,13.13231189083823,9.131207056530194,7.413844956426983,6.030142424242438,5.925319629629614,6.4710820820820825,6.9367407407407535,6.572907508878735,5.275752051683468,6.58577475555557,5.508761904761912,5.3154370455840185,9.343493055555577,8.37926947637292
DO,4.94370073313781,8.112479454545428,3.0413287507331246,6.482505415584394,3.368043931818179,8.203747668997638,2.688684852272731,8.947433499999985,3.500436979020962,2.998260671936745,3.0241680606060446,2.596492952569157,2.9145458321678217,1.5919512258064397,5.551231757575737,3.82338778787878,5.411957932659902,0.0,2.4734555454545317,4.6192153737373545,3.621748545454533,5.938390885780852,3.1774990000000023,1.983447427148188,2.784120088578076,1.5718936883116776,2.767467318181811,2.617344363636361,6.947845017198981,5.9334538293135255,4.01581753861191,2.942407313131295,15.9708275064935,3.006675700985752,2.0158106428571383,2.0310961722487946,2.134513533596826,11.328414267942584,6.605300564593277,4.018502240641695,3.4514158181818124,2.105307484848475,5.825575906633876,6.356769164983123,4.879276749688653,2.9144115318181685,3.253334800000021,4.229132077922057,1.5744830979020863,9.716509772727251,8.57943940438868
EC,5.561034571847491,8.49487318181818,2.413142636363625,6.162097896103894,4.280761704545429,8.272575079254072,1.9900132897727252,9.18254504545452,3.057637220979008,3.910528683794437,3.48977705194802,3.3477730592885235,2.5255864545454503,2.1284169765395844,4.76329396969695,4.057060181818154,6.075612811447791,2.4734555454545317,0.0,5.320174298701282,4.30809354545451,6.221476384615357,3.5822672727272478,2.124736897882932,3.717897801864771,2.1884915714285604,3.953525045454516,3.691923545454516,7.598583309582291,6.387324576994433,4.666071887585509,3.391675969696935,16.28180014285706,2.3298436254107235,2.396121058441543,2.9697999473684003,2.1440806758893234,11.858560531100403,5.8982698229664745,3.254490235294097,3.571988090909075,2.101149797979783,6.291212110565086,7.315825868686856,4.713295727272704,3.481989340909076,2.730071472727265,4.934360301587273,2.4776459999999925,10.121664954545423,8.873586103448242
GD,4.519510496671781,8.878301587301594,5.805305756272383,7.000986111111136,4.053676884920623,7.92850305250303,5.58452084325397,10.526346230158753,5.986754694505468,4.376346307798483,4.7737317460317295,4.019561102139393,5.514074268620244,4.571431270865316,7.988526277056224,4.970758333333326,5.74833862433863,4.6192153737373545,5.320174298701282,0.0,4.715246176046177,6.428852258852258,4.906140555555548,5.036267286366561,4.191360317460319,4.737515365079354,4.546392738095233,3.781042987012981,6.844461604461607,5.878594104308408,4.238267793138758,4.727100793650799,17.682095238095247,5.8481121470644135,4.920775515873012,4.566373876357524,5.050915058661126,13.29860818713451,8.73626198830407,6.727020770308092,5.259100865800869,5.240809682539675,6.159770484770489,6.745608465608477,5.996564883670363,4.290276313636343,6.001886831746046,4.042000000000003,4.5635901037850894,10.515526785714307,8.944966611932106
GF,5.299243988269796,8.774454545454564,4.718262709677392,6.884593831168859,3.688248295454524,8.364713286713291,4.512108494318173,10.1174897727273,4.771351763636348,3.8173367588932647,3.9554411255411055,3.405997932806307,4.510554489510471,3.474611495601147,7.17937606060601,3.8569901515151312,6.12295488215489,3.621748545454533,4.30809354545451,4.715246176046177,0.0,6.310856876456885,3.0332549999999845,4.014295255292618,3.809442191142184,3.727509350649339,3.87850068181816,3.857595454545435,7.485884029484045,6.275968460111342,3.958657086999007,2.847060101010083,17.485402597402633,4.748379635268314,4.074210941558428,3.6130389952152746,3.9710606482213264,12.455579904306258,8.044256076554992,5.706432593582856,4.312130303030286,4.223197676767658,6.661602457002462,7.129871380471397,5.71560734744707,3.781582349999973,4.999999054545457,4.696203751803744,3.642318062937048,10.852980681818227,8.93435611285266
GL,6.418145574855233,9.227958041958033,6.588060871794842,7.473501373626387,6.270100160256384,7.175282051282032,6.335131602564101,10.168649038461544,6.587090092307666,6.111433667781475,6.127341025640985,5.712782772575228,6.293708256410232,5.856728673283681,8.43398184149177,6.242059615384585,6.622034188034181,5.938390885780852,6.221476384615357,6.428852258852258,6.310856876456885,0.0,6.364111923076899,6.0189061362837615,6.155905128205143,6.062520923076898,6.456797423076904,6.04333023310021,7.692162162162155,6.768832025117756,6.444435897435871,6.066394444444445,18.892549450549463,6.5981805489650505,6.18165275641025,6.16599377867741,6.216575027870644,14.12382186234815,8.98570928475032,7.122239343891367,6.155814219114236,6.25277299145299,6.621444906444905,7.838792022792016,6.957089743589737,5.77420426118878,6.482080964102563,6.005606837606829,6.012022794871765,10.753677884615382,8.610334217506603
GP,5.310029838709671,8.293051363636335,4.0858368064515975,6.795825714285701,3.4925512499999964,8.385961666666624,3.8718234375000087,9.520937499999969,4.1373600923076825,3.3551597826086983,3.282547380952381,2.951996260869562,3.785835615384613,3.052997258064512,6.482726212121171,3.873803333333332,5.899713888888874,3.1774990000000023,3.5822672727272478,4.906140555555548,3.0332549999999845,6.364111923076899,0.0,3.416859109589027,3.267326025641026,3.2224255714285683,3.521199499999993,3.3646568181818166,7.197185270270242,6.256198469387749,4.105815537634402,1.8109027777777675,16.54017214285708,3.972422530120468,3.5896874999999917,3.275650263157884,3.4340104782608707,11.645042894736788,7.233585526315759,5.015896470588216,3.625585303030297,3.581035555555541,6.205343378378356,7.130373148148122,4.896419931506842,3.313590068181804,4.157673000000007,4.590704841269838,3.1842384615384653,10.15733249999997,8.810312586206846
GT,5.244551210782104,8.192862029887868,2.696374431285888,6.290419148727947,3.8433100856164217,8.38023617492093,2.1456251883561785,9.004027636986272,3.3189099835616256,3.632238886241785,3.212254161774275,2.9122879338892083,2.720748267650152,1.6568298674325983,5.0219187214611765,3.9233856392693847,5.6737331050227855,1.983447427148188,2.124736897882932,5.036267286366561,4.014295255292618,6.0189061362837615,3.416859109589027,0.0,3.358678928696855,1.4100064305283662,3.418228773972585,3.2466968617683523,7.201489178082139,6.137964872798399,4.330730724701683,3.172076590563132,16.20031727984344,2.426365165043723,1.7863439872798363,2.3384143330929947,1.9791102537224423,11.387663237202576,6.2123936049026565,3.430983211120051,3.495013968451631,1.6345675799086716,6.257077649018836,6.940678056823894,4.833450547945184,3.075100192590268,2.8645415068493234,4.613463776907982,1.7274165869335922,9.75337599315066,8.638202300425082
GY,4.683752770885032,8.478183449883463,4.263301396195179,6.843836538461572,2.71691586538461,8.06514615384617,3.891375665064096,9.545500320512842,4.264472574358955,2.489415050167215,2.8325164835164727,2.407762984392401,3.9295365641025546,2.7169938329197443,6.616054941724907,3.854369871794872,5.217079487179483,2.784120088578076,3.717897801864771,4.191360317460319,3.809442191142184,6.155905128205143,3.267326025641026,3.358678928696855,0.0,2.8793647619047493,3.0329603717948506,2.240899044289029,6.896355578655584,5.897248822605986,3.481692059553348,3.111860256410244,16.18629047619049,4.120748545257936,3.199612609890095,2.786320742240195,3.197527788182821,11.800055195681518,7.509330283400803,5.186692918552025,2.962135664335655,3.4277673931623727,6.006157103257114,6.465438461538477,4.380552511415523,2.673006288694625,4.292069743589749,3.966231135531137,2.714867153846134,9.708690705128229,8.815960831122904
HN,5.065258691244225,8.110582233766198,2.906059041474643,6.490096714285697,3.47739217857143,8.353719120879079,2.3320537767857163,8.955671928571396,3.387275360439547,3.251713937888186,3.0390590476190376,2.6190424658385014,2.767803054945045,1.3884754009216491,5.245011766233746,3.8409583333333295,5.438812021164,1.5718936883116776,2.1884915714285604,4.737515365079354,3.727509350649339,6.062520923076898,3.2224255714285683,1.4100064305283662,2.8793647619047493,0.0,2.985124642857142,2.8043408571428423,7.092766332046302,6.03022669387754,4.1513720184331735,2.9404787619047466,16.04933428571424,2.6567882874354494,1.485449214285704,1.9291349924811845,1.8684528074534084,11.27910634586462,6.521200781954876,3.670315991596626,3.4642199307359225,1.586812079365068,6.04603515057913,6.577325417989386,4.941203303326801,2.801294237012976,3.1087173714285896,4.356230857142855,1.410149791208777,9.695858214285686,8.680541812807848
HT,5.391139822580634,8.767534590909102,4.599499951612883,7.805637214285702,3.4095547499999954,8.949026115384608,4.214866187500002,9.900393000000024,4.696296561538451,3.3334947608695478,3.700106547619025,2.4049604565217244,4.268515961538446,2.738642403225792,7.372435136363594,4.774472166666649,5.137542462962955,2.767467318181811,3.953525045454516,4.546392738095233,3.87850068181816,6.456797423076904,3.521199499999993,3.418228773972585,3.0329603717948506,2.985124642857142,0.0,2.199193863636347,7.458406499999997,6.470113581632653,4.044099048387079,3.3148541666666467,15.804204642857222,4.526429102409623,3.402233142857125,2.3432851842105045,3.4702097608695515,11.102756131578984,8.297735236842058,5.735664382352917,4.278562166666646,3.685193499999981,6.579797175675668,6.555380611111105,5.5890553630136734,3.206270040909067,4.748796900000005,4.152943912698411,2.414753192307684,10.33880900000003,9.384131603448273
JM,4.540929706744857,8.168666363636337,4.386710639296166,7.126610064935049,2.7136544318181803,8.146736013985992,3.9683382386363664,9.440736590909076,4.360517110489493,2.606965968379437,3.2194112987012886,2.1487501383399046,3.9821219580419447,2.672487102639279,6.809243030302993,4.119938030303028,4.870132154882141,2.617344363636361,3.691923545454516,3.781042987012981,3.857595454545435,6.04333023310021,3.3646568181818166,3.2466968617683523,2.240899044289029,2.8043408571428423,2.199193863636347,0.0,6.636614422604402,5.683707179962886,3.4645413978494464,3.152423838383815,15.636023506493482,4.219456596933175,3.1268432792207634,2.340322488038261,3.289330901185762,11.347188086124376,7.620500526315758,5.344630721925108,3.627546363636356,3.4718807070706945,6.112162334152307,6.0637155892255645,4.541281755915311,2.623755677272717,4.437131381818187,3.5968945598845505,2.5143445384615246,9.390124772727257,8.793562225705294
KN,6.44614734088927,9.435319410319408,7.982349306015671,8.205952220077227,6.865208277027014,8.790900900900875,7.858790261824326,11.062728040540533,7.957278333056101,6.888775793184465,7.001689446589404,6.675852814336047,7.766365106029079,7.144473572798592,9.475413095823027,7.217384009008968,6.936866866866871,6.947845017198981,7.598583309582291,6.844461604461607,7.485884029484045,7.692162162162155,7.197185270270242,7.201489178082139,6.896355578655584,7.092766332046302,7.458406499999997,6.636614422604402,0.0,7.422013237727531,6.7687872711421,7.010789639639644,18.956895752895733,7.896756611852781,7.248686167953666,6.9727069559032335,7.504084030552256,14.557613086770926,9.835503613086743,8.57929484101745,7.271751760851784,7.480756666666671,7.166783783783787,7.877655655655663,7.549776268048868,6.973886872358697,7.718889729729731,6.650024882024887,7.184044517671494,10.755363175675663,9.486190121155609
KY,5.933166556945362,9.194441558441577,6.824409655036191,7.1175178571428885,5.800158035714277,7.537951857666141,6.602587021683688,10.589786989795972,6.812301297959171,5.800002307009756,5.873508163265286,5.526748659272382,6.652486527472511,5.893689211323229,8.712348181818134,6.209164115646241,6.951992441421035,5.9334538293135255,6.387324576994433,5.878594104308408,6.275968460111342,6.768832025117756,6.256198469387749,6.137964872798399,5.897248822605986,6.03022669387754,6.470113581632653,5.683707179962886,7.422013237727531,0.0,5.80461378099626,5.999276757369634,19.273061224489847,6.717335245389691,6.051972500000007,6.077400461868926,6.300289707187195,14.47590977443613,9.143705972073048,7.451864795918355,6.338410327767504,6.211927312925173,6.761174296745733,7.360731670445985,6.953518563041667,5.433284711966585,6.80649342040818,5.651310657596385,6.006257091051783,10.720937500000057,8.67166783954961
LC,4.250612903225802,8.648563049853365,5.231738516129004,6.780432987711208,3.4180284274193315,8.011277915632729,4.931522362231178,10.143542338709697,5.418855853763412,3.5332529219261284,3.861391244239619,3.428320062178569,4.9002976989247005,3.921946752688139,7.409798191593297,3.898072311827956,5.706863799283133,4.01581753861191,4.666071887585509,4.238267793138758,3.958657086999007,6.444435897435871,4.105815537634402,4.330730724701683,3.481692059553348,4.1513720184331735,4.044099048387079,3.4645413978494464,6.7687872711421,5.80461378099626,0.0,3.9338750896057135,17.189061443932438,5.057693244332132,4.291394558371713,3.893575489530234,4.346505858812506,12.740203169213393,8.1475525070741,6.134235347881054,4.16768318670575,4.570422544802846,6.294056378959595,6.834665471923515,5.314089365149486,3.759874240420301,5.279996077419357,3.7254260112647177,4.002011759305191,10.147589381720444,8.79025398591025
MQ,5.133395878136187,8.241226767676771,3.784219928315379,6.653867063492084,3.204704861111097,8.148043162393163,3.689134305555549,9.311868055555577,3.997349218803392,3.2283393719806623,3.2356642857142712,2.787601057970991,3.652862222222202,2.802154587813598,6.264376363636309,3.662841666666665,5.65680185185185,2.942407313131295,3.391675969696935,4.727100793650799,2.847060101010083,6.066394444444445,1.8109027777777675,3.172076590563132,3.111860256410244,2.9404787619047466,3.3148541666666467,3.152423838383815,7.010789639639644,5.999276757369634,3.9338750896057135,0.0,16.27399603174603,3.758957880856733,3.2749228174603,3.0904019883040608,3.188185497584524,11.31872485380118,7.156745438596458,4.773370228758136,3.549755050505027,3.344949999999965,6.040555405405407,6.871931481481496,4.774504642313532,3.1951680166666425,4.103840755555556,4.498016666666664,2.865443512820496,9.970623611111128,8.658707854406117
MS,17.65573271889402,21.01294805194805,16.509450175115195,19.064482142857145,16.5407008928572,20.777831501831532,16.65978464285709,21.1219196428572,16.351031896703272,16.541761490683246,16.12360476190469,16.109760925465796,16.53300283516478,15.90913494930874,17.715593376623346,17.345998809523813,17.746116402116407,15.9708275064935,16.28180014285706,17.682095238095247,17.485402597402633,18.892549450549463,16.54017214285708,16.20031727984344,16.18629047619049,16.04933428571424,15.804204642857222,15.636023506493482,18.956895752895733,19.273061224489847,17.189061443932438,16.27399603174603,0.0,16.649988793459542,16.443532500000014,16.135553458646662,16.454980968944078,19.95496240601505,18.18860932330828,17.094022142857064,16.518120779220745,16.34503492063486,18.85715444015442,19.201301587301582,16.52111878669272,16.566430247402554,16.492525142857072,17.250539682539692,15.741101835164816,21.2620446428572,21.458581280788152
MX,6.082204148076142,8.708753175246411,2.323095266614837,6.249951882960386,4.698620268072271,8.799435406549243,2.152863488704812,9.333853512048178,3.0759935755328898,4.3040954745940105,3.9374305960986624,3.70395105395494,2.5310679601482757,2.566141811504072,4.272789741146387,4.456557381526091,6.556121949576039,3.006675700985752,2.3298436254107235,5.8481121470644135,4.748379635268314,6.5981805489650505,3.972422530120468,2.426365165043723,4.120748545257936,2.6567882874354494,4.526429102409623,4.219456596933175,7.896756611852781,6.717335245389691,5.057693244332132,3.758957880856733,16.649988793459542,0.0,2.735218532702232,3.4220497000633965,2.5582226176008325,12.122331641724784,5.60799477045021,2.897447017717918,3.9382139733479247,2.254497895582316,6.66433796711166,7.67656291253902,4.870917199042724,3.766203366100763,2.6770850192771074,5.433665657869536,2.852925694161242,10.24173371686746,9.170847025758183
NI,5.210452753456212,8.178012175324675,3.0966948778801706,6.450425357142857,3.7973833928571294,8.29552652930402,2.424533928571427,8.970619285714296,3.515217783516472,3.402108369565204,3.210145357142838,2.8767959968943995,2.95884921428571,1.7980378041474598,5.185374296536794,4.025419404761896,5.670234193121687,2.0158106428571383,2.396121058441543,4.920775515873012,4.074210941558428,6.18165275641025,3.5896874999999917,1.7863439872798363,3.199612609890095,1.485449214285704,3.402233142857125,3.1268432792207634,7.248686167953666,6.051972500000007,4.291394558371713,3.2749228174603,16.443532500000014,2.735218532702232,0.0,2.452054642857132,2.165029040372666,11.729370845864674,6.396553439849618,3.606584432773096,3.604795054112544,1.873826388888873,6.065430704633198,6.821232976190476,4.838709280821912,2.92341404220778,3.1443769571428666,4.432829087301572,1.867694972527457,9.652915000000013,8.64432195812806
PA,4.978033497453279,8.540181196172217,3.5722868726655213,7.098202669172899,3.211813355263139,8.462876801619391,3.1531261184210537,9.565763026315777,3.9995472299594974,3.171881121281439,3.2996227819548603,2.350565517162457,3.217814202429137,1.77771381324277,6.204962264752768,4.234911140350854,5.394409220272862,2.0310961722487946,2.9697999473684003,4.566373876357524,3.6130389952152746,6.16599377867741,3.275650263157884,2.3384143330929947,2.786320742240195,1.9291349924811845,2.3432851842105045,2.340322488038261,6.9727069559032335,6.077400461868926,3.893575489530234,3.0904019883040608,16.135553458646662,3.4220497000633965,2.452054642857132,0.0,2.389340961098385,11.356151052631592,7.345325789473666,4.601929117647044,3.8483468740031728,2.657964883040915,6.28246405405401,6.463253313840114,5.338819848594072,2.8028457806219964,3.5731267157894795,4.099254895572227,1.708320991902817,10.151188289473678,9.120740235934637
PE,5.390829503506282,8.464044695652158,2.7410753660588965,6.482846378881964,3.846663271739122,8.47041568338905,2.2072243559782723,9.239949847826058,3.412106078260858,3.5825693913043386,3.2702234658384928,2.930539782608681,2.57446610033444,1.5854400645161244,5.32825868774702,3.957247144927527,5.906441384863088,2.134513533596826,2.1440806758893234,5.050915058661126,3.9710606482213264,6.216575027870644,3.4340104782608707,1.9791102537224423,3.197527788182821,1.8684528074534084,3.4702097608695515,3.289330901185762,7.504084030552256,6.300289707187195,4.346505858812506,3.188185497584524,16.454980968944078,2.5582226176008325,2.165029040372666,2.389340961098385,0.0,11.838996979405016,6.610416993135006,3.7355648976981968,3.614736166007901,2.1076396086956444,6.203122925969411,7.105309375201256,5.018477578320419,3.126748517984176,2.9642434608695742,4.65667776811592,1.985855080267548,9.982550021739112,8.992933343328307
PM,13.316928692699486,16.48024880382775,12.058397803056009,15.088997180451091,12.153658881578998,16.479263157894707,12.010421332236811,15.848470394736896,12.033715667206447,12.128104805491995,11.980695488721732,11.440846501144115,12.097491587044471,11.238181018675697,13.636296188197704,12.815949561403537,13.13231189083823,11.328414267942584,11.858560531100403,13.29860818713451,12.455579904306258,14.12382186234815,11.645042894736788,11.387663237202576,11.800055195681518,11.27910634586462,11.102756131578984,11.347188086124376,14.557613086770926,14.47590977443613,12.740203169213393,11.31872485380118,19.95496240601505,12.122331641724784,11.729370845864674,11.356151052631592,11.838996979405016,0.0,13.976070526315798,12.675344628482922,12.0460987240829,11.67991511695902,14.500266002844898,14.623274853801194,12.953736914203294,12.101576645215273,11.995355957894674,12.8090843776107,11.02359255465584,16.895990131578994,17.16577858439193
PR,8.581589949066187,10.854299138755977,5.533068916808137,7.84882274436088,7.830505065789446,10.109741781376508,5.802522648026288,10.625526710526309,6.007432529554637,7.239629199084636,6.982518997493701,7.074149192219665,6.035225635627516,6.7144067130729885,4.600030127591698,7.384391666666639,9.131207056530194,6.605300564593277,5.8982698229664745,8.73626198830407,8.044256076554992,8.98570928475032,7.233585526315759,6.2123936049026565,7.509330283400803,6.521200781954876,8.297735236842058,7.620500526315758,9.835503613086743,9.143705972073048,8.1475525070741,7.156745438596458,18.18860932330828,5.60799477045021,6.396553439849618,7.345325789473666,6.610416993135006,13.976070526315798,0.0,5.005924256965924,6.570425167464099,5.99141839181286,8.96287334281648,10.053221559454188,6.372404426820461,6.680457044258362,5.2255108631578615,8.489621303258112,6.96800623886639,11.609822500000009,10.654830852994548
PY,6.894818643263723,9.320851256684458,2.739107223908906,6.612637394957961,5.783310073529389,9.174370188536916,2.9329131249999847,9.613131911764675,3.529929425339352,5.26183921994882,4.9069013865546,4.910201606138095,3.61096366063348,3.901399595825415,3.613950115864528,5.33401607843134,7.413844956426983,4.018502240641695,3.254490235294097,6.727020770308092,5.706432593582856,7.122239343891367,5.015896470588216,3.430983211120051,5.186692918552025,3.670315991596626,5.735664382352917,5.344630721925108,8.57929484101745,7.451864795918355,6.134235347881054,4.773370228758136,17.094022142857064,2.897447017717918,3.606584432773096,4.601929117647044,3.7355648976981968,12.675344628482922,5.005924256965924,0.0,4.463480044563272,3.154618431372542,7.334321375198692,8.2439269172113,5.288152091055593,4.930621553743304,2.973400317647052,6.425289108309963,4.112371719456997,10.405575735294097,9.504335770791023
SR,5.322267546432063,8.79842727272729,3.841420684261963,6.390585822510847,3.772115340909072,8.059412354312377,3.691635568181817,9.389592045454576,3.8320369244755073,3.3691421607378014,3.126529004328988,3.2650491370223933,3.848381505827501,3.389394443792753,5.789320909090877,3.9579780303030256,6.030142424242438,3.4514158181818124,3.571988090909075,5.259100865800869,4.312130303030286,6.155814219114236,3.625585303030297,3.495013968451631,2.962135664335655,3.4642199307359225,4.278562166666646,3.627546363636356,7.271751760851784,6.338410327767504,4.16768318670575,3.549755050505027,16.518120779220745,3.9382139733479247,3.604795054112544,3.8483468740031728,3.614736166007901,12.0460987240829,6.570425167464099,4.463480044563272,0.0,3.653233535353519,6.238830876330886,7.457361279461314,3.98360904939808,3.3572825015151477,3.887924969696964,4.891373881673881,3.5493266829836783,9.958105681818203,8.774131138975958
SV,5.488459928315402,8.36218792929293,2.5868021971326063,6.192846666666664,4.037281527777759,8.420620598290597,2.002718229166661,9.005690833333325,3.277279422222212,3.650294468599008,3.3605002380952143,3.163268859903369,2.67030783760683,1.9123346845878069,4.526830101010098,4.038801111111095,5.925319629629614,2.105307484848475,2.101149797979783,5.240809682539675,4.223197676767658,6.25277299145299,3.581035555555541,1.6345675799086716,3.4277673931623727,1.586812079365068,3.685193499999981,3.4718807070706945,7.480756666666671,6.211927312925173,4.570422544802846,3.344949999999965,16.34503492063486,2.254497895582316,1.873826388888873,2.657964883040915,2.1076396086956444,11.67991511695902,5.99141839181286,3.154618431372542,3.653233535353519,0.0,6.257002837837836,6.96880444444445,4.783053340943673,3.2959726742424182,2.785517466666667,4.774213888888869,2.0555937692307515,9.846869722222214,8.717691340996142
SX,6.402652136006971,8.720759213759216,6.684505931996485,7.024770752895763,6.24096773648647,8.05975675675674,6.353579408783779,10.08310304054053,6.904786027026997,6.14565428907166,6.145451351351312,5.927948981198559,6.350560744282718,5.9583400017436565,8.408570966420903,6.1190727477477145,6.4710820820820825,5.825575906633876,6.291212110565086,6.159770484770489,6.661602457002462,6.621444906444905,6.205343378378356,6.257077649018836,6.006157103257114,6.04603515057913,6.579797175675668,6.112162334152307,7.166783783783787,6.761174296745733,6.294056378959595,6.040555405405407,18.85715444015442,6.66433796711166,6.065430704633198,6.28246405405401,6.203122925969411,14.500266002844898,8.96287334281648,7.334321375198692,6.238830876330886,6.257002837837836,0.0,7.398807807807814,6.771954128100694,5.955160696191614,6.649645751351349,5.945021450021455,6.108254463617439,10.502326013513516,8.459257222739964
