ISO_CODE,AD,AL,AT,BA,BE,BG,BY,CH,CY,CZ,DE,DK,EE,ES,FI,FO,FR,GB,GI,GR,HR,HU,IE,IM,IS,IT,LI,LT,LU,LV,MC,MD,ME,MK,MT,NL,NO,PL,PT,RO,RS,RU,SE,SI,SK,SM,UA
AD,0.0,0.8635967399267388,1.2078719423558877,1.2736543452380946,1.143532173038227,0.832711309523808,1.0618454788657028,0.9886809523809508,1.1155033794162807,1.276403837535012,1.0383224315476185,1.3418266165413526,1.051413006396588,0.8556235357142852,1.119253990147782,1.3357619047619045,1.038983925770307,1.2972483612078956,1.7245341614906835,1.0571808311688295,1.632163984962404,0.9017592481202994,2.6937449999999994,1.4243333333333328,1.466893406593405,0.9054215852534544,1.6033904761904765,1.6677698511904755,1.127660173160172,0.9549850574712628,1.4913779761904764,1.1189494623655896,0.9575324675324666,1.1735558008657998,1.7597968253968237,0.9701266522366508,1.1253413095238078,1.040102702380952,1.2042896159754206,1.0140888775510188,1.1450420346320334,1.1890497380952374,1.1448791071428568,1.1583476190476187,1.4452996761904762,1.9473445378151253,1.3875098051948047
AL,0.8635967399267388,0.0,0.8978474696356264,0.8056929807692306,0.7737971614301178,0.4683453205128194,0.6372868193604143,0.6649708906882573,1.0701706120760943,0.94250515837104,0.5808475480769223,1.1108982995951415,0.648324695752009,0.7215110448717943,0.8090067108753309,1.1834414529914516,0.6900579208144791,1.1289879868667905,1.818659030100333,0.6499355104895094,1.4467584615384603,0.7778579082321173,2.696826428571427,1.444373717948717,1.1334253846153837,0.5957361687344913,1.4875884615384607,1.6261406250000003,0.90453909090909,0.566302396109636,1.35626173076923,0.7902974772539272,0.5636884615384603,0.6201962237762234,1.6633590598290593,0.6884532711732703,0.7313182264957254,0.7176374999999999,1.165549057071959,0.7000024568288851,0.7944554778554773,0.635341384615384,0.8584271394230766,0.9107045920745914,1.3336758153846162,1.7785532579185497,1.0844613076923064
AT,1.2078719423558877,0.8978474696356264,0.0,0.7045128289473673,0.7014909229058558,0.7532546929824562,1.0641619012418686,0.5313981578947374,0.620260342388228,0.7715618111455106,0.9937764144736824,0.8107350000000001,1.0351084406912798,0.9294034429824556,1.0056988838475494,1.4091611988304085,0.8316207167182657,0.5690220924261876,1.4770338787185342,0.6955548947368427,1.048977631578947,0.6903735964912282,1.9415669548872176,1.1160672807017538,0.7506265384615368,0.7759667113752116,1.320900438596489,1.174733585526316,0.6547279346092502,0.6694633303085293,1.3487888157894714,0.607364049235992,0.8510122248803814,0.783780023923444,1.0632279239766085,0.826821129718235,0.6060175877192978,0.8485651315789469,0.6729853735144306,0.8609127067669169,0.639900406698564,1.1565410526315774,0.6512840460526306,0.5864552977139821,0.7960984736842107,2.052338003095973,0.8029525550239228
BA,1.2736543452380946,0.8056929807692306,0.7045128289473673,0.0,0.6889818309859155,0.9388359722222224,1.0970012359550576,0.8236706578947377,0.924909233870966,0.6690219362745093,1.1467004374999998,1.08120375,1.1854693843283588,0.7841092500000002,1.1589801724137945,1.4474724999999995,0.9969257500000008,1.0042020304878037,1.6671319021739113,0.835386863636364,0.9004921710526309,0.7250492105263155,2.1621417857142835,1.3867104166666653,1.099013076923076,0.9086587096774188,1.6773458333333322,1.2107493749999996,0.8377341666666663,0.8541661781609187,1.5108537499999994,0.694851827956989,0.7094781060606057,0.6605972727272719,1.320954999999999,1.0181093434343431,0.9363379166666674,1.0428903749999998,0.9147631451612892,1.1120042602040818,0.4845789772727278,1.2011580000000008,1.0199484375000003,0.8076740909090909,0.8518326500000003,1.9961188970588228,0.651964613636363
BE,1.143532173038227,0.7737971614301178,0.7014909229058558,0.6889818309859155,0.0,0.6443493857589978,0.8018664298148434,0.4296355596738325,0.8659221490231709,0.5984914112123717,0.7873923485915474,0.7360031727205336,0.8282960752575139,0.6187033908450696,0.8111768674113639,1.1704634585289502,0.5635540550952768,0.928996257986946,1.5526639987752602,0.6647283098591544,1.3515346330615263,0.7195045490486767,2.318463923541247,1.297172582159624,0.8221232827735641,0.7140317492049058,1.4571908450704207,1.547950589788733,0.6469437345283826,0.6209550089039975,1.2707645422535192,0.8187168302286836,0.75260453691848,0.8636646350832257,1.390558059467918,0.5968376981078386,0.5813443075117365,0.771173716549295,0.9678165379373002,0.9340217749353258,0.7456368672641903,0.8877029624413127,0.5978784066901405,0.660637807654004,1.068232033802818,1.832283305716651,0.9446882394366188
BG,0.832711309523808,0.4683453205128194,0.7532546929824562,0.9388359722222224,0.6443493857589978,0.0,0.666951507490636,0.489460891812865,0.8761701164874547,0.8595599183006535,0.5462491180555533,0.9096012134502928,0.5499357752902145,0.7581271388888887,0.6088637643678155,1.0904358333333315,0.5984004575163393,0.9054092913279128,1.6065148913043472,0.4764018939393939,1.3963949853801163,0.6960734941520458,2.439782103174604,1.2391952777777768,0.9658882692307682,0.5047537114695337,1.2971797222222208,1.550256180555556,0.7331677020202019,0.436212250957854,1.1136366666666648,0.8377573387096765,0.6136724494949488,0.633501994949494,1.4635602777777774,0.4700542171717172,0.5951888888888887,0.5439612638888884,0.9642821774193544,0.5366469784580497,0.7557338636363635,0.6546456111111094,0.639359097222222,0.7362687121212121,1.1666270333333348,1.6652914869281028,1.0659015202020194
BY,1.0618454788657028,0.6372868193604143,1.0641619012418686,1.0970012359550576,0.8018664298148434,0.666951507490636,0.0,0.6556966292134827,1.133180053159357,1.0864781559814929,0.4510465365168547,0.9867245121230044,0.3747471239309075,0.801137780898876,0.4530338163502512,1.0091891385767793,0.5963224233311296,1.242880973691422,1.9174415241817293,0.7436900020429004,1.6978355943228851,1.010388846836191,2.76754974317817,1.6028315543071168,1.106509853068279,0.7865830735773827,1.320670411985018,1.7532466783707876,0.9315186584950634,0.7124472297559081,1.279995926966292,0.8724930409568682,0.7458796731358528,0.9037655464759958,1.859592259675405,0.5013441187152418,0.6473411891385761,0.6891387289325849,1.2232101087350475,0.8061517690896577,1.0036843071161043,0.3495400842696629,0.7402624262640459,1.0198917829985248,1.461818710112362,1.834069001982814,1.204850350357508
CH,0.9886809523809508,0.6649708906882573,0.5313981578947374,0.8236706578947377,0.4296355596738325,0.489460891812865,0.6556966292134827,0.0,0.7972868307866442,0.7391191537667701,0.566568654605261,0.6550521052631577,0.6230470620581293,0.6721110833333331,0.553113484573502,1.1159033918128645,0.4237830263157887,0.7768584634146338,1.5707238215102977,0.5247677799043063,1.3787947368421047,0.5967899999999997,2.28708447368421,1.1466389473684206,0.7150514979757077,0.5794186960950763,1.269025789473683,1.4193567434210534,0.5148166826156304,0.4699844767090131,1.153061710526315,0.7670327730616849,0.7336023604465705,0.7600196650717703,1.34646730994152,0.4544466241360975,0.407843114035087,0.6292801249999999,0.8338129711375211,0.7829571482277118,0.7370679585326952,0.7156697105263142,0.4412026151315788,0.5964762945241898,1.0132822315789498,1.8304339009287904,0.9845506746411486
CY,1.1155033794162807,1.0701706120760943,0.620260342388228,0.924909233870966,0.8659221490231709,0.8761701164874547,1.133180053159357,0.7972868307866442,0.0,0.9172419671094236,1.180796309811826,0.9566427108092808,1.1565797785267202,1.0047354220430098,1.1929265183537257,1.475740860215052,1.0012815828589492,0.6035587330186203,1.3090248246844298,0.7486593391984354,1.0631870005659296,0.7940207130730044,1.847153517665129,1.1145927419354824,0.885176592224978,0.8573338709677409,1.5219580645161268,1.1807622513440843,0.8449693059628548,0.7918736373748604,1.4282044354838692,0.6342473118279556,0.9717688172043007,0.8831387781036159,1.0191987455197131,0.9788609156076896,0.8881694175627233,0.8894896599462343,0.7797464516129026,0.92401007131885,0.7681038025415432,1.335666946236558,0.9336495329301056,0.6578406647116317,0.8720911698924722,1.9973438962681835,0.8834141730205268
CZ,1.276403837535012,0.94250515837104,0.7715618111455106,0.6690219362745093,0.5984914112123717,0.8595599183006535,1.0864781559814929,0.7391191537667701,0.9172419671094236,0.0,1.1445664424019597,0.8190687306501543,1.156503181153058,0.7944288725490185,1.106355165652467,1.2522058169934631,1.0204240882352933,0.8821503381157344,1.640909761295822,0.832125351158645,1.0442196491228064,0.7851662641898861,2.0975783753501407,1.306190686274509,0.912307285067872,0.8997589424414921,1.352197450980391,1.256896629901962,0.8633209090909089,0.6794211156186609,1.4237772058823517,0.7724406388361781,0.8253937789661309,0.8866555793226373,1.3323881699346405,0.9025538799762324,0.8031652777777769,0.9345983284313716,0.8644300948766599,1.097678889555822,0.5726856684491971,1.210537990196077,0.8383335110294114,0.7366628104575166,0.8248602666666678,1.8702013725490176,0.7810906292335104
DE,1.0383224315476185,0.5808475480769223,0.9937764144736824,1.1467004374999998,0.7873923485915474,0.5462491180555533,0.4510465365168547,0.566568654605261,1.180796309811826,1.1445664424019597,0.0,1.0162832434210518,0.3401217388059701,0.8514894791666662,0.4452998168103447,0.9455196666666656,0.468919496323529,1.2048696432926809,1.968702652173912,0.7344307045454523,1.7300805690789458,1.011734027412278,2.771293669642855,1.464919499999999,1.0318964230769214,0.7088837076612898,1.311278916666666,1.873686375,0.885186924242423,0.6926434942528712,1.3102709375,1.0630224522849447,0.8829007196969685,0.9051715227272716,1.8020285416666648,0.485918491792928,0.6205760277777772,0.5908970625,1.2586250463709647,0.8082230943877535,1.059577861742423,0.3714859583333336,0.6731693750000002,0.9559953207070698,1.4916795,1.990893808823528,1.3282721818181806
DK,1.3418266165413526,1.1108982995951415,0.8107350000000001,1.08120375,0.7360031727205336,0.9096012134502928,0.9867245121230044,0.6550521052631577,0.9566427108092808,0.8190687306501543,1.0162832434210518,0.0,0.9836045640219953,1.015136675438596,0.8316609437386564,1.3177457309941514,0.8025316021671823,0.8166882785622592,1.592299221967962,0.870326995215311,1.3137599999999994,0.8011008771929823,2.115697781954887,1.09516798245614,0.6704502834008088,0.9390156230899824,1.5107835087719286,1.32168365131579,0.7025497129186601,0.8060011252268593,1.335354342105262,1.0537043746462929,1.0499982775119614,1.06234,1.2760869590643271,0.7133805156831464,0.6076375292397658,0.974084993421052,0.9678695415959248,1.1773093609022554,0.8935584370015947,1.127114324561403,0.5541271381578939,0.7338290802764484,1.0130369473684224,1.858486501547986,1.0453081196172245
EE,1.051413006396588,0.648324695752009,1.0351084406912798,1.1854693843283588,0.8282960752575139,0.5499357752902145,0.3747471239309075,0.6230470620581293,1.1565797785267202,1.156503181153058,0.3401217388059701,0.9836045640219953,0.0,0.8926680970149258,0.3247020792588776,0.9673437810945266,0.532479152326602,1.196375871496178,1.9694878001297853,0.7273939864314781,1.7426105655930866,1.0335716575019636,2.773658997867804,1.5012970149253742,1.0593146957520083,0.7661408444872407,1.3231875621890543,1.8678054197761207,0.8978927182270467,0.6433898781952303,1.3238654850746268,1.0532752046220508,0.8535941655359565,0.9273114654002712,1.8010638474295189,0.4740338564751995,0.6011521517412928,0.5985614272388062,1.2352571882522854,0.7929246314346627,1.036481469923111,0.3712080298507457,0.6548937593283589,0.9563125282677524,1.4872484716417926,1.899932133450395,1.3163962700135687
ES,0.8556235357142852,0.7215110448717943,0.9294034429824556,0.7841092500000002,0.6187033908450696,0.7581271388888887,0.801137780898876,0.6721110833333331,1.0047354220430098,0.7944288725490185,0.8514894791666662,1.015136675438596,0.8926680970149258,0.0,0.8683925833333336,1.2923592499999996,0.7308756715686268,1.1863444918699175,1.6807732028985507,0.755923166666666,1.4083459078947362,0.8262953289473671,2.615862488095237,1.4307039999999993,1.147363698717948,0.6980549489247302,1.4436759166666655,1.4624818750000006,0.8155791666666663,0.725890609195401,1.3039414999999992,0.8589659623655908,0.5939055151515147,0.8740613409090904,1.667269472222222,0.7792616313131306,0.749417,0.8087349583333333,1.0849251693548378,0.9394384404761902,0.8021805681818176,0.996525916666666,0.8199063124999998,0.9703458207070704,1.234897466666667,1.705105328431371,1.1361173257575756
FI,1.119253990147782,0.8090067108753309,1.0056988838475494,1.1589801724137945,0.8111768674113639,0.6088637643678155,0.4530338163502512,0.553113484573502,1.1929265183537257,1.106355165652467,0.4452998168103447,0.8316609437386564,0.3247020792588776,0.8683925833333336,0.0,0.984060842911876,0.4768187190669365,1.1337387258200164,1.8875220689655163,0.7666068463949836,1.719974827586206,0.9465170477918924,2.685296354679803,1.4299850574712638,0.9812358090185664,0.829420593993325,1.3117731034482742,1.777589461206898,0.8180971995820274,0.6870425287356313,1.2030362931034473,1.1097394289951796,0.8969724137931031,0.9477379623824452,1.734954022988506,0.4855534343434343,0.5266973467432942,0.6724143232758629,1.1780385873192425,0.9163457600281486,1.0031890386624858,0.4521085632183901,0.6019076077586208,0.8992687216997561,1.4299128137931056,1.8428790263691668,1.2891632758620688
FO,1.3357619047619045,1.1834414529914516,1.4091611988304085,1.4474724999999995,1.1704634585289502,1.0904358333333315,1.0091891385767793,1.1159033918128645,1.475740860215052,1.2522058169934631,0.9455196666666656,1.3177457309941514,0.9673437810945266,1.2923592499999996,0.984060842911876,0.0,1.10452261111111,1.4693249674796742,1.7906521739130428,1.2247513939393928,2.0192057894736823,1.368524561403507,2.9283395238095222,1.621166666666666,1.401375213675213,1.3834021505376328,1.6338333333333328,2.214165208333333,1.3167757575757568,1.1993444444444434,1.6723958333333329,1.395031541218637,1.1729121212121207,1.4034132323232316,2.068283333333332,0.9849271717171696,1.129177499999999,1.1791036944444435,1.6203134767025067,1.3712128458049873,1.365750606060605,0.960254388888888,1.1005519097222218,1.322780808080807,1.7902304444444446,2.3462908496732013,1.647555424242424
FR,1.038983925770307,0.6900579208144791,0.8316207167182657,0.9969257500000008,0.5635540550952768,0.5984004575163393,0.5963224233311296,0.4237830263157887,1.0012815828589492,1.0204240882352933,0.468919496323529,0.8025316021671823,0.532479152326602,0.7308756715686268,0.4768187190669365,1.10452261111111,0.0,1.0263572862266857,1.7574723695652166,0.6900109171122987,1.5936120727554166,0.8275576744066034,2.5216656764705885,1.3305426176470585,0.910744798642533,0.6770724240986711,1.3458644411764693,1.7359242867647071,0.7266832896613186,0.6306440868830285,1.1619637058823522,1.0142254013282728,0.8350086265597143,0.909219195187165,1.5539914019607837,0.5182617180629817,0.5282584248366007,0.6753128455882355,1.103077312144212,0.8868794699879952,0.9464390133689832,0.6239679901960772,0.6082456544117647,0.7698236277480689,1.2871224529411778,1.7906644411764687,1.2259598743315503
GB,1.2972483612078956,1.1289879868667905,0.5690220924261876,1.0042020304878037,0.928996257986946,0.9054092913279128,1.242880973691422,0.7768584634146338,0.6035587330186203,0.8821503381157344,1.2048696432926809,0.8166882785622592,1.196375871496178,1.1863444918699175,1.1337387258200164,1.4693249674796742,1.0263572862266857,0.0,1.3705218568398716,0.8048679002217293,1.1736439448010263,0.7938902109542146,1.642084766550523,0.996245292682926,0.6455267185741084,1.0025572140047208,1.512960739837396,1.1805458871951209,0.9524632527716188,0.7642056795626578,1.4657004756097542,0.8244436818777856,1.2070612572062078,0.8578068980044341,0.8505528807588079,0.9562340253757076,0.8613567899728994,0.94432194817073,0.860545374508261,0.9450831448481828,0.8533712572062073,1.337840459349592,0.834759658536583,0.6410083131313132,0.8832863756097563,2.022302968436154,0.9198742439024384
GI,1.7245341614906835,1.818659030100333,1.4770338787185342,1.6671319021739113,1.5526639987752602,1.6065148913043472,1.9174415241817293,1.5707238215102977,1.3090248246844298,1.640909761295822,1.968702652173912,1.592299221967962,1.9694878001297853,1.6807732028985507,1.8875220689655163,1.7906521739130428,1.7574723695652166,1.3705218568398716,0.0,1.431702482213438,1.7085697254004562,1.587239649122807,2.3101890993788805,1.6765960144927523,1.609948829431438,1.6196908106591854,1.7738521739130426,2.0021621467391286,1.5170499341238466,1.5809246876561716,1.601296195652174,1.616659981299672,1.6739003952569171,1.6135733992094856,1.5468731884057962,1.730601725955203,1.6603047705313996,1.6805087065217383,1.4972623141654966,1.741556765749777,1.5201661264822128,2.071256108695652,1.6570433152173898,1.3399489240228366,1.5578286434782604,2.465631713554986,1.5559294743083003
GR,1.0571808311688295,0.6499355104895094,0.6955548947368427,0.835386863636364,0.6647283098591544,0.4764018939393939,0.7436900020429004,0.5247677799043063,0.7486593391984354,0.832125351158645,0.7344307045454523,0.870326995215311,0.7273939864314781,0.755923166666666,0.7666068463949836,1.2247513939393928,0.6900109171122987,0.8048679002217293,1.431702482213438,0.0,1.3002032631578948,0.641429773524721,2.3013780389610403,1.2331975454545443,0.995270125874125,0.6243735307917887,1.4873150303030285,1.458458556818182,0.7334410909090906,0.4935989467084632,1.2001316818181809,0.7476640860215045,0.7533922424242421,0.5795187272727274,1.3460228484848489,0.5674015555555554,0.6212073787878784,0.6125791931818173,0.9381641348973606,0.6142678014842298,0.691104787878788,0.824161015151514,0.702012357954545,0.6691928484848487,1.1348640363636378,1.834260128342243,0.9757584545454536
HR,1.632163984962404,1.4467584615384603,1.048977631578947,0.9004921710526309,1.3515346330615263,1.3963949853801163,1.6978355943228851,1.3787947368421047,1.0631870005659296,1.0442196491228064,1.7300805690789458,1.3137599999999994,1.7426105655930866,1.4083459078947362,1.719974827586206,2.0192057894736823,1.5936120727554166,1.1736439448010263,1.7085697254004562,1.3002032631578948,0.0,1.1772261403508777,1.6804290225563907,1.615272807017542,1.3396532388663958,1.322646940577249,1.8632633333333315,0.807626677631579,1.3783098405103664,1.2475105565638231,1.8363511842105245,1.1071016808149396,1.292263748006378,1.2168062200956935,1.255592397660818,1.5352271451355657,1.3656517105263153,1.470279828947367,1.1218856196943967,1.4846011331901174,0.8957605741626792,1.82957692982456,1.346291266447367,1.057272296650718,0.8031585684210526,2.3169278947368404,0.6974183492822958
HU,0.9017592481202994,0.7778579082321173,0.6903735964912282,0.7250492105263155,0.7195045490486767,0.6960734941520458,1.010388846836191,0.5967899999999997,0.7940207130730044,0.7851662641898861,1.011734027412278,0.8011008771929823,1.0335716575019636,0.8262953289473671,0.9465170477918924,1.368524561403507,0.8275576744066034,0.7938902109542146,1.587239649122807,0.641429773524721,1.1772261403508777,0.0,2.210030363408522,1.1562398245614025,0.9396839406207814,0.7481824108658731,1.5335017543859628,1.1845530372807018,0.7566936204146728,0.625577519661221,1.3487975877192966,0.7698864176570454,0.7079957894736831,0.8034306379585316,1.3403415204678362,0.7440604837852206,0.7413853654970753,0.8590674057017527,0.9284285568760609,0.7795390458288572,0.6714237161084522,1.142160210526314,0.7726864638157882,0.6813032854864433,0.9219540842105266,1.808763467492258,0.9239670733652308
IE,2.6937449999999994,2.696826428571427,1.9415669548872176,2.1621417857142835,2.318463923541247,2.439782103174604,2.76754974317817,2.28708447368421,1.847153517665129,2.0975783753501407,2.771293669642855,2.115697781954887,2.773658997867804,2.615862488095237,2.685296354679803,2.9283395238095222,2.5216656764705885,1.642084766550523,2.3101890993788805,2.3013780389610403,1.6804290225563907,2.210030363408522,0.0,2.1192326190476174,2.0301278021978004,2.4174087603686645,2.522701428571428,1.814822410714285,2.2228511688311694,2.2865935057471267,2.697610357142856,2.2039994239631326,2.603476536796536,2.247489870129869,1.3938827777777771,2.466122741702742,2.330203293650793,2.4211292321428552,1.9359211751152072,2.396631122448981,2.177944285714285,2.9167973333333337,2.3023949999999966,2.001953261183261,1.6843587142857124,2.9962274789915955,1.8438539610389613
IM,1.4243333333333328,1.444373717948717,1.1160672807017538,1.3867104166666653,1.297172582159624,1.2391952777777768,1.6028315543071168,1.1466389473684206,1.1145927419354824,1.306190686274509,1.464919499999999,1.09516798245614,1.5012970149253742,1.4307039999999993,1.4299850574712638,1.621166666666666,1.3305426176470585,0.996245292682926,1.6765960144927523,1.2331975454545443,1.615272807017542,1.1562398245614025,2.1192326190476174,0.0,1.2315365384615389,1.3337123655913974,1.7789833333333325,1.6385006249999992,1.011309848484848,1.2361640804597696,1.735479166666666,1.333977150537634,1.4884560606060602,1.2317869696969692,1.3378666666666663,1.252456313131312,1.286485277777777,1.1617926249999988,1.2519262903225796,1.3678114625850324,1.3500604545454535,1.6718903333333328,1.279976874999999,1.1557330808080808,1.3761115999999998,2.0879387254901967,1.4867182424242418
IS,1.466893406593405,1.1334253846153837,0.7506265384615368,1.099013076923076,0.8221232827735641,0.9658882692307682,1.106509853068279,0.7150514979757077,0.885176592224978,0.912307285067872,1.0318964230769214,0.6704502834008088,1.0593146957520083,1.147363698717948,0.9812358090185664,1.401375213675213,0.910744798642533,0.6455267185741084,1.609948829431438,0.995270125874125,1.3396532388663958,0.9396839406207814,2.0301278021978004,1.2315365384615389,0.0,0.960792307692307,1.5109564102564086,1.4025137980769224,0.8481599067599058,0.794949248452696,1.4632932692307676,0.9149654259718768,1.0991720279720265,1.0396844055944046,1.10525299145299,0.8999191841491823,0.6959125854700846,0.99854148076923,0.9188609429280372,1.192717417582417,0.8588833799533783,1.2001149743589732,0.6862193028846137,0.7351006216006204,1.0273725846153845,1.960723981900452,1.0355354055944048
IT,0.9054215852534544,0.5957361687344913,0.7759667113752116,0.9086587096774188,0.7140317492049058,0.5047537114695337,0.7865830735773827,0.5794186960950763,0.8573338709677409,0.8997589424414921,0.7088837076612898,0.9390156230899824,0.7661408444872407,0.6980549489247302,0.829420593993325,1.3834021505376328,0.6770724240986711,1.0025572140047208,1.6196908106591854,0.6243735307917887,1.322646940577249,0.7481824108658731,2.4174087603686645,1.3337123655913974,0.960792307692307,0.0,1.298899999999998,1.468372495967743,0.689358357771261,0.5690522180200217,1.1538149516129017,0.8278924731182787,0.6653973607038122,0.7578193958944269,1.4280083440860212,0.6928631932225472,0.7166376111111102,0.7303747620967732,0.902251999999999,0.7429448512179061,0.7754631319648093,0.8747139892473106,0.7746196290322575,0.814468250896057,1.067543522580646,1.66331858064516,1.0409440263929617
LI,1.6033904761904765,1.4875884615384607,1.320900438596489,1.6773458333333322,1.4571908450704207,1.2971797222222208,1.320670411985018,1.269025789473683,1.5219580645161268,1.352197450980391,1.311278916666666,1.5107835087719286,1.3231875621890543,1.4436759166666655,1.3117731034482742,1.6338333333333328,1.3458644411764693,1.512960739837396,1.7738521739130426,1.4873150303030285,1.8632633333333315,1.5335017543859628,2.522701428571428,1.7789833333333325,1.5109564102564086,1.298899999999998,0.0,2.105821041666666,1.398869696969696,1.3626057471264352,1.2085041666666656,1.5322075268817192,1.4587636363636358,1.5824681818181805,1.757127777777776,1.314097474747473,1.338083055555554,1.3530050833333322,1.3354917204301051,1.453912619047617,1.5261457575757562,1.4188044999999991,1.420663020833333,1.3740050505050498,1.6723892,1.9444039215686268,1.708373060606059
LT,1.6677698511904755,1.6261406250000003,1.174733585526316,1.2107493749999996,1.547950589788733,1.550256180555556,1.7532466783707876,1.4193567434210534,1.1807622513440843,1.256896629901962,1.873686375,1.32168365131579,1.8678054197761207,1.4624818750000006,1.777589461206898,2.214165208333333,1.7359242867647071,1.1805458871951209,2.0021621467391286,1.458458556818182,0.807626677631579,1.1845530372807018,1.814822410714285,1.6385006249999992,1.4025137980769224,1.468372495967743,2.105821041666666,0.0,1.4252299810606064,1.3473847485632189,2.120766874999999,1.174793044354839,1.445435625000001,1.275731988636364,1.4341064583333318,1.6390648800505057,1.4735382638888908,1.647924500000001,1.166787318548387,1.590771058673471,1.1485277462121228,1.9744958750000003,1.3900106249999995,1.3123580366161618,0.9761177249999996,2.3955630514705875,0.8933527840909092
LU,1.127660173160172,0.90453909090909,0.6547279346092502,0.8377341666666663,0.6469437345283826,0.7331677020202019,0.9315186584950634,0.5148166826156304,0.8449693059628548,0.8633209090909089,0.885186924242423,0.7025497129186601,0.8978927182270467,0.8155791666666663,0.8180971995820274,1.3167757575757568,0.7266832896613186,0.9524632527716188,1.5170499341238466,0.7334410909090906,1.3783098405103664,0.7566936204146728,2.2228511688311694,1.011309848484848,0.8481599067599058,0.689358357771261,1.398869696969696,1.4252299810606064,0.0,0.7463352142110763,1.2365768939393933,0.9246136852394916,0.8032090909090903,0.8830336363636362,1.3235717171717174,0.7150158585858579,0.6411373484848477,0.8315740833333323,0.7427666373411527,1.030564387755102,0.7723415151515143,1.035144999999999,0.6368748579545443,0.7326969696969696,1.1130190181818191,1.8311477718360056,1.0019282727272725
LV,0.9549850574712628,0.566302396109636,0.6694633303085293,0.8541661781609187,0.6209550089039975,0.436212250957854,0.7124472297559081,0.4699844767090131,0.7918736373748604,0.6794211156186609,0.6926434942528712,0.8060011252268593,0.6433898781952303,0.725890609195401,0.6870425287356313,1.1993444444444434,0.6306440868830285,0.7642056795626578,1.5809246876561716,0.4935989467084632,1.2475105565638231,0.625577519661221,2.2865935057471267,1.2361640804597696,0.794949248452696,0.5690522180200217,1.3626057471264352,1.3473847485632189,0.7463352142110763,0.0,1.284142959770114,0.6585894697812377,0.6662360501567391,0.6543591536050148,1.336115134099617,0.5572038906304413,0.471534377394635,0.6785899123563206,0.9251041379310332,0.6827256638517466,0.5894635841170317,0.7640921321839066,0.5502349604885047,0.5625402298850569,0.970572142528736,1.79554530087897,0.8987849540229873
MC,1.4913779761904764,1.35626173076923,1.3487888157894714,1.5108537499999994,1.2707645422535192,1.1136366666666648,1.279995926966292,1.153061710526315,1.4282044354838692,1.4237772058823517,1.3102709375,1.335354342105262,1.3238654850746268,1.3039414999999992,1.2030362931034473,1.6723958333333329,1.1619637058823522,1.4657004756097542,1.601296195652174,1.2001316818181809,1.8363511842105245,1.3487975877192966,2.697610357142856,1.735479166666666,1.4632932692307676,1.1538149516129017,1.2085041666666656,2.120766874999999,1.2365768939393933,1.284142959770114,0.0,1.473522446236558,1.3654193181818175,1.3806897727272711,1.9012319444444417,1.1815737121212109,1.2626672222222215,1.4050592500000003,1.4540671774193523,1.3569909693877542,1.401980833333332,1.383883833333333,1.3259859375,1.3479112373737363,1.6737667,1.968834558823529,1.604370136363636
MD,1.1189494623655896,0.7902974772539272,0.607364049235992,0.694851827956989,0.8187168302286836,0.8377573387096765,0.8724930409568682,0.7670327730616849,0.6342473118279556,0.7724406388361781,1.0630224522849447,1.0537043746462929,1.0532752046220508,0.8589659623655908,1.1097394289951796,1.395031541218637,1.0142254013282728,0.8244436818777856,1.616659981299672,0.7476640860215045,1.1071016808149396,0.7698864176570454,2.2039994239631326,1.333977150537634,0.9149654259718768,0.8278924731182787,1.5322075268817192,1.174793044354839,0.9246136852394916,0.6585894697812377,1.473522446236558,0.0,0.7560333333333326,0.6613460312805458,1.309435483870968,0.933136379928314,0.8124673387096762,0.8689879637096766,0.8460136559139768,0.7989063254333981,0.6315345943303994,1.0863235430107514,0.8964828931451605,0.7408321928967081,0.8722274967741934,1.8901538899430728,0.685436788856304
ME,0.9575324675324666,0.5636884615384603,0.8510122248803814,0.7094781060606057,0.75260453691848,0.6136724494949488,0.7458796731358528,0.7336023604465705,0.9717688172043007,0.8253937789661309,0.8829007196969685,1.0499982775119614,0.8535941655359565,0.5939055151515147,0.8969724137931031,1.1729121212121207,0.8350086265597143,1.2070612572062078,1.6739003952569171,0.7533922424242421,1.292263748006378,0.7079957894736831,2.603476536796536,1.4884560606060602,1.0991720279720265,0.6653973607038122,1.4587636363636358,1.445435625000001,0.8032090909090903,0.6662360501567391,1.3654193181818175,0.7560333333333326,0.0,0.7951227272727267,1.5896676767676756,0.7345336363636353,0.7181051262626259,0.8650033560606053,0.9918669990224812,0.9159556617192324,0.5939021212121206,0.920985378787878,0.7752732102272725,0.9166232323232318,1.1957673818181818,1.6670467023172897,1.0171716060606064
MK,1.1735558008657998,0.6201962237762234,0.783780023923444,0.6605972727272719,0.8636646350832257,0.633501994949494,0.9037655464759958,0.7600196650717703,0.8831387781036159,0.8866555793226373,0.9051715227272716,1.06234,0.9273114654002712,0.8740613409090904,0.9477379623824452,1.4034132323232316,0.909219195187165,0.8578068980044341,1.6135733992094856,0.5795187272727274,1.2168062200956935,0.8034306379585316,2.247489870129869,1.2317869696969692,1.0396844055944046,0.7578193958944269,1.5824681818181805,1.275731988636364,0.8830336363636362,0.6543591536050148,1.3806897727272711,0.6613460312805458,0.7951227272727267,0.0,1.4064053535353536,0.8144905050505049,0.8942808838383837,0.794504909090908,0.9095626099706736,0.8354052597402593,0.7123830303030293,0.9858898484848472,0.9721390624999994,0.8215180808080804,1.0280689454545462,1.8251677540106928,0.8425355454545449
MT,1.7597968253968237,1.6633590598290593,1.0632279239766085,1.320954999999999,1.390558059467918,1.4635602777777774,1.859592259675405,1.34646730994152,1.0191987455197131,1.3323881699346405,1.8020285416666648,1.2760869590643271,1.8010638474295189,1.667269472222222,1.734954022988506,2.068283333333332,1.5539914019607837,0.8505528807588079,1.5468731884057962,1.3460228484848489,1.255592397660818,1.3403415204678362,1.3938827777777771,1.3378666666666663,1.10525299145299,1.4280083440860212,1.757127777777776,1.4341064583333318,1.3235717171717174,1.336115134099617,1.9012319444444417,1.309435483870968,1.5896676767676756,1.4064053535353536,0.0,1.54262515151515,1.426124722222222,1.48909398611111,1.0952834408602146,1.540875453514739,1.2563671717171712,1.936279333333332,1.417870138888887,1.1631303030303026,1.1891253333333325,2.3258604575163395,1.2511384545454536
NL,0.9701266522366508,0.6884532711732703,0.826821129718235,1.0181093434343431,0.5968376981078386,0.4700542171717172,0.5013441187152418,0.4544466241360975,0.9788609156076896,0.9025538799762324,0.485918491792928,0.7133805156831464,0.4740338564751995,0.7792616313131306,0.4855534343434343,0.9849271717171696,0.5182617180629817,0.9562340253757076,1.730601725955203,0.5674015555555554,1.5352271451355657,0.7440604837852206,2.466122741702742,1.252456313131312,0.8999191841491823,0.6928631932225472,1.314097474747473,1.6390648800505057,0.7150158585858579,0.5572038906304413,1.1815737121212109,0.933136379928314,0.7345336363636353,0.8144905050505049,1.54262515151515,0.0,0.4985461868686864,0.5465722436868683,0.9898677060931896,0.7655615244279528,0.9174385858585852,0.5817458282828273,0.5444144696969698,0.7675994949494945,1.2721899151515166,1.859537094474152,1.15243912121212
NO,1.1253413095238078,0.7313182264957254,0.6060175877192978,0.9363379166666674,0.5813443075117365,0.5951888888888887,0.6473411891385761,0.407843114035087,0.8881694175627233,0.8031652777777769,0.6205760277777772,0.6076375292397658,0.6011521517412928,0.749417,0.5266973467432942,1.129177499999999,0.5282584248366007,0.8613567899728994,1.6603047705313996,0.6212073787878784,1.3656517105263153,0.7413853654970753,2.330203293650793,1.286485277777777,0.6959125854700846,0.7166376111111102,1.338083055555554,1.4735382638888908,0.6411373484848477,0.471534377394635,1.2626672222222215,0.8124673387096762,0.7181051262626259,0.8942808838383837,1.426124722222222,0.4985461868686864,0.0,0.7041333472222226,0.9169886290322572,0.8727804138321987,0.7107568939393943,0.7426104444444431,0.312698541666667,0.6318482575757576,1.045307477777779,1.909280571895424,1.01650659090909
PL,1.040102702380952,0.7176374999999999,0.8485651315789469,1.0428903749999998,0.771173716549295,0.5439612638888884,0.6891387289325849,0.6292801249999999,0.8894896599462343,0.9345983284313716,0.5908970625,0.974084993421052,0.5985614272388062,0.8087349583333333,0.6724143232758629,1.1791036944444435,0.6753128455882355,0.94432194817073,1.6805087065217383,0.6125791931818173,1.470279828947367,0.8590674057017527,2.4211292321428552,1.1617926249999988,0.99854148076923,0.7303747620967732,1.3530050833333322,1.647924500000001,0.8315740833333323,0.6785899123563206,1.4050592500000003,0.8689879637096766,0.8650033560606053,0.794504909090908,1.48909398611111,0.5465722436868683,0.7041333472222226,0.0,1.0788962096774173,0.673810681122448,0.9347842007575748,0.7097155000000007,0.7391134375000001,0.8118974381313128,1.270038625,1.785515867647058,1.1924388977272722
PT,1.2042896159754206,1.165549057071959,0.6729853735144306,0.9147631451612892,0.9678165379373002,0.9642821774193544,1.2232101087350475,0.8338129711375211,0.7797464516129026,0.8644300948766599,1.2586250463709647,0.9678695415959248,1.2352571882522854,1.0849251693548378,1.1780385873192425,1.6203134767025067,1.103077312144212,0.860545374508261,1.4972623141654966,0.9381641348973606,1.1218856196943967,0.9284285568760609,1.9359211751152072,1.2519262903225796,0.9188609429280372,0.902251999999999,1.3354917204301051,1.166787318548387,0.7427666373411527,0.9251041379310332,1.4540671774193523,0.8460136559139768,0.9918669990224812,0.9095626099706736,1.0952834408602146,0.9898677060931896,0.9169886290322572,1.0788962096774173,0.0,1.1936028538512176,0.7982169892473113,1.3723383172042989,0.9078454435483858,0.8537946073639618,0.8386807096774194,2.020871100569257,0.7608763372434005
RO,1.0140888775510188,0.7000024568288851,0.8609127067669169,1.1120042602040818,0.9340217749353258,0.5366469784580497,0.8061517690896577,0.7829571482277118,0.92401007131885,1.097678889555822,0.8082230943877535,1.1773093609022554,0.7929246314346627,0.9394384404761902,0.9163457600281486,1.3712128458049873,0.8868794699879952,0.9450831448481828,1.741556765749777,0.6142678014842298,1.4846011331901174,0.7795390458288572,2.396631122448981,1.3678114625850324,1.192717417582417,0.7429448512179061,1.453912619047617,1.590771058673471,1.030564387755102,0.6827256638517466,1.3569909693877542,0.7989063254333981,0.9159556617192324,0.8354052597402593,1.540875453514739,0.7655615244279528,0.8727804138321987,0.673810681122448,1.1936028538512176,0.0,0.996206811997526,0.9111795238095224,0.9238169897959174,0.937455158730159,1.2569054489795932,1.886391050420166,1.2071604823747677
RS,1.1450420346320334,0.7944554778554773,0.639900406698564,0.4845789772727278,0.7456368672641903,0.7557338636363635,1.0036843071161043,0.7370679585326952,0.7681038025415432,0.5726856684491971,1.059577861742423,0.8935584370015947,1.036481469923111,0.8021805681818176,1.0031890386624858,1.365750606060605,0.9464390133689832,0.8533712572062073,1.5201661264822128,0.691104787878788,0.8957605741626792,0.6714237161084522,2.177944285714285,1.3500604545454535,0.8588833799533783,0.7754631319648093,1.5261457575757562,1.1485277462121228,0.7723415151515143,0.5894635841170317,1.401980833333332,0.6315345943303994,0.5939021212121206,0.7123830303030293,1.2563671717171712,0.9174385858585852,0.7107568939393943,0.9347842007575748,0.7982169892473113,0.996206811997526,0.0,1.067713393939392,0.7356736647727262,0.6266859595959597,0.8004491393939408,1.866168930481282,0.6212567575757566
RU,1.1890497380952374,0.635341384615384,1.1565410526315774,1.2011580000000008,0.8877029624413127,0.6546456111111094,0.3495400842696629,0.7156697105263142,1.335666946236558,1.210537990196077,0.3714859583333336,1.127114324561403,0.3712080298507457,0.996525916666666,0.4521085632183901,0.960254388888888,0.6239679901960772,1.337840459349592,2.071256108695652,0.824161015151514,1.82957692982456,1.142160210526314,2.9167973333333337,1.6718903333333328,1.2001149743589732,0.8747139892473106,1.4188044999999991,1.9744958750000003,1.035144999999999,0.7640921321839066,1.383883833333333,1.0863235430107514,0.920985378787878,0.9858898484848472,1.936279333333332,0.5817458282828273,0.7426104444444431,0.7097155000000007,1.3723383172042989,0.9111795238095224,1.067713393939392,0.0,0.7653210208333339,1.066666338383837,1.5967764333333347,2.0014662254901947,1.3446482727272726
SE,1.1448791071428568,0.8584271394230766,0.6512840460526306,1.0199484375000003,0.5978784066901405,0.639359097222222,0.7402624262640459,0.4412026151315788,0.9336495329301056,0.8383335110294114,0.6731693750000002,0.5541271381578939,0.6548937593283589,0.8199063124999998,0.6019076077586208,1.1005519097222218,0.6082456544117647,0.834759658536583,1.6570433152173898,0.702012357954545,1.346291266447367,0.7726864638157882,2.3023949999999966,1.279976874999999,0.6862193028846137,0.7746196290322575,1.420663020833333,1.3900106249999995,0.6368748579545443,0.5502349604885047,1.3259859375,0.8964828931451605,0.7752732102272725,0.9721390624999994,1.417870138888887,0.5444144696969698,0.312698541666667,0.7391134375000001,0.9078454435483858,0.9238169897959174,0.7356736647727262,0.7653210208333339,0.0,0.697107111742424,1.0857115125,2.002533731617646,1.0188188409090906
SI,1.1583476190476187,0.9107045920745914,0.5864552977139821,0.8076740909090909,0.660637807654004,0.7362687121212121,1.0198917829985248,0.5964762945241898,0.6578406647116317,0.7366628104575166,0.9559953207070698,0.7338290802764484,0.9563125282677524,0.9703458207070704,0.8992687216997561,1.322780808080807,0.7698236277480689,0.6410083131313132,1.3399489240228366,0.6691928484848487,1.057272296650718,0.6813032854864433,2.001953261183261,1.1557330808080808,0.7351006216006204,0.814468250896057,1.3740050505050498,1.3123580366161618,0.7326969696969696,0.5625402298850569,1.3479112373737363,0.7408321928967081,0.9166232323232318,0.8215180808080804,1.1631303030303026,0.7675994949494945,0.6318482575757576,0.8118974381313128,0.8537946073639618,0.937455158730159,0.6266859595959597,1.066666338383837,0.697107111742424,0.0,0.8637828161616168,1.9005670231729048,0.792846252525252
SK,1.4452996761904762,1.3336758153846162,0.7960984736842107,0.8518326500000003,1.068232033802818,1.1666270333333348,1.461818710112362,1.0132822315789498,0.8720911698924722,0.8248602666666678,1.4916795,1.0130369473684224,1.4872484716417926,1.234897466666667,1.4299128137931056,1.7902304444444446,1.2871224529411778,0.8832863756097563,1.5578286434782604,1.1348640363636378,0.8031585684210526,0.9219540842105266,1.6843587142857124,1.3761115999999998,1.0273725846153845,1.067543522580646,1.6723892,0.9761177249999996,1.1130190181818191,0.970572142528736,1.6737667,0.8722274967741934,1.1957673818181818,1.0280689454545462,1.1891253333333325,1.2721899151515166,1.045307477777779,1.270038625,0.8386807096774194,1.2569054489795932,0.8004491393939408,1.5967764333333347,1.0857115125,0.8637828161616168,0.0,2.300751599999999,0.5992845272727271
SM,1.9473445378151253,1.7785532579185497,2.052338003095973,1.9961188970588228,1.832283305716651,1.6652914869281028,1.834069001982814,1.8304339009287904,1.9973438962681835,1.8702013725490176,1.990893808823528,1.858486501547986,1.899932133450395,1.705105328431371,1.8428790263691668,2.3462908496732013,1.7906644411764687,2.022302968436154,2.465631713554986,1.834260128342243,2.3169278947368404,1.808763467492258,2.9962274789915955,2.0879387254901967,1.960723981900452,1.66331858064516,1.9444039215686268,2.3955630514705875,1.8311477718360056,1.79554530087897,1.968834558823529,1.8901538899430728,1.6670467023172897,1.8251677540106928,2.3258604575163395,1.859537094474152,1.909280571895424,1.785515867647058,2.020871100569257,1.886391050420166,1.866168930481282,2.0014662254901947,2.002533731617646,1.9005670231729048,2.300751599999999,0.0,2.177141909090908
