ISO_CODE,AG,AI,AR,AW,BB,BM,BO,BQ,BR,BS,BZ,CA,CL,CO,CR,CW,DM,DO,EC,GD,GF,GL,GP,GT,GY,HN,HT,JM,KN,KY,LC,MQ,MS,MX,NI,PA,PE,PM,PR,PY,SR,SV,SX,TC,TT,US,UY,VC,VE,VG,VI
AG,0.0,380.9064750733018,270.89106735484245,309.652487327178,195.9728721774409,334.17022870138294,252.45186258061443,509.4725826613422,273.13644410570464,205.5519001402776,221.85404193544537,220.38085726788003,260.97862678907074,237.97137467742945,330.60732606061,257.09962876343445,251.4332729987793,232.499469882703,254.415157102638,197.8899306195416,244.56940234601885,344.0121269644153,241.3015079032264,247.37589570919448,202.0127918940961,242.39216879258976,237.3848224838471,190.67267624633385,332.26813382738334,271.2996178406528,193.249467741954,243.28476666664727,674.119663594522,260.6547376311622,244.15260077186528,227.611159320858,243.9972163085482,717.1337665535428,371.1636926315702,293.6478729411903,263.5984793743788,254.9995871146823,294.87261072362764,311.042854838698,252.3710467079321,225.5429890873764,277.67574670967844,182.15554505887116,240.52768457318464,445.8648608871363,371.9160450500816
AI,380.9064750733018,0.0,409.9056458475128,454.6121850648661,376.5655670454404,444.5034324008799,394.8509839772086,514.9189715909245,414.8144777510712,378.7947667984069,388.01038225107686,371.58654278260167,399.57725102095145,390.4259770234759,456.4982957576298,417.51335378786337,351.4745202019955,379.44801763636434,398.3931952727047,397.0955678210294,394.601545454513,453.8522086246528,372.270150454518,393.2935147571559,375.2773850816142,391.7294361558072,394.9625412726876,365.6789636363823,449.4191584766551,420.83773191089466,391.46194281527295,375.6898262626362,826.7092597402321,403.8029572409604,390.3170215909448,382.3323348325434,392.7920364821941,825.7565287081135,482.59347081339536,427.1812734224649,416.0433575757324,398.1465048990088,388.16206511056896,370.5108636363333,405.2292013698124,376.9439596636076,412.07555149095407,376.4049473304136,395.6487348461324,467.9343011363712,423.95574137929873
AR,270.89106735484245,409.9056458475128,0.0,328.04823575115773,220.5191069838793,383.3374662861848,122.80821346370811,492.6510352742025,162.77582239206282,214.38792946424303,202.55325821813264,179.29991364936848,120.26337243175708,128.52966054838114,202.0397306803499,246.51696033333752,298.03848660214925,146.58548008211,127.5466617243394,281.6112742201817,224.30559597654332,361.2577473085199,209.75644500000763,136.8955803199291,200.484048028128,142.87764164976963,197.2404408064585,195.91596376540227,398.21375628074185,326.78066243186925,254.00382946237008,211.37916253047263,667.8468667649119,134.52739494947238,142.30274308064253,143.81481495415915,126.01427154277432,658.7071575720988,287.2550158404223,141.3463648652659,231.3372241153475,142.78657573476352,358.52253336181974,348.66415922819385,250.75104314009124,197.5457668257941,108.44376526451263,254.35110423349315,155.44190964516062,477.83865930645607,424.7855886652064
AW,309.652487327178,454.6121850648661,328.04823575115773,0.0,313.41750892854816,367.2704093405952,317.9777677677997,513.2995982141908,347.8899958879236,316.25747267079214,312.4974690476123,315.16152375154644,319.09400947250225,329.35814781107564,338.69070891775954,270.2814892857078,377.1691746031097,318.8753715324751,317.51150041557713,317.9871190475809,340.6769123376079,390.04086263728885,334.40885928568326,321.0948717416599,325.4648959706949,325.5066322856805,372.46728428566354,332.79173662338485,398.1309005791035,315.9302244897619,322.2973732718856,333.6280142857139,794.5863928570318,319.022457017206,319.64349964287226,327.2841892481214,326.8944792794869,798.6569924811035,357.07628518795934,332.1198584874009,324.8896857142545,318.15923730159665,345.6667722007478,403.9535158729423,316.5373595890095,311.8390163662115,323.07938148573294,319.33827380948605,345.38852104393334,522.6015267856171,416.99959975363817
BB,195.9728721774409,376.5655670454404,220.5191069838793,313.41750892854816,0.0,328.62443173075536,203.16769968747863,493.8332874999684,222.93977327691977,143.13460760869918,163.1890398809414,160.18330367391854,210.4642841922991,185.0676704193627,286.8814780302862,206.36110833335408,245.2222208333665,182.75837668182828,204.90375513637048,197.73870039684127,200.66209545456147,342.24218108972576,181.74723000002277,198.9274681164112,142.6004173076774,191.62147828569516,184.83395599999665,135.5991938636322,347.23979831082005,268.96841530613614,165.29673118281,184.1321166666733,645.062050000022,213.90251522890705,196.8001860714137,172.82774223683472,194.42593663043232,672.0748157895073,333.845822368411,247.80888676472304,209.15953030304684,207.78325166666443,307.7420243243403,304.4780018518581,199.90905102741144,172.3076389999945,227.53595930000768,179.90234940477637,190.64818992306525,442.2019249999775,381.5845900862161
BM,334.17022870138294,444.5034324008799,383.3374662861848,367.2704093405952,328.62443173075536,0.0,373.5182694470552,567.5919983973679,384.2488981487352,335.6825231883984,351.0741846153549,318.9746755540599,369.7929874358677,373.6634597973653,419.47815398604246,358.12395192303467,369.2310313389772,364.97118138461485,377.0412589230558,334.73063369958305,373.2115689976072,378.25258974353113,362.7038842307412,375.18637201614206,343.7775974359019,374.5879546373217,385.6250440768724,344.44992652681105,400.256571032546,312.79152747246377,344.33190818857685,362.0289692307644,817.5022289376766,379.13962973277216,373.2190322069852,363.1796839136358,374.66645567445335,828.4453643724278,439.5387334682911,399.0379596983356,377.9440850815448,376.9921590171098,352.13286070684063,389.22771794866,351.5276325254282,318.77411269251786,379.8149694154085,336.0996422465929,384.2622339743346,521.6450849358353,394.27838903624166
BO,252.45186258061443,394.8509839772086,122.80821346370811,317.9777677677997,203.16769968747863,373.5182694470552,0.0,481.615429062421,165.65713620672847,197.90922581519743,180.06439828867107,169.2230336005428,122.68252377403756,106.04262399798291,200.4838417518777,231.77751333330792,276.23534607634696,118.3177452556849,90.9830990056854,260.7079369493705,206.1887770454307,349.1377161377629,198.02374468747743,102.4095627953808,177.15890980767782,104.39593571428824,167.3517391249927,170.89669295453257,387.8613460472378,313.60248681117605,233.03893102147768,200.44519708331123,653.760791115986,117.39951826581226,103.51158558035662,117.48252828947795,96.1897135570691,654.5882633058388,288.9832457072122,132.68892698530007,217.72523477271076,107.07406138889571,341.51495951852866,325.982622210593,243.00586708902043,187.5478036863635,136.12879621249854,231.4273183184237,120.08065927403854,465.635859374923,413.1934915516681
BQ,509.4725826613422,514.9189715909245,492.6510352742025,513.2995982141908,493.8332874999684,567.5919983973679,481.615429062421,0.0,502.9646349000315,493.1813081521461,492.1094767857585,489.5087932391235,486.5577787307338,483.915670500024,509.64409674248606,476.8588875000068,491.7191412036955,474.7793379545457,483.248232863593,525.0660962301655,529.1651011363647,569.6358669871225,507.2022774999572,483.9798674315246,493.24471698723767,483.7363390713966,518.9853644999765,487.0668988636658,549.5214949324642,537.3925369898111,517.836028897887,507.5935013889501,911.756116071358,488.7491007168687,481.7981335714886,486.4914651316136,483.4301084999805,908.4119506578298,530.1366156579005,495.0354189706049,496.10368598483547,482.6126002778171,518.4219307432833,514.7219791666399,491.05410428074026,488.6678891726874,491.6339209000556,509.1024037698498,501.071031269206,512.1028750000421,552.8920883620967
BR,273.13644410570464,414.8144777510712,162.77582239206282,347.8899958879236,222.93977327691977,384.2488981487352,165.65713620672847,502.9646349000315,0.0,215.5188834240792,216.12754519340396,180.2790751752472,168.90386723076378,161.82173190819069,246.4862363962661,260.1948261999961,299.6764459356164,173.643314604193,170.54288220978927,282.8302742593415,218.89895202516783,366.0418128461674,215.9132052769194,172.57044757365296,200.22897538461123,175.3159295604349,199.17578052307175,195.1574034251728,405.9908044324509,334.2543797488337,254.6827901990065,216.6627417162352,667.3576305098809,173.17227651603037,173.9528646208771,167.9313850429137,165.3809470133778,661.6137075408849,319.78304447854725,188.28135082805468,234.44272368065023,178.10614835726344,365.19196767527177,354.36791443306026,253.0912911062166,197.1429594083909,176.5522208153838,255.46109070036408,182.2599417999942,483.239726576953,429.109298351748
BS,205.5519001402776,378.7947667984069,214.38792946424303,316.25747267079214,143.13460760869918,335.6825231883984,197.90922581519743,493.1813081521461,215.5188834240792,0.0,156.5861795031084,156.2707207826128,206.59395830768327,181.00478372370904,283.66972118575256,212.28504746379653,249.2699431562333,175.58730081423894,200.66527619763608,216.5478792960867,203.7433707510084,346.3102186176035,180.52570108697665,192.49098396066745,140.28402162763598,185.77256832296447,180.17372473913036,137.20740648221073,353.21416839013784,275.22861073648346,181.8429751753356,185.7785246376962,642.2279925465333,209.12005148087343,190.51194998446,168.1247686498787,187.83458626086912,668.1420267734088,324.3625177116597,242.70996079285536,200.6482476943478,201.74863524154708,312.15957426559294,297.3662127214295,202.8955455032916,159.97770594386768,222.9614064695721,192.22057439615304,184.94379708025704,435.5397701086742,376.19616566717184
BZ,221.85404193544537,388.01038225107686,202.55325821813264,312.4974690476123,163.1890398809414,351.0741846153549,180.06439828867107,492.1094767857585,216.12754519340396,156.5861795031084,0.0,172.37329568116263,194.94938446885425,170.08963632719136,263.7526379220441,210.17954404760223,263.97676825391835,165.87301138528738,181.9276377835477,228.7096539682155,206.5570619047361,346.1383787545541,188.9655449999859,172.01522470317545,146.14917912085403,166.54242476189344,189.62389619045243,159.28402891774272,362.67140643500767,289.2139102040463,194.61516159752028,195.34737936505368,656.3522523810016,187.38692405220172,166.3644844047466,163.43957493733308,176.4166271966874,675.8867644110807,315.3959228069992,222.5470470028077,197.85636753244705,178.67600706348867,320.80214697553106,319.07622857140103,216.25612198304097,175.18727565886954,209.69271367617867,207.52548253964775,174.9349434029176,453.94541130955895,392.0877060755409
CA,220.38085726788003,371.58654278260167,179.29991364936848,315.16152375154644,160.18330367391854,318.9746755540599,169.2230336005428,489.5087932391235,180.2790751752472,156.2707207826128,172.37329568116263,0.0,163.71487931772506,152.26710620617217,253.06174069301304,222.5544535217364,252.9865755748754,157.93115598419234,170.8912244584957,223.3180693485154,195.60579492490413,315.47956166108605,177.01169952174342,167.5260732876708,149.74358435675174,164.0169189068357,160.80102804348223,142.42603931226074,357.4853965170273,269.03990396805415,196.34566687985108,180.2874164154624,638.2620002733232,169.85186941487476,167.2111267732953,140.3464994096161,158.8177303478251,637.9800799679946,301.1052449061679,215.33412390792748,208.37957271936773,177.0265549082118,315.74925988248185,304.1108357197984,206.16745183442453,90.15707117549267,186.7418177217397,199.61542886128555,161.33679189632247,442.46341506521145,371.8824606386676
CL,260.97862678907074,399.57725102095145,120.26337243175708,319.09400947250225,210.4642841922991,369.7929874358677,122.68252377403756,486.5577787307338,168.90386723076378,206.59395830768327,194.94938446885425,163.71487931772506,0.0,125.8371651488766,197.50926171094764,238.66711894870957,288.88698156123894,143.70699779019992,119.66764102098,270.37978240535995,219.83512402796197,350.255585794845,205.4479051538379,133.5248610200184,192.2671662563977,138.132569142845,193.79678646152905,186.92679055943165,385.50362078999393,314.78264885398585,244.2667319586348,206.63894429058857,663.9562565275064,129.2533845977742,138.51077600548442,132.94520846152756,118.1688685819435,660.3474673360619,280.6814929392565,155.5359073846105,227.32606165034323,136.99661226494857,346.2588552473793,339.14680546436193,241.5815421454115,182.02909519300457,127.10228883076223,244.52942017337327,154.25484176922075,467.8553504230436,413.0186136657574
CO,237.97137467742945,390.4259770234759,128.52966054838114,329.35814781107564,185.0676704193627,373.6634597973653,106.04262399798291,483.915670500024,161.82173190819069,181.00478372370904,170.08963632719136,152.26710620617217,125.8371651488766,0.0,231.63280952590875,231.3609428817304,252.7863187395547,101.9566651700842,102.64566326979543,244.91442349873424,184.91059348094063,343.9795657129988,181.84046670968425,101.42200879849584,157.88831405706793,93.43916260368457,124.76989103224749,140.95326550439196,387.9629421979315,310.13394056552164,211.7400074731273,183.85024272043472,627.8617144008813,127.57146920714897,102.36812613594164,83.38292906790718,83.67381043898786,633.5498701918106,320.60197066725124,168.10443672296017,221.82168952199748,117.2534293046507,339.8142858491919,308.97718173836125,251.28769597040923,176.16725717213296,150.57817341290635,208.74966958986843,79.81450270967585,465.40363204840895,415.160683409376
CR,330.60732606061,456.4982957576298,202.0397306803499,338.69070891775954,286.8814780302862,419.47815398604246,200.4838417518777,509.64409674248606,246.4862363962661,283.66972118575256,263.7526379220441,253.06174069301304,197.50926171094764,231.63280952590875,0.0,287.754039242406,367.2717252525408,227.84445751513596,193.6165361211985,345.31351018760324,306.7633466666516,410.68240349653496,283.5987207575667,203.78584228724117,276.0042167365732,213.8538349437133,302.0662330302963,277.5944242424086,422.9193796560672,365.3780767718272,321.65440068426057,284.78351494947145,727.0093320346634,195.8514493278533,204.96909819262507,231.0643299840249,222.01170203951983,711.977520255213,238.6582685167209,187.7160303743139,275.56984424240113,190.49762646464012,394.9068527600728,405.74173919195016,270.75456038190407,260.32610904240903,190.76862363635453,327.7503640115461,259.12867389509097,511.54947643945474,458.7733524556556
CW,257.09962876343445,417.51335378786337,246.51696033333752,270.2814892857078,206.36110833335408,358.12395192303467,231.77751333330792,476.8588875000068,260.1948261999961,212.28504746379653,210.17954404760223,222.5544535217364,238.66711894870957,231.3609428817304,287.754039242406,0.0,316.51829166665794,223.48758966667043,234.1176399696975,264.4046043650669,236.1347992424151,370.791622435858,228.5677333333356,234.74544705476103,220.8176480769052,232.92607985711564,260.6272406666536,226.74819106060943,379.3230731982087,300.77307057820985,231.45569381720432,231.0365527777716,709.659613095369,240.16142189557192,232.0837670237962,224.98672166664983,233.04357897100783,719.9608539475068,324.7841976315665,265.1710679411843,233.0598143939304,237.63605222222017,327.9816484234317,359.56320462960974,244.5179115296906,226.6515058484738,249.39843593333052,254.5417313492,243.60474271793527,482.9935375000061,407.1977905172577
DM,251.4332729987793,351.4745202019955,298.03848660214925,377.1691746031097,245.2222208333665,369.2310313389772,276.23534607634696,491.7191412036955,299.6764459356164,249.2699431562333,263.97676825391835,252.9865755748754,288.88698156123894,252.7863187395547,367.2717252525408,316.51829166665794,0.0,255.60809005388364,278.57891426262273,261.5148730158442,280.83906767673983,363.685558404506,269.80504759260634,270.22154230843347,233.26525897432583,264.1147105608021,237.0826001851609,214.0964790572429,360.511209209209,329.52159410425776,248.6974205496179,271.9164777777632,685.1705793651006,291.2099504065096,266.67992575394805,245.77703769977617,264.35805270852524,716.8972768031549,414.71514136451935,322.68364357298844,300.9336367003183,282.2615220370312,324.2955255255288,284.3925555555249,297.22406707254623,263.65941813769007,306.76628853335006,231.29543386241227,249.76951564386007,428.3359467592479,368.6423754789354
DO,232.499469882703,379.44801763636434,146.58548008211,318.8753715324751,182.75837668182828,364.97118138461485,118.3177452556849,474.7793379545457,173.643314604193,175.58730081423894,165.87301138528738,157.93115598419234,143.70699779019992,101.9566651700842,227.84445751513596,223.48758966667043,255.60809005388364,0.0,118.12692836364108,242.0595412611912,192.2472900000038,348.22246781818785,185.0263640909197,114.2224267646382,158.18814759440565,100.96732828571864,141.07548427273218,142.5702194545453,373.4717983439876,298.0686859554766,214.2791508797751,188.72779420202465,631.5952807532163,140.20693423986458,107.25108020130034,101.0696566220171,113.37724866403887,644.6774839712614,294.6581907655413,170.4736865775514,213.94215060606183,123.18690518182711,327.0816688599595,301.7190627407485,236.8122263138375,175.19317559999473,161.0869788000011,210.98264669264853,107.95259623076277,450.8497671363672,397.2818449467145
EC,254.415157102638,398.3931952727047,127.5466617243394,317.51150041557713,204.90375513637048,377.0412589230558,90.9830990056854,483.248232863593,170.54288220978927,200.66527619763608,181.9276377835477,170.8912244584957,119.66764102098,102.64566326979543,193.6165361211985,234.1176399696975,278.57891426262273,118.12692836364108,0.0,262.62562105916334,209.7880069090917,350.9744881724743,200.2239408181881,105.94174822167174,179.19783554312326,105.80189363636728,174.21208963636673,172.2080158181819,386.8329398525569,314.9535398515704,234.616479186708,203.26997240404032,655.817049272654,114.40974145125736,105.89488451298726,116.96847527273496,97.7824931225302,656.1523528803157,283.8407531770229,140.87309175401631,221.0757578181798,106.37035651515872,343.4566209582144,327.95173466665415,242.38797705853924,188.6659620636281,138.5531995636373,234.50716453679732,124.2919180069952,466.9837219545039,415.4967820438544
GD,197.8899306195416,397.0955678210294,281.6112742201817,317.9871190475809,197.73870039684127,334.73063369958305,260.7079369493705,525.0660962301655,282.8302742593415,216.5478792960867,228.7096539682155,223.3180693485154,270.37978240535995,244.91442349873424,345.31351018760324,264.4046043650669,261.5148730158442,242.0595412611912,262.62562105916334,0.0,243.57728816735863,347.4616800976313,245.58465468254136,257.37417332676523,207.04886043953385,250.5630890158388,239.55278617458143,196.21843849928464,351.6667160017183,275.0254195010946,190.08713466463053,248.58452063489835,695.6678809524568,270.9387813652658,252.72499615076777,233.29798532996725,251.4865476369806,729.7801002507166,388.3939053968151,305.91207236228416,275.4308873015677,264.7473192857047,307.9902629772671,319.67267724863694,264.21403174603734,230.66823271369924,287.22251466667166,177.34009523807862,245.590229114758,467.3623442460313,385.4064581280889
GF,244.56940234601885,394.601545454513,224.30559597654332,340.6769123376079,200.66209545456147,373.2115689976072,206.1887770454307,529.1651011363647,218.89895202516783,203.7433707510084,206.5570619047361,195.60579492490413,219.83512402796197,184.91059348094063,306.7633466666516,236.1347992424151,280.83906767673983,192.2472900000038,209.7880069090917,243.57728816735863,0.0,355.5814128204577,152.1685740909068,203.84017627643323,191.9389459207248,199.73328981815803,184.208972454538,188.11501272726983,401.9874051597111,315.9776910945771,208.10168553274335,156.09969191918506,682.1552363636027,221.2185214556309,201.1345995779068,179.6904334928137,192.93737101976035,675.7712693779616,368.184839234443,252.8292291443933,244.11771515149692,216.2721101010065,341.2320867321931,331.2003888888507,275.47239838107095,216.9400552908984,234.74809294544855,223.3158206348968,185.83551294404407,491.84331022727406,422.3365006269844
GL,344.0121269644153,453.8522086246528,361.2577473085199,390.04086263728885,342.24218108972576,378.25258974353113,349.1377161377629,569.6358669871225,366.0418128461674,346.3102186176035,346.1383787545541,315.47956166108605,350.255585794845,343.9795657129988,410.68240349653496,370.791622435858,363.685558404506,348.22246781818785,350.9744881724743,347.4616800976313,355.5814128204577,0.0,356.527302692282,346.9900735546012,340.3946538461602,350.4751536116791,354.3787652563648,338.5808574825243,421.5711912681738,364.608126635201,346.55965425971755,356.80709059829,806.9096831501452,352.72628958757684,348.3579452839047,341.1460519568169,346.6000724325386,795.8961511470648,450.1694584885372,380.6245887933652,368.25618298364674,355.0035897436042,374.425205128192,393.9619373218776,374.8368815594917,324.7462118002084,364.5919296000295,337.5962295481836,351.6454846410042,532.5158669871269,436.1555022104313
GP,241.3015079032264,372.270150454518,209.75644500000763,334.40885928568326,181.74723000002277,362.7038842307412,198.02374468747743,507.2022774999572,215.9132052769194,180.52570108697665,188.9655449999859,177.01169952174342,205.4479051538379,181.84046670968425,283.5987207575667,228.5677333333356,269.80504759260634,185.0263640909197,200.2239408181881,245.58465468254136,152.1685740909068,356.527302692282,0.0,194.8218802054532,177.18012576921947,192.78286385712124,180.89588300000116,174.36250227273112,383.9513768918664,307.114158061202,210.98340865594537,101.4008550000034,659.9402264285751,209.92688804818525,194.4434346428486,173.57830131578234,188.93544656521848,647.8545723684192,340.34948184209014,241.7631885294279,222.3300419697032,204.497494444446,329.197857162157,324.8254820370264,242.59566952056045,199.3610774818104,219.16939580000164,224.2614903968326,186.8931899999893,470.2819824999608,405.7769956896473
GT,247.37589570919448,393.2935147571559,136.8955803199291,321.0948717416599,198.9274681164112,375.18637201614206,102.4095627953808,483.9798674315246,172.57044757365296,192.49098396066745,172.01522470317545,167.5260732876708,133.5248610200184,101.42200879849584,203.78584228724117,234.74544705476103,270.22154230843347,114.2224267646382,105.94174822167174,257.37417332676523,203.84017627643323,346.9900735546012,194.8218802054532,0.0,173.54091771336658,82.85200617221618,160.00952905478806,162.3800896762004,382.985990844131,309.9742902404012,228.34690759018463,196.4400001369592,648.9411016242786,123.0054144632762,91.93390973091697,105.58387109589717,104.02792291602366,649.6917778010215,294.80610123286925,151.68846009669858,215.88659065585344,92.28597630137789,341.66959868565783,320.41031742767694,240.3013538355928,185.25151073050893,149.32481683834845,226.74334302887937,118.44013698313935,463.4544914041234,413.7345525413357
GY,202.0127918940961,375.2773850816142,200.484048028128,325.4648959706949,142.6004173076774,343.7775974359019,177.15890980767782,493.24471698723767,200.22897538461123,140.28402162763598,146.14917912085403,149.74358435675174,192.2671662563977,157.88831405706793,276.0042167365732,220.8176480769052,233.26525897432583,158.18814759440565,179.19783554312326,207.04886043953385,191.9389459207248,340.3946538461602,177.18012576921947,173.54091771336658,0.0,164.20493375822835,152.90874105127193,115.65715519811792,354.7494866944025,284.4463182103379,172.9938404466314,182.38997863245163,625.5407494505615,192.18157416588497,167.59503293954063,150.60846234817382,166.637222343367,656.9558659919062,330.52532094466085,225.81288897435704,173.28177342656522,183.1196450854655,312.98998399168147,298.194657834749,188.94174587283575,161.99689964078829,209.9705701948575,177.1246980463715,160.2256856666516,435.79679006414864,387.0854039788143
HN,242.39216879258976,391.7294361558072,142.87764164976963,325.5066322856805,191.62147828569516,374.5879546373217,104.39593571428824,483.7363390713966,175.3159295604349,185.77256832296447,166.54242476189344,164.0169189068357,138.132569142845,93.43916260368457,213.8538349437133,232.92607985711564,264.1147105608021,100.96732828571864,105.80189363636728,250.5630890158388,199.73328981815803,350.4751536116791,192.78286385712124,82.85200617221618,164.20493375822835,0.0,144.04822200000356,150.26049761038416,383.33615269494896,306.85492065302714,221.0686564177911,195.73753790473864,638.6586851428694,129.7729697125624,83.01643164285663,92.46295350376924,102.67117798758484,646.1508304060274,302.7462633082444,156.07141406723233,216.38693149782293,92.6417343809574,339.3590534517056,313.8383052909627,241.67016365556063,182.429098328568,153.073270514283,218.2171961269533,103.55960170329112,462.6895400713948,414.3241600984896
HT,237.3848224838471,394.9625412726876,197.2404408064585,372.46728428566354,184.83395599999665,385.6250440768724,167.3517391249927,518.9853644999765,199.17578052307175,180.17372473913036,189.62389619045243,160.80102804348223,193.79678646152905,124.76989103224749,302.0662330302963,260.6272406666536,237.0826001851609,141.07548427273218,174.21208963636673,239.55278617458143,184.208972454538,354.3787652563648,180.89588300000116,160.00952905478806,152.90874105127193,144.04822200000356,0.0,122.29043945454832,399.8709450540277,322.56531106118814,204.2437583118169,182.74709644443053,601.1342108571649,194.00832620481145,151.00609092856362,116.4964907368509,145.21400026087758,619.038349000029,376.2567584210535,232.51522970588488,232.77683087877944,176.2941153333329,352.1423137026788,298.72215337033816,265.4083904657397,191.00097786363312,212.8980303999925,195.5722203174454,99.57179661537992,473.1596944999726,428.1541928275685
JM,190.67267624633385,365.6789636363823,195.91596376540227,332.79173662338485,135.5991938636322,344.44992652681105,170.89669295453257,487.0668988636658,195.1574034251728,137.20740648221073,159.28402891774272,142.42603931226074,186.92679055943165,140.95326550439196,277.5944242424086,226.74819106060943,214.0964790572429,142.5702194545453,172.2080158181819,196.21843849928464,188.11501272726983,338.5808574825243,174.36250227273112,162.3800896762004,115.65715519811792,150.26049761038416,122.29043945454832,0.0,351.64232796070985,278.5078165491774,164.82384080156393,177.9817309090919,602.2624888311512,187.21994949068105,156.8627034090839,128.4792468899586,154.24988935968946,636.6686343540412,337.4103821052606,225.207985721938,201.47452606060483,172.9307492929304,313.0197085995283,277.77770969697707,199.7391302615172,161.1063767272656,206.119294981822,162.1496944300132,138.12140025873157,432.28695704548096,386.5743897805917
KN,332.26813382738334,449.4191584766551,398.21375628074185,398.1309005791035,347.23979831082005,400.256571032546,387.8613460472378,549.5214949324642,405.9908044324509,353.21416839013784,362.67140643500767,357.4853965170273,385.50362078999393,387.9629421979315,422.9193796560672,379.3230731982087,360.511209209209,373.4717983439876,386.8329398525569,351.6667160017183,401.9874051597111,421.5711912681738,383.9513768918664,382.985990844131,354.7494866944025,383.33615269494896,399.8709450540277,351.64232796070985,0.0,370.736863210137,354.1061275792247,384.75739489492247,785.6028976834476,391.2027613041316,382.5953036969479,378.1189729160868,390.6617245311194,811.6910682788633,435.0105777524936,409.4836145469175,379.535966994265,385.3876148348555,352.58578378380565,397.8912422422286,351.70385820062614,354.6536313771267,395.4351908540956,344.1301093951167,398.8684465134914,501.83344425679707,417.0983187325527
KY,271.2996178406528,420.83773191089466,326.78066243186925,315.9302244897619,268.96841530613614,312.79152747246377,313.60248681117605,537.3925369898111,334.2543797488337,275.22861073648346,289.2139102040463,269.03990396805415,314.78264885398585,310.13394056552164,365.3780767718272,300.77307057820985,329.52159410425776,298.0686859554766,314.9535398515704,275.0254195010946,315.9776910945771,364.608126635201,307.114158061202,309.9742902404012,284.4463182103379,306.85492065302714,322.56531106118814,278.5078165491774,370.736863210137,0.0,282.2564301075376,307.0457571428363,765.9159285715318,316.6302981743237,307.9098737244902,296.4108575080386,311.7571814409818,780.8301847477,393.5268245327532,343.0542466146484,324.4514786023257,312.6782342516992,326.9910264754394,349.49707785330605,303.07134531728724,270.9079655836668,328.0524545143074,274.61102494327207,319.13384871426894,492.5554094387693,388.6023638283034
LC,193.249467741954,391.46194281527295,254.00382946237008,322.2973732718856,165.29673118281,344.33190818857685,233.03893102147768,517.836028897887,254.6827901990065,181.8429751753356,194.61516159752028,196.34566687985108,244.2667319586348,211.7400074731273,321.65440068426057,231.45569381720432,248.6974205496179,214.2791508797751,234.616479186708,190.08713466463053,208.10168553274335,346.55965425971755,210.98340865594537,228.34690759018463,172.9938404466314,221.0686564177911,204.2437583118169,164.82384080156393,354.1061275792247,282.2564301075376,0.0,212.81267813620408,667.3077933948281,243.3492481400336,223.3621772618881,202.4696256706125,222.0732553538988,702.5434883984767,369.3783692359884,280.9598480708544,244.50842590421504,237.97139874551172,312.02310462077907,313.6147598566531,242.211538253079,206.68146530282257,262.1798723354937,172.68934664619627,212.0007594499465,460.41472916670375,390.5423941416729
MQ,243.28476666664727,375.6898262626362,211.37916253047263,333.6280142857139,184.1321166666733,362.0289692307644,200.44519708331123,507.5935013889501,216.6627417162352,185.7785246376962,195.34737936505368,180.2874164154624,206.63894429058857,183.85024272043472,284.78351494947145,231.0365527777716,271.9164777777632,188.72779420202465,203.26997240404032,248.58452063489835,156.09969191918506,356.80709059829,101.4008550000034,196.4400001369592,182.38997863245163,195.73753790473864,182.74709644443053,177.9817309090919,384.75739489492247,307.0457571428363,212.81267813620408,0.0,659.7011174602869,211.1376508848624,195.70574575395096,175.520510994141,190.6888784637648,646.3619654970562,341.46534584794176,243.592301045763,226.73827777776376,206.29519611110405,330.7386267267394,325.9490481481526,245.9581831050404,202.3049373878709,220.28262853332689,226.46944920633223,188.5474159401568,472.0369263889451,407.2653762452304
MS,674.119663594522,826.7092597402321,667.8468667649119,794.5863928570318,645.062050000022,817.5022289376766,653.760791115986,911.756116071358,667.3576305098809,642.2279925465333,656.3522523810016,638.2620002733232,663.9562565275064,627.8617144008813,727.0093320346634,709.659613095369,685.1705793651006,631.5952807532163,655.817049272654,695.6678809524568,682.1552363636027,806.9096831501452,659.9402264285751,648.9411016242786,625.5407494505615,638.6586851428694,601.1342108571649,602.2624888311512,785.6028976834476,765.9159285715318,667.3077933948281,659.7011174602869,0.0,670.2241093820613,642.790899642849,622.0427521804352,643.7026865838898,913.4272744361374,763.5471061653698,690.8798841175765,676.8319887445565,655.9780489682353,780.0580057915655,759.4465423280925,675.7678111546019,653.7960634869394,672.8920226285912,656.6521031746508,617.2451118351784,851.8311696428012,847.0028694579825
MX,260.6547376311622,403.8029572409604,134.52739494947238,319.022457017206,213.90251522890705,379.13962973277216,117.39951826581226,488.7491007168687,173.17227651603037,209.12005148087343,187.38692405220172,169.85186941487476,129.2533845977742,127.57146920714897,195.8514493278533,240.16142189557192,291.2099504065096,140.20693423986458,114.40974145125736,270.9387813652658,221.2185214556309,352.72628958757684,209.92688804818525,123.0054144632762,192.18157416588497,129.7729697125624,194.00832620481145,187.21994949068105,391.2027613041316,316.6302981743237,243.3492481400336,211.1376508848624,670.2241093820613,0.0,124.98434753786104,137.41167406530994,121.68053856521492,668.297003580813,278.5955052739289,155.99352574698548,231.2700145377784,122.84413561579434,345.8459895177421,337.412559247207,248.1128040985265,182.0518176714108,150.81731925059893,245.80841192253857,148.93093375161757,472.6439026445759,415.7342330864112
NI,244.15260077186528,390.3170215909448,142.30274308064253,319.64349964287226,196.8001860714137,373.2190322069852,103.51158558035662,481.7981335714886,173.9528646208771,190.51194998446,166.3644844047466,167.2111267732953,138.51077600548442,102.36812613594164,204.96909819262507,232.0837670237962,266.67992575394805,107.25108020130034,105.89488451298726,252.72499615076777,201.1345995779068,348.3579452839047,194.4434346428486,91.93390973091697,167.59503293954063,83.01643164285663,151.00609092856362,156.8627034090839,382.5953036969479,307.9098737244902,223.3621772618881,195.70574575395096,642.790899642849,124.98434753786104,0.0,104.55561426692212,104.92966405901464,649.7178508082684,292.3776411841943,149.7705482142875,216.74329656925516,91.24292138889598,337.0885565926862,315.1423509656124,244.12992249021423,183.1283742948013,153.457157185712,221.42480646823108,107.827319576915,459.85124714291385,410.2620291995459
PA,227.611159320858,382.3323348325434,143.81481495415915,327.2841892481214,172.82774223683472,363.1796839136358,117.48252828947795,486.4914651316136,167.9313850429137,168.1247686498787,163.43957493733308,140.3464994096161,132.94520846152756,83.38292906790718,231.0643299840249,224.98672166664983,245.77703769977617,101.0696566220171,116.96847527273496,233.29798532996725,179.6904334928137,341.1460519568169,173.57830131578234,105.58387109589717,150.60846234817382,92.46295350376924,116.4964907368509,128.4792468899586,378.1189729160868,296.4108575080386,202.4696256706125,175.520510994141,622.0427521804352,137.41167406530994,104.55561426692212,0.0,96.5832854096175,630.4404663157712,313.9874642105215,173.82468572756414,214.91382854863187,119.73861616960072,332.19095994310004,297.9507494736702,238.5826103821009,164.28549625023797,151.3285993684209,198.5492944026577,89.26036903238398,455.7951446052957,407.09551125228455
PE,243.9972163085482,392.7920364821941,126.01427154277432,326.8944792794869,194.42593663043232,374.66645567445335,96.1897135570691,483.4301084999805,165.3809470133778,187.83458626086912,176.4166271966874,158.8177303478251,118.1688685819435,83.67381043898786,222.01170203951983,233.04357897100783,264.35805270852524,113.37724866403887,97.7824931225302,251.4865476369806,192.93737101976035,346.6000724325386,188.93544656521848,104.02792291602366,166.637222343367,102.67117798758484,145.21400026087758,154.24988935968946,390.6617245311194,311.7571814409818,222.0732553538988,190.6888784637648,643.7026865838898,121.68053856521492,104.92966405901464,96.5832854096175,0.0,646.3267420503805,309.667838494267,158.9369609002627,221.7339730645513,115.27965638165438,342.09534401173335,316.89642000642823,249.11761106371992,179.61491600671576,143.98495587826412,218.09037470807007,102.93666993646043,465.0934698478095,415.3411818410596
PM,717.1337665535428,825.7565287081135,658.7071575720988,798.6569924811035,672.0748157895073,828.4453643724278,654.5882633058388,908.4119506578298,661.6137075408849,668.1420267734088,675.8867644110807,637.9800799679946,660.3474673360619,633.5498701918106,711.977520255213,719.9608539475068,716.8972768031549,644.6774839712614,656.1523528803157,729.7801002507166,675.7712693779616,795.8961511470648,647.8545723684192,649.6917778010215,656.9558659919062,646.1508304060274,619.038349000029,636.6686343540412,811.6910682788633,780.8301847477,702.5434883984767,646.3619654970562,913.4272744361374,668.297003580813,649.7178508082684,630.4404663157712,646.3267420503805,0.0,754.8124642104832,681.5786719813574,684.8971682615357,658.3736381286371,801.135219061233,781.1317037037662,697.6814474405319,662.3600007463403,664.9329116631808,694.8071194653928,628.7039338421235,882.2270888157382,860.1714246822536
PR,371.1636926315702,482.59347081339536,287.2550158404223,357.07628518795934,333.845822368411,439.5387334682911,288.9832457072122,530.1366156579005,319.78304447854725,324.3625177116597,315.3959228069992,301.1052449061679,280.6814929392565,320.60197066725124,238.6582685167209,324.7841976315665,414.71514136451935,294.6581907655413,283.8407531770229,388.3939053968151,368.184839234443,450.1694584885372,340.34948184209014,294.80610123286925,330.52532094466085,302.7462633082444,376.2567584210535,337.4103821052606,435.0105777524936,393.5268245327532,369.3783692359884,341.46534584794176,763.5471061653698,278.5955052739289,292.3776411841943,313.9874642105215,309.667838494267,754.8124642104832,0.0,274.05345956656936,318.55936437000906,282.3330270467704,417.59942793740913,441.95004148148575,289.1605415572958,286.77509844593084,272.32243191577635,376.1983005179526,339.1668900364276,524.2470719736922,459.821808239565
PY,293.6478729411903,427.1812734224649,141.3463648652659,332.1198584874009,247.80888676472304,399.0379596983356,132.68892698530007,495.0354189706049,188.28135082805468,242.70996079285536,222.5470470028077,215.33412390792748,155.5359073846105,168.10443672296017,187.7160303743139,265.1710679411843,322.68364357298844,170.4736865775514,140.87309175401631,305.91207236228416,252.8292291443933,380.6245887933652,241.7631885294279,151.68846009669858,225.81288897435704,156.07141406723233,232.51522970588488,225.207985721938,409.4836145469175,343.0542466146484,280.9598480708544,243.592301045763,690.8798841175765,155.99352574698548,149.7705482142875,173.82468572756414,158.9369609002627,681.5786719813574,274.05345956656936,0.0,243.6136562032056,146.0565216993542,372.5794039268855,368.2876724836631,260.3764415229774,226.7030087192374,139.52960687059297,280.73454321195914,186.83517032126656,492.2675601470704,439.5153413793398
SR,263.5984793743788,416.0433575757324,231.3372241153475,324.8896857142545,209.15953030304684,377.9440850815448,217.72523477271076,496.10368598483547,234.44272368065023,200.6482476943478,197.85636753244705,208.37957271936773,227.32606165034323,221.82168952199748,275.56984424240113,233.0598143939304,300.9336367003183,213.94215060606183,221.0757578181798,275.4308873015677,244.11771515149692,368.25618298364674,222.3300419697032,215.88659065585344,173.28177342656522,216.38693149782293,232.77683087877944,201.47452606060483,379.535966994265,324.4514786023257,244.50842590421504,226.73827777776376,676.8319887445565,231.2700145377784,216.74329656925516,214.91382854863187,221.7339730645513,684.8971682615357,318.55936437000906,243.6136562032056,0.0,222.94047525251776,344.2919976248961,356.9558326599031,204.37012615192768,215.94262724846917,235.2926596121185,253.8983034631888,232.34232280418863,471.5173784090738,420.91283897598566
SV,254.9995871146823,398.1465048990088,142.78657573476352,318.15923730159665,207.78325166666443,376.9921590171098,107.07406138889571,482.6126002778171,178.10614835726344,201.74863524154708,178.67600706348867,177.0265549082118,136.99661226494857,117.2534293046507,190.49762646464012,237.63605222222017,282.2615220370312,123.18690518182711,106.37035651515872,264.7473192857047,216.2721101010065,355.0035897436042,204.497494444446,92.28597630137789,183.1196450854655,92.6417343809574,176.2941153333329,172.9307492929304,385.3876148348555,312.6782342516992,237.97139874551172,206.29519611110405,655.9780489682353,122.84413561579434,91.24292138889598,119.73861616960072,115.27965638165438,658.3736381286371,282.3330270467704,146.0565216993542,222.94047525251776,0.0,341.9295704654782,327.58279759260324,242.28874386604485,189.9753099262586,148.94458793334206,235.82870015872,131.95402341025155,465.2910041667024,414.4351524329784
SX,294.87261072362764,388.16206511056896,358.52253336181974,345.6667722007478,307.7420243243403,352.13286070684063,341.51495951852866,518.4219307432833,365.19196767527177,312.15957426559294,320.80214697553106,315.74925988248185,346.2588552473793,339.8142858491919,394.9068527600728,327.9816484234317,324.2955255255288,327.0816688599595,343.4566209582144,307.9902629772671,341.2320867321931,374.425205128192,329.197857162157,341.66959868565783,312.98998399168147,339.3590534517056,352.1423137026788,313.0197085995283,352.58578378380565,326.9910264754394,312.02310462077907,330.7386267267394,780.0580057915655,345.8459895177421,337.0885565926862,332.19095994310004,342.09534401173335,801.135219061233,417.59942793740913,372.5794039268855,344.2919976248961,341.9295704654782,0.0,349.80213913913195,336.24557452791987,313.44926164199325,358.36542843246445,299.98121964822906,346.96911601869164,476.60417398652544,372.21338117430366
