ISO_CODE,AD,AL,AT,BA,BE,BG,BY,CH,CY,CZ,DE,DK,EE,ES,FI,FO,FR,GB,GI,GR,HR,HU,IE,IM,IS,IT,LI,LT,LU,LV,MC,MD,ME,MK,MT,NL,NO,PL,PT,RO,RS,RU,SE,SI,SK,SM,UA
AD,0.0,10.95685238095242,9.7634878320802,12.592326309523829,9.153325412474818,17.27348432539677,10.493720385232704,9.13592522556392,13.046968049155158,10.6083940056022,9.72288262797618,10.028273496240615,9.948510376687969,9.495792571428527,10.241343037766796,11.068996031746003,9.410080789915964,9.832151339140491,17.276601449275336,14.636108346320349,13.676852205513809,12.106655213032592,12.702046190476214,11.683517857142864,10.631634615384646,11.338962599078291,18.761261904761835,13.118621577380946,9.35953419913423,9.670515435139588,19.498285714285704,9.64143978494624,10.805403030303012,13.026460303030342,13.923424603174578,9.761378023087971,10.15449444444443,11.60760007440479,11.374390207373247,14.93675136054419,12.148209653679563,10.15454911904758,9.9092258407738,10.949790043290024,12.412282095238025,31.668570028011157,10.008565406926367
AL,10.95685238095242,0.0,6.495063947368401,6.285489038461515,6.31005355362946,12.101673952991444,6.8310601555747565,5.9390681578947255,7.86925113316792,6.874824555052756,6.55532968269229,6.608290101214555,6.329353915040182,5.699758634615355,6.8484492572944005,12.180005384615434,6.797172859728496,7.200129086303929,17.60156789297667,9.717229202797188,8.400529919028331,7.5938585290148195,8.744950494505485,12.345775769230825,7.470423846153832,6.490119156327518,18.388221538461604,7.705417067307689,6.907271375291367,5.535955614500415,20.537306153846213,5.012669677419332,5.3208320279720125,6.161153076923048,10.080391709401743,6.542163954933916,7.039164700854715,7.028829235576903,7.5372704342431645,9.707249843014106,5.9517674825174725,6.64615225641023,6.705579795673056,6.027609526029529,7.361859692307677,28.90695438914037,5.864666048951028
AT,9.7634878320802,6.495063947368401,0.0,7.859830131578954,4.136903169014078,13.766343611111097,6.700896614429336,3.559119999999992,8.938808984153917,5.766539891640852,3.108322973684186,5.262329999999994,5.764495942655135,5.284222574561384,5.345812676950991,11.16134921052632,5.010083919504625,5.975686274711155,17.65788207093821,10.904495755980854,9.124102894736856,7.206118157894731,8.526777857142854,11.748720789473692,6.635118198380554,7.130380843803038,16.55895307017543,8.560624375000033,5.40353672248806,5.296597964307303,20.210364210526308,5.610728593661562,6.867973947368439,8.79553868421054,11.023543654970773,4.653051741095148,5.425052894736846,6.760708759868405,7.651812105263155,11.35606860902256,7.555509082934616,6.302618166666651,4.740543379934184,6.028260183413081,7.45068769473686,29.49311942724449,6.045857550239223
BA,12.592326309523829,6.285489038461515,7.859830131578954,0.0,7.997891390845079,10.889782222222196,9.562936095505666,8.055132236842121,7.567867526881689,7.579435147058806,8.271970249999997,8.236125592105287,8.46602324626865,7.270115166666657,8.870748275862079,13.566117083333358,8.892030044117659,8.547997939024363,18.39986951086957,9.27746370454544,6.852853355263131,7.223262061403505,8.68200946428572,13.61504291666668,9.15229826923074,8.042760129032251,19.007084166666704,7.917544375000008,8.625152500000002,7.393337916666653,22.15122500000007,7.069940672042988,5.702466666666652,6.278039318181794,10.6412847222222,7.866600972222208,8.98178069444447,6.661436562499994,7.9331683064516065,8.792913010204057,4.891423068181815,9.190219166666646,8.033728281249992,6.590019696969697,6.908628649999987,28.523279705882462,7.484135204545479
BE,9.153325412474818,6.31005355362946,4.136903169014078,7.997891390845079,0.0,14.050396623630656,5.703552266181347,3.0468445552260888,9.087216033621065,5.853630585473618,3.813447558098571,4.64323035952557,4.999677307126331,4.793182537558668,4.728458581835833,10.559561940532037,3.4933004043081888,5.464571914462362,17.54010474586645,11.098493539052484,9.395436486286094,7.543856090931558,8.627122857142842,11.019820751173668,5.944749057421422,7.043793171285754,17.121619577464692,8.594213036971832,4.625582326077683,4.595497210620022,19.40180422535205,5.1322124019384985,6.76484795988049,8.828839615877062,11.094754820031278,3.239471617584284,4.551978020344293,6.726670669894375,7.574219756928676,11.626893618855988,7.633969918907382,5.356482061032839,4.105843602552813,6.31482403329066,7.881478123943674,29.79327462303229,5.827778792573603
BG,17.27348432539677,12.101673952991444,13.766343611111097,10.889782222222196,14.050396623630656,0.0,16.12716731273405,14.205286973684212,10.986501586021497,11.84513151960785,14.35887267361106,13.843765307017526,14.313646355721383,12.89008869444442,15.147958151340957,17.99879527777772,14.74894161111112,13.71554860298101,20.570806461352607,8.72216044949493,10.266913084795318,10.506359254385956,13.058702103174618,18.15864083333328,15.370310064102544,11.729981668458796,21.87746194444436,11.987114097222191,13.952689166666682,13.209656637931024,23.491609722222133,12.759932123655908,11.962143510101011,10.74021234848484,13.620879722222204,13.54426204545454,15.391926388888852,10.785989048611116,12.013824829749126,8.577932103174591,10.074218964646455,15.489888944444388,14.18972550347218,11.724616287878767,10.234426411111103,27.6653441993463,11.884512388888872
BY,10.493720385232704,6.8310601555747565,6.700896614429336,9.562936095505666,5.703552266181347,16.12716731273405,0.0,5.002207377291532,11.563060939954116,7.587903573474279,5.571828152387647,6.4184564725014805,4.6165853597182425,7.086926784644178,4.583044738473438,10.50278558052432,5.240780892266998,7.819511225815271,19.7399510991695,13.783190757916234,11.96735166765229,10.026955550956032,11.267529390048166,12.40057593632957,6.265857000864292,9.803995727437446,18.47578239700372,10.340489108146071,7.34398270343893,4.972912837401488,21.21467724719104,5.310957605412579,8.21732308478041,10.516624831460684,13.89111429463174,6.505616437407735,4.815969612983764,9.07830019030899,10.45572258608189,13.828378271038748,9.307000949948849,1.7388541142322091,5.214516599368004,8.468559584610146,9.954400197752802,31.44911665565104,5.926544084780375
CH,9.13592522556392,5.9390681578947255,3.559119999999992,8.055132236842121,3.0468445552260888,14.205286973684212,5.002207377291532,0.0,9.195403211658167,6.06767580495355,3.100306049342097,4.765735263157884,4.481259524744679,4.98157122807015,4.430292422867499,10.315694824561408,3.671330126934977,5.442676690629004,17.600595389016018,11.421500875598085,9.78054394736843,7.86131184210527,8.731415000000004,11.085957543859674,5.577040060728719,7.029392517826812,16.57479850877194,8.788442730263185,4.739255334928225,4.356924322444016,19.482354473684165,4.8411669977362575,6.533954776714528,8.823334856459338,11.37162447368422,4.261038870281754,4.241712836257306,7.004912273026298,7.909854142614603,11.88661331364124,7.7288072169059,4.69726513157892,4.236614416118387,6.405255643274865,8.036519189473701,29.96835645510825,5.809037339712904
CY,13.046968049155158,7.86925113316792,8.938808984153917,7.567867526881689,9.087216033621065,10.986501586021497,11.563060939954116,9.195403211658167,0.0,8.964155838077144,9.877966129704246,9.618075662139224,9.943339704702304,7.981078215053734,10.594357245087142,14.35460734767027,9.88137051106894,9.07443123655912,17.366740112201953,7.31870107526879,7.585811414827393,7.5751793944538734,8.47160183563749,13.791431182795725,10.771702770885032,7.606741182795677,19.434839784946178,7.870558138440826,9.121060606060642,8.67081679644047,21.75620537634401,7.970878494623644,7.425488074291342,7.245509511241427,8.203566308243749,9.081163665689097,10.75780629032257,7.8454608568548,7.548994032258065,8.722154160631982,7.25695862170084,11.117516059139744,9.838182998991885,7.555540143369176,8.194773625806448,27.759815623023243,8.49118723655912
CZ,10.6083940056022,6.874824555052756,5.766539891640852,7.579435147058806,5.853630585473618,11.84513151960785,7.587903573474279,6.06767580495355,8.964155838077144,0.0,5.948527528186275,5.9080520897832765,6.280663816213027,5.8685100980392,6.452393421230519,11.231928169934614,6.46166352941174,6.442701560497361,17.472515566922382,9.8819552228164,8.230969545923612,5.944055386996894,8.24144805322129,11.89023382352937,7.41512843137248,7.282732199873487,17.339086666666628,8.133791139705862,6.571226167557902,5.585792981744398,19.91176950980384,6.039085844402242,6.93100370766486,8.568897557932234,11.084164379084978,5.76083448009506,6.597127941176451,5.721961653186253,7.380238946869064,9.81855113245297,6.9895314260249375,7.085631117647004,5.586996951593116,6.043326844919787,4.769286933333352,28.864328627450817,5.3840218057040765
DE,9.72288262797618,6.55532968269229,3.108322973684186,8.271970249999997,3.813447558098571,14.35887267361106,5.571828152387647,3.100306049342097,9.877966129704246,5.948527528186275,0.0,4.938543529605256,5.171379111007452,5.290317562499999,4.452872987068959,10.489152173611084,3.926100713235289,5.878661673780463,18.18281151902169,11.638308284090863,9.86507356578946,7.958729760964898,9.271113455357112,12.080437124999976,6.220516591346122,7.529662201612886,16.83573220833328,9.250771312499998,5.6780426609848345,5.003998198275849,20.118997937499955,5.608896305779551,7.079864647727258,9.196353857954527,12.11559327777774,4.350925455176755,4.4753152361111175,6.957022187500006,8.373804286290309,11.935296770408147,8.037186134469687,5.2125795625000135,4.111287781250003,6.777892570075751,8.009256325000003,30.179068775735274,6.3092221534090855
DK,10.028273496240615,6.608290101214555,5.262329999999994,8.236125592105287,4.64323035952557,13.843765307017526,6.4184564725014805,4.765735263157884,9.618075662139224,5.9080520897832765,4.938543529605256,0.0,5.567058024351912,5.688955758771918,4.447176941923764,10.59271529239768,5.45442222910216,6.305769109114248,17.822076670480552,11.049782253588493,9.565724473684227,7.511055350877196,9.015637142857134,11.823461666666692,6.5518032186234665,7.266461573853972,17.529957807017514,8.94200582236845,6.150358620414698,5.290623318209299,20.09150578947365,5.806601264855682,6.968173612440206,8.819633468899534,11.684588567251463,4.430739906964368,4.201740877192972,6.730134865131582,7.977566162988125,11.53957560150374,7.739270645933016,5.9900629561403385,3.809947031249976,6.406956547049455,7.830744705263192,29.58453178018564,5.723632736842094
EE,9.948510376687969,6.329353915040182,5.764495942655135,8.46602324626865,4.999677307126331,14.313646355721383,4.6165853597182425,4.481259524744679,9.943339704702304,6.280663816213027,5.171379111007452,5.567058024351912,0.0,6.293483369402968,4.513408569222827,10.621806550580404,5.140374773485493,6.347991275209303,18.234329785853294,11.9545529009498,10.328838939512952,8.196209025923013,9.329891012793174,11.429447761194012,5.819311653272077,8.419993267212307,17.579108457711385,8.629079878731325,5.874286974219814,3.813397117858961,20.28176791044779,5.130570855400403,7.0506526458616126,9.231652930800534,11.807095605306795,5.675666656113344,4.773348424543939,7.700016982276101,8.81673002648049,12.047755964057254,8.178475427408362,4.499885134328325,4.788097325093283,6.740323533845922,8.39727543880597,30.38570342405628,5.81615706512888
ES,9.495792571428527,5.699758634615355,5.284222574561384,7.270115166666657,4.793182537558668,12.89008869444442,7.086926784644178,4.98157122807015,7.981078215053734,5.8685100980392,5.290317562499999,5.688955758771918,6.293483369402968,0.0,6.186557936781583,11.545462611111066,5.09358294117647,6.12161800813008,17.519050684782584,9.791265613636362,8.473508706140327,7.340823206140328,8.375962071428567,11.971812333333306,7.090849634615338,5.815657443548382,17.750093416666626,7.922900124999988,6.0864907575757385,5.218793206896537,19.96054325000004,5.434606631720411,6.3307625303030095,7.855195265151488,10.298845555555548,5.066081825757542,6.394006749999987,6.443759104166659,5.883017150537613,10.533210061224478,6.824910893939379,6.588427166666641,5.785462906249999,5.780004901515138,7.340724350000007,28.436543602941267,5.916679780303009
FI,10.241343037766796,6.8484492572944005,5.345812676950991,8.870748275862079,4.728458581835833,15.147958151340957,4.583044738473438,4.430292422867499,10.594357245087142,6.452393421230519,4.452872987068959,4.447176941923764,4.513408569222827,6.186557936781583,0.0,10.444887049808408,4.753438097363064,6.8835478158116095,18.751861694152883,12.312638514106563,10.76030533575319,8.64585376890502,9.883628399014782,12.308533218390796,5.871164509283759,8.512481127919886,18.04135643678161,9.313836271551732,6.498044879832802,4.857650229885029,20.50378051724135,5.894594872080041,7.735791044932037,9.816474169279,12.895496053639848,4.963073723441294,3.1764919348658847,7.854036006465478,8.99214125139043,12.749317642505256,8.679418307209989,4.327397017241348,3.587415264008603,7.374618059909437,8.862772924137937,30.556799046653005,6.252201100313439
FO,11.068996031746003,12.180005384615434,11.16134921052632,13.566117083333358,10.559561940532037,17.99879527777772,10.50278558052432,10.315694824561408,14.35460734767027,11.231928169934614,10.489152173611084,10.59271529239768,10.621806550580404,11.545462611111066,10.444887049808408,0.0,10.28240441830065,10.632892962059584,17.15887801932364,15.20924301010098,14.48228327485384,12.707920935672508,13.130730079365096,11.82891666666667,10.642351282051305,12.733704759856586,18.79021666666668,14.448389930555557,11.253716666666682,10.799624712643698,20.240791666666738,10.983955017921142,12.53328434343432,14.131894141414165,15.428327777777776,10.812298585858548,9.986514444444436,12.475152243055565,13.18143259856627,15.96047582766437,13.129754343434248,10.27946288888884,10.285411163194404,12.136946969696924,13.121183511111044,31.65088725490209,10.936055101010052
FR,9.410080789915964,6.797172859728496,5.010083919504625,8.892030044117659,3.4933004043081888,14.74894161111112,5.240780892266998,3.671330126934977,9.88137051106894,6.46166352941174,3.926100713235289,5.45442222910216,5.140374773485493,5.09358294117647,4.753438097363064,10.28240441830065,0.0,6.244622338593965,18.312673800511533,11.74935804812831,10.287363835913334,8.550522663570696,9.7820596470588,11.691845823529412,6.089674416289573,7.5484596299810045,17.523488411764713,9.371613080882376,5.3647748092691625,5.022845663962116,19.16462870588236,5.7103981094243945,7.360319807486622,9.499332187165772,11.981452183006542,4.96710712061791,4.843312202614366,7.533166540441168,8.183553468690688,12.089803606242466,8.317720098039203,4.839458480392134,4.619685994485298,6.960630360665469,8.632031035294142,30.26839129411757,6.436053545454526
GB,9.832151339140491,7.200129086303929,5.975686274711155,8.547997939024363,5.464571914462362,13.71554860298101,7.819511225815271,5.442676690629004,9.07443123655912,6.442701560497361,5.878661673780463,6.305769109114248,6.347991275209303,6.12161800813008,6.8835478158116095,10.632892962059584,6.244622338593965,0.0,15.646781651113434,10.658579833702875,9.799315752246462,7.543309861788614,5.886188341463406,9.80025543089426,6.870321431519665,7.431768743509057,17.272921878048706,9.158819856707307,5.792985328159643,5.792741523689356,19.40642963414632,6.0626523632310345,7.3908175705838755,9.324105119733906,9.799286902439029,5.84898284823846,7.050117747967466,7.479318852134122,7.986800678206122,11.29276851816821,8.50319552919437,7.324756532520293,6.134463171493874,7.100110455038168,7.965674521951212,29.36192211047337,6.486518900221703
GI,17.276601449275336,17.60156789297667,17.65788207093821,18.39986951086957,17.54010474586645,20.570806461352607,19.7399510991695,17.600595389016018,17.366740112201953,17.472515566922382,18.18281151902169,17.822076670480552,18.234329785853294,17.519050684782584,18.751861694152883,17.15887801932364,18.312673800511533,15.646781651113434,0.0,18.198308885375443,18.326727574370768,17.2845896338673,16.233201459627374,17.6058804347826,18.942355016722416,17.244090499298743,20.91767536231889,18.346752309782648,17.437832279314875,17.58594872563723,20.16815760869572,17.59352304815333,17.48383689064556,18.15842154150205,17.15404879227049,17.445050316205542,18.883483888888755,18.07750364402173,17.479549558204724,19.236063629103903,17.87796151515149,19.21146468840576,18.216948811141272,17.532420992534004,18.003352382608604,31.422818414322364,17.282018249011784
GR,14.636108346320349,9.717229202797188,10.904495755980854,9.27746370454544,11.098493539052484,8.72216044949493,13.783190757916234,11.421500875598085,7.31870107526879,9.8819552228164,11.638308284090863,11.049782253588493,11.9545529009498,9.791265613636362,12.312638514106563,15.20924301010098,11.74935804812831,10.658579833702875,18.198308885375443,0.0,7.938399205741609,8.389965955342905,10.16910770129868,15.354571060606094,12.618568769230734,8.525999730205259,20.18079939393928,9.564467761363629,11.116038181818183,10.852558374085676,21.527575727272637,10.4163811495601,9.292618424242407,8.614101999999994,10.88345949494948,10.567193151515136,12.709478111111114,8.54925613068178,8.69052173900293,7.443254400742092,8.179048060606043,13.241374575757549,11.26159865056815,8.88707381818179,8.769072436363595,27.4002029304811,9.834350272727242
HR,13.676852205513809,8.400529919028331,9.124102894736856,6.852853355263131,9.395436486286094,10.266913084795318,11.96735166765229,9.78054394736843,7.585811414827393,8.230969545923612,9.86507356578946,9.565724473684227,10.328838939512952,8.473508706140327,10.76030533575319,14.48228327485384,10.287363835913334,9.799315752246462,18.326727574370768,7.938399205741609,0.0,7.083417894736833,9.639840451127824,14.761636403508806,10.932367854251002,8.286951738539887,19.39196403508776,8.720699835526297,9.77020891547051,9.284042583182067,22.514308421052704,8.876810305602689,7.36852945773522,7.68563732057413,10.570228479532178,9.303184263689513,10.723254853801135,7.225635187499964,7.9007957300509215,8.079889774436074,6.172416140350856,11.437870929824545,9.608052458881549,6.94398988304093,7.285063852631559,27.733445108359177,8.743117440191359
HU,12.106655213032592,7.5938585290148195,7.206118157894731,7.223262061403505,7.543856090931558,10.506359254385956,10.026955550956032,7.86131184210527,7.5751793944538734,5.944055386996894,7.958729760964898,7.511055350877196,8.196209025923013,7.340823206140328,8.64585376890502,12.707920935672508,8.550522663570696,7.543309861788614,17.2845896338673,8.389965955342905,7.083417894736833,0.0,7.6261688847117695,12.635294999999998,9.135435060728724,7.450029343520064,18.076790701754405,7.737625603070209,8.074301100478479,7.282501167574098,20.88130157894744,7.453824646293147,7.43386693779905,7.867209792663488,10.11307040935674,7.320485263157884,8.859483713450297,6.137203194078933,7.129545464063376,8.649703487289628,6.944843381180239,9.47320507017542,7.8417933854166675,6.159811084529502,5.668181466666679,28.061958132094997,6.682480269537463
IE,12.702046190476214,8.744950494505485,8.526777857142854,8.68200946428572,8.627122857142842,13.058702103174618,11.267529390048166,8.731415000000004,8.47160183563749,8.24144805322129,9.271113455357112,9.015637142857134,9.329891012793174,8.375962071428567,9.883628399014782,13.130730079365096,9.7820596470588,5.886188341463406,16.233201459627374,10.16910770129868,9.639840451127824,7.6261688847117695,0.0,12.04839571428574,9.700174725274724,8.62244206912441,18.499485238095264,9.129428839285715,8.389709675324678,8.577199269293917,20.936014285714236,8.443527872503845,8.55017636363636,9.52831103896103,8.904976428571441,8.471360007214997,10.14780357142858,8.162575901785702,8.172827442396322,10.61395510204081,9.000840887445879,10.792779452380923,9.13253042410712,7.902746774891778,8.227327428571432,28.359024327730964,8.576893402597388
IM,11.683517857142864,12.345775769230825,11.748720789473692,13.61504291666668,11.019820751173668,18.15864083333328,12.40057593632957,11.085957543859674,13.791431182795725,11.89023382352937,12.080437124999976,11.823461666666692,11.429447761194012,11.971812333333306,12.308533218390796,11.82891666666667,11.691845823529412,9.80025543089426,17.6058804347826,15.354571060606094,14.761636403508806,12.635294999999998,12.04839571428574,0.0,11.995564743589783,12.612361419354816,19.722825000000068,13.739260208333326,10.933061363636396,11.308960057471287,21.518125000000072,11.169492204301102,12.469403787878807,14.11414454545456,13.538355555555592,11.857554797979764,12.186348888888872,13.006031145833358,13.241750376344063,15.59975119047616,13.790399848484777,12.16453266666663,11.837513177083297,12.476255050505006,13.365362866666604,32.21747549019614,11.278671333333309
IS,10.631634615384646,7.470423846153832,6.635118198380554,9.15229826923074,5.944749057421422,15.370310064102544,6.265857000864292,5.577040060728719,10.771702770885032,7.41512843137248,6.220516591346122,6.5518032186234665,5.819311653272077,7.090849634615338,5.871164509283759,10.642351282051305,6.089674416289573,6.870321431519665,18.942355016722416,12.618568769230734,10.932367854251002,9.135435060728724,9.700174725274724,11.995564743589783,0.0,9.198769310173653,18.17750384615387,10.180842932692284,6.464659557109538,5.921332404951352,21.082465384615457,6.7792110421836105,7.708683799533794,9.964663356643332,11.899246581196596,6.393463014762958,5.83375735042735,8.508724860576887,9.362383287841176,13.070662967032948,9.113406153846082,6.095659910256363,5.626067271634614,7.744601282051276,9.227053076923063,31.018740045248848,7.333642999999979
IT,11.338962599078291,6.490119156327518,7.130380843803038,8.042760129032251,7.043793171285754,11.729981668458796,9.803995727437446,7.029392517826812,7.606741182795677,7.282732199873487,7.529662201612886,7.266461573853972,8.419993267212307,5.815657443548382,8.512481127919886,12.733704759856586,7.5484596299810045,7.431768743509057,17.244090499298743,8.525999730205259,8.286951738539887,7.450029343520064,8.62244206912441,12.612361419354816,9.198769310173653,0.0,18.110278623655887,8.057112108870944,7.628519257086978,7.210435914720028,20.08769022580645,7.047519032258023,6.932655591397834,7.7567389912023375,9.384233118279566,7.07300834213095,8.754885086021483,6.85173951814514,6.410022548387074,9.382483036208004,7.046700993157365,9.034417521505343,7.779816759072565,6.847545012707705,7.730962541935467,26.465401089184063,7.348517662756576
LI,18.761261904761835,18.388221538461604,16.55895307017543,19.007084166666704,17.121619577464692,21.87746194444436,18.47578239700372,16.57479850877194,19.434839784946178,17.339086666666628,16.83573220833328,17.529957807017514,17.579108457711385,17.750093416666626,18.04135643678161,18.79021666666668,17.523488411764713,17.272921878048706,20.91767536231889,20.18079939393928,19.39196403508776,18.076790701754405,18.499485238095264,19.722825000000068,18.17750384615387,18.110278623655887,0.0,18.896919791666686,17.14820303030301,17.26135862068973,20.419166666666744,17.38449032258066,18.576351515151487,19.559862727272797,19.755733333333232,17.51667949494949,17.982649999999886,18.043876229166685,18.38301532258057,20.674480612244945,19.126976666666657,18.159158333333263,17.57957817708328,17.903991919191874,18.320379733333244,29.9113725490197,17.22145475757566
LT,13.118621577380946,7.705417067307689,8.560624375000033,7.917544375000008,8.594213036971832,11.987114097222191,10.340489108146071,8.788442730263185,7.870558138440826,8.133791139705862,9.250771312499998,8.94200582236845,8.629079878731325,7.922900124999988,9.313836271551732,14.448389930555557,9.371613080882376,9.158819856707307,18.346752309782648,9.564467761363629,8.720699835526297,7.737625603070209,9.129428839285715,13.739260208333326,10.180842932692284,8.057112108870944,18.896919791666686,0.0,8.898803958333325,7.117529418103448,21.77781187500007,7.562511229838689,7.722535359848481,7.730144034090888,10.063013819444404,8.666155473484826,9.65849784722224,7.408103937499986,7.605152358870984,9.952530267857137,7.354368920454538,9.827725458333344,8.884152656249997,7.431325978535357,7.749025174999994,28.01396253676483,7.439760875000019
LU,9.35953419913423,6.907271375291367,5.40353672248806,8.625152500000002,4.625582326077683,13.952689166666682,7.34398270343893,4.739255334928225,9.121060606060642,6.571226167557902,5.6780426609848345,6.150358620414698,5.874286974219814,6.0864907575757385,6.498044879832802,11.253716666666682,5.3647748092691625,5.792985328159643,17.437832279314875,11.116038181818183,9.77020891547051,8.074301100478479,8.389709675324678,10.933061363636396,6.464659557109538,7.628519257086978,17.14820303030301,8.898803958333325,0.0,5.551670323928939,19.49206287878787,5.847321309872945,6.461833333333346,9.08637303030302,9.80301515151515,5.646875656565616,6.595525000000026,7.607510554924199,7.764848343108525,11.603733160173162,8.249874848484826,7.054501863636343,5.96957540246213,6.645194949494958,8.247774715151516,30.031256149732563,6.469885242424243
LV,9.670515435139588,5.535955614500415,5.296597964307303,7.393337916666653,4.595497210620022,13.209656637931024,4.972912837401488,4.356924322444016,8.67081679644047,5.585792981744398,5.003998198275849,5.290623318209299,3.813397117858961,5.218793206896537,4.857650229885029,10.799624712643698,5.022845663962116,5.792741523689356,17.58594872563723,10.852558374085676,9.284042583182067,7.282501167574098,8.577199269293917,11.308960057471287,5.921332404951352,7.210435914720028,17.26135862068973,7.117529418103448,5.551670323928939,0.0,20.00160287356321,4.126700333704095,6.192249111807709,7.894570188087746,10.841325287356344,5.021907645419687,5.022088237547889,6.684196051005724,7.754794473489041,11.007168930330751,7.145701452455558,4.644710057471234,4.739700475933896,6.056632950191553,7.222287420689653,29.40584110885726,4.727182233019837
MC,19.498285714285704,20.537306153846213,20.210364210526308,22.15122500000007,19.40180422535205,23.491609722222133,21.21467724719104,19.482354473684165,21.75620537634401,19.91176950980384,20.118997937499955,20.09150578947365,20.28176791044779,19.96054325000004,20.50378051724135,20.240791666666738,19.16462870588236,19.40642963414632,20.16815760869572,21.527575727272637,22.514308421052704,20.88130157894744,20.936014285714236,21.518125000000072,21.082465384615457,20.08769022580645,20.419166666666744,21.77781187500007,19.49206287878787,20.00160287356321,0.0,20.0004451612903,20.841679545454543,21.912175454545565,22.265805555555435,19.84194737373737,20.64534777777765,20.816612062499978,20.51790596774186,22.60143734693886,21.39815636363642,20.47356933333328,20.25306390625,20.75957727272729,20.83658479999999,32.19631617647072,19.80981781818178
MD,9.64143978494624,5.012669677419332,5.610728593661562,7.069940672042988,5.1322124019384985,12.759932123655908,5.310957605412579,4.8411669977362575,7.970878494623644,6.039085844402242,5.608896305779551,5.806601264855682,5.130570855400403,5.434606631720411,5.894594872080041,10.983955017921142,5.7103981094243945,6.0626523632310345,17.59352304815333,10.4163811495601,8.876810305602689,7.453824646293147,8.443527872503845,11.169492204301102,6.7792110421836105,7.047519032258023,17.38449032258066,7.562511229838689,5.847321309872945,4.126700333704095,20.0004451612903,0.0,5.851113196480954,7.682367086998995,10.268278315412196,5.891754757249879,5.919696308243719,6.561115151209648,7.803819623655912,10.046909927583911,6.741811896383148,5.007308983870939,5.752307313508056,5.844722385141742,7.461067991397846,29.180740037950518,4.554338268817181
ME,10.805403030303012,5.3208320279720125,6.867973947368439,5.702466666666652,6.76484795988049,11.962143510101011,8.21732308478041,6.533954776714528,7.425488074291342,6.93100370766486,7.079864647727258,6.968173612440206,7.0506526458616126,6.3307625303030095,7.735791044932037,12.53328434343432,7.360319807486622,7.3908175705838755,17.48383689064556,9.292618424242407,7.36852945773522,7.43386693779905,8.55017636363636,12.469403787878807,7.708683799533794,6.932655591397834,18.576351515151487,7.722535359848481,6.461833333333346,6.192249111807709,20.841679545454543,5.851113196480954,0.0,5.945610606060571,9.185494949494952,6.778814646464603,7.883173282828318,6.784150297348448,7.280880043988278,9.16151039579467,4.976471818181799,7.936422560606034,6.970110156250009,6.105771717171727,6.961708218181815,28.451096613190742,6.461108272727275
MK,13.026460303030342,6.161153076923048,8.79553868421054,6.278039318181794,8.828839615877062,10.74021234848484,10.516624831460684,8.823334856459338,7.245509511241427,8.568897557932234,9.196353857954527,8.819633468899534,9.231652930800534,7.855195265151488,9.816474169279,14.131894141414165,9.499332187165772,9.324105119733906,18.15842154150205,8.614101999999994,7.68563732057413,7.867209792663488,9.52831103896103,14.11414454545456,9.964663356643332,7.7567389912023375,19.559862727272797,7.730144034090888,9.08637303030302,7.894570188087746,21.912175454545565,7.682367086998995,5.945610606060571,0.0,9.669127171717156,8.568729090909049,9.813582727272712,7.700193062499964,7.614426788856293,8.688545120593668,5.78395575757574,10.112740818181798,8.907804190340874,7.062071616161624,7.783599818181785,28.460850106951987,7.842173545454553
MT,13.923424603174578,10.080391709401743,11.023543654970773,10.6412847222222,11.094754820031278,13.620879722222204,13.89111429463174,11.37162447368422,8.203566308243749,11.084164379084978,12.11559327777774,11.684588567251463,11.807095605306795,10.298845555555548,12.895496053639848,15.428327777777776,11.981452183006542,9.799286902439029,17.15404879227049,10.88345949494948,10.570228479532178,10.11307040935674,8.904976428571441,13.538355555555592,11.899246581196596,9.384233118279566,19.755733333333232,10.063013819444404,9.80301515151515,10.841325287356344,22.265805555555435,10.268278315412196,9.185494949494952,9.669127171717156,0.0,11.056603030303016,13.144020555555551,10.67582206249996,9.48987137992832,11.370632380952385,10.329274141414118,13.448633277777756,12.117849114583295,9.500048484848463,10.54993199999995,28.61877287581679,10.721307161616169
NL,9.761378023087971,6.542163954933916,4.653051741095148,7.866600972222208,3.239471617584284,13.54426204545454,6.505616437407735,4.261038870281754,9.081163665689097,5.76083448009506,4.350925455176755,4.430739906964368,5.675666656113344,5.066081825757542,4.963073723441294,10.812298585858548,4.96710712061791,5.84898284823846,17.445050316205542,10.567193151515136,9.303184263689513,7.320485263157884,8.471360007214997,11.857554797979764,6.393463014762958,7.07300834213095,17.51667949494949,8.666155473484826,5.646875656565616,5.021907645419687,19.84194737373737,5.891754757249879,6.778814646464603,8.568729090909049,11.056603030303016,0.0,5.004133080808072,6.406091082701999,7.342894996741595,11.017549202226348,7.451233333333305,6.019760510100976,4.075416589330812,6.0387716161616,7.561672157575735,29.59024973856217,5.721475767676739
NO,10.15449444444443,7.039164700854715,5.425052894736846,8.98178069444447,4.551978020344293,15.391926388888852,4.815969612983764,4.241712836257306,10.75780629032257,6.597127941176451,4.4753152361111175,4.201740877192972,4.773348424543939,6.394006749999987,3.1764919348658847,9.986514444444436,4.843312202614366,7.050117747967466,18.883483888888755,12.709478111111114,10.723254853801135,8.859483713450297,10.14780357142858,12.186348888888872,5.83375735042735,8.754885086021483,17.982649999999886,9.65849784722224,6.595525000000026,5.022088237547889,20.64534777777765,5.919696308243719,7.883173282828318,9.813582727272712,13.144020555555551,5.004133080808072,0.0,7.994276673611093,9.088107956989264,12.966325022675742,8.51935636363636,4.673755499999986,3.10038164930555,7.428332323232344,9.059291577777788,30.605947581699184,6.273008838383828
PL,11.60760007440479,7.028829235576903,6.760708759868405,6.661436562499994,6.726670669894375,10.785989048611116,9.07830019030899,7.004912273026298,7.8454608568548,5.721961653186253,6.957022187500006,6.730134865131582,7.700016982276101,6.443759104166659,7.854036006465478,12.475152243055565,7.533166540441168,7.479318852134122,18.07750364402173,8.54925613068178,7.225635187499964,6.137203194078933,8.162575901785702,13.006031145833358,8.508724860576887,6.85173951814514,18.043876229166685,7.408103937499986,7.607510554924199,6.684196051005724,20.816612062499978,6.561115151209648,6.784150297348448,7.700193062499964,10.67582206249996,6.406091082701999,7.994276673611093,0.0,7.015526292338692,8.401405383928541,6.101527210227252,8.451193520833318,6.769189656250011,6.245824711489881,6.00927328749999,27.1677984522058,6.257547051136365
PT,11.374390207373247,7.5372704342431645,7.651812105263155,7.9331683064516065,7.574219756928676,12.013824829749126,10.45572258608189,7.909854142614603,7.548994032258065,7.380238946869064,8.373804286290309,7.977566162988125,8.81673002648049,5.883017150537613,8.99214125139043,13.18143259856627,8.183553468690688,7.986800678206122,17.479549558204724,8.69052173900293,7.9007957300509215,7.129545464063376,8.172827442396322,13.241750376344063,9.362383287841176,6.410022548387074,18.38301532258057,7.605152358870984,7.764848343108525,7.754794473489041,20.51790596774186,7.803819623655912,7.280880043988278,7.614426788856293,9.48987137992832,7.342894996741595,9.088107956989264,7.015526292338692,0.0,9.355431227781434,7.079464638318671,9.922437403225793,8.058335992943533,6.422092298794393,7.314862974193554,27.97614589184049,7.807923043988255
RO,14.93675136054419,9.707249843014106,11.35606860902256,8.792913010204057,11.626893618855988,8.577932103174591,13.828378271038748,11.88661331364124,8.722154160631982,9.81855113245297,11.935296770408147,11.53957560150374,12.047755964057254,10.533210061224478,12.749317642505256,15.96047582766437,12.089803606242466,11.29276851816821,19.236063629103903,7.443254400742092,8.079889774436074,8.649703487289628,10.61395510204081,15.59975119047616,13.070662967032948,9.382483036208004,20.674480612244945,9.952530267857137,11.603733160173162,11.007168930330751,22.60143734693886,10.046909927583911,9.16151039579467,8.688545120593668,11.370632380952385,11.017549202226348,12.966325022675742,8.401405383928541,9.355431227781434,0.0,7.616850395794665,13.248545778911542,11.65695926339282,9.078925846217254,8.679232261224467,28.26671024009613,9.664575471243015
RS,12.148209653679563,5.9517674825174725,7.555509082934616,4.891423068181815,7.633969918907382,10.074218964646455,9.307000949948849,7.7288072169059,7.25695862170084,6.9895314260249375,8.037186134469687,7.739270645933016,8.178475427408362,6.824910893939379,8.679418307209989,13.129754343434248,8.317720098039203,8.50319552919437,17.87796151515149,8.179048060606043,6.172416140350856,6.944843381180239,9.000840887445879,13.790399848484777,9.113406153846082,7.046700993157365,19.126976666666657,7.354368920454538,8.249874848484826,7.145701452455558,21.39815636363642,6.741811896383148,4.976471818181799,5.78395575757574,10.329274141414118,7.451233333333305,8.51935636363636,6.101527210227252,7.079464638318671,7.616850395794665,0.0,8.834374621212065,7.624079294507574,6.220577070707075,6.430052812121217,27.81094675579341,6.864582696969683
RU,10.15454911904758,6.64615225641023,6.302618166666651,9.190219166666646,5.356482061032839,15.489888944444388,1.7388541142322091,4.69726513157892,11.117516059139744,7.085631117647004,5.2125795625000135,5.9900629561403385,4.499885134328325,6.588427166666641,4.327397017241348,10.27946288888884,4.839458480392134,7.324756532520293,19.21146468840576,13.241374575757549,11.437870929824545,9.47320507017542,10.792779452380923,12.16453266666663,6.095659910256363,9.034417521505343,18.159158333333263,9.827725458333344,7.054501863636343,4.644710057471234,20.47356933333328,5.007308983870939,7.936422560606034,10.112740818181798,13.448633277777756,6.019760510100976,4.673755499999986,8.451193520833318,9.922437403225793,13.248545778911542,8.834374621212065,0.0,4.871783906250016,8.156108742424221,9.363482966666671,30.969912813725387,5.312413242424235
SE,9.9092258407738,6.705579795673056,4.740543379934184,8.033728281249992,4.105843602552813,14.18972550347218,5.214516599368004,4.236614416118387,9.838182998991885,5.586996951593116,4.111287781250003,3.809947031249976,4.788097325093283,5.785462906249999,3.587415264008603,10.285411163194404,4.619685994485298,6.134463171493874,18.216948811141272,11.26159865056815,9.608052458881549,7.8417933854166675,9.13253042410712,11.837513177083297,5.626067271634614,7.779816759072565,17.57957817708328,8.884152656249997,5.96957540246213,4.739700475933896,20.25306390625,5.752307313508056,6.970110156250009,8.907804190340874,12.117849114583295,4.075416589330812,3.10038164930555,6.769189656250011,8.058335992943533,11.65695926339282,7.624079294507574,4.871783906250016,0.0,6.428268221275249,7.797574343750011,29.83531164522063,5.3616188721590765
SI,10.949790043290024,6.027609526029529,6.028260183413081,6.590019696969697,6.31482403329066,11.724616287878767,8.468559584610146,6.405255643274865,7.555540143369176,6.043326844919787,6.777892570075751,6.406956547049455,6.740323533845922,5.780004901515138,7.374618059909437,12.136946969696924,6.960630360665469,7.100110455038168,17.532420992534004,8.88707381818179,6.94398988304093,6.159811084529502,7.902746774891778,12.476255050505006,7.744601282051276,6.847545012707705,17.903991919191874,7.431325978535357,6.645194949494958,6.056632950191553,20.75957727272729,5.844722385141742,6.105771717171727,7.062071616161624,9.500048484848463,6.0387716161616,7.428332323232344,6.245824711489881,6.422092298794393,9.078925846217254,6.220577070707075,8.156108742424221,6.428268221275249,0.0,6.326221769696968,28.626114438502743,5.862964818181805
SK,12.412282095238025,7.361859692307677,7.45068769473686,6.908628649999987,7.881478123943674,10.234426411111103,9.954400197752802,8.036519189473701,8.194773625806448,4.769286933333352,8.009256325000003,7.830744705263192,8.39727543880597,7.340724350000007,8.862772924137937,13.121183511111044,8.632031035294142,7.965674521951212,18.003352382608604,8.769072436363595,7.285063852631559,5.668181466666679,8.227327428571432,13.365362866666604,9.227053076923063,7.730962541935467,18.320379733333244,7.749025174999994,8.247774715151516,7.222287420689653,20.83658479999999,7.461067991397846,6.961708218181815,7.783599818181785,10.54993199999995,7.561672157575735,9.059291577777788,6.00927328749999,7.314862974193554,8.679232261224467,6.430052812121217,9.363482966666671,7.797574343750011,6.326221769696968,0.0,27.9361380235294,6.731279327272742
SM,31.668570028011157,28.90695438914037,29.49311942724449,28.523279705882462,29.79327462303229,27.6653441993463,31.44911665565104,29.96835645510825,27.759815623023243,28.864328627450817,30.179068775735274,29.58453178018564,30.38570342405628,28.436543602941267,30.556799046653005,31.65088725490209,30.26839129411757,29.36192211047337,31.422818414322364,27.4002029304811,27.733445108359177,28.061958132094997,28.359024327730964,32.21747549019614,31.018740045248848,26.465401089184063,29.9113725490197,28.01396253676483,30.031256149732563,29.40584110885726,32.19631617647072,29.180740037950518,28.451096613190742,28.460850106951987,28.61877287581679,29.59024973856217,30.605947581699184,27.1677984522058,27.97614589184049,28.26671024009613,27.81094675579341,30.969912813725387,29.83531164522063,28.626114438502743,27.9361380235294,0.0,28.35892188770063
UA,10.008565406926367,5.864666048951028,6.045857550239223,7.484135204545479,5.827778792573603,11.884512388888872,5.926544084780375,5.809037339712904,8.49118723655912,5.3840218057040765,6.3092221534090855,5.723632736842094,5.81615706512888,5.916679780303009,6.252201100313439,10.936055101010052,6.436053545454526,6.486518900221703,17.282018249011784,9.834350272727242,8.743117440191359,6.682480269537463,8.576893402597388,11.278671333333309,7.333642999999979,7.348517662756576,17.22145475757566,7.439760875000019,6.469885242424243,4.727182233019837,19.80981781818178,4.554338268817181,6.461108272727275,7.842173545454553,10.721307161616169,5.721475767676739,6.273008838383828,6.257547051136365,7.807923043988255,9.664575471243015,6.864582696969683,5.312413242424235,5.3616188721590765,5.862964818181805,6.731279327272742,28.35892188770063,0.0
