ISO_CODE,AE,AF,AM,AZ,BD,BH,BN,BT,CN,GE,HK,ID,IL,IN,IQ,JO,JP,KG,KH,KR,KW,KZ,LA,LB,LK,MM,MN,MO,MV,MY,NP,OM,PH,PK,PS,QA,SA,SG,TH,TJ,TM,TR,TW,UZ,VN,YE
AE,0.0,38.16649099140751,32.19197206928817,30.365658955716956,28.94510679176021,17.797610044943852,40.14618681427616,34.210417829686385,33.119411632958624,30.80647308314581,50.080222890137314,31.68469082834909,42.2628332185573,28.782255998626606,44.30284408856551,52.10740215563866,33.27912887999979,32.42773204119837,32.3389495775279,35.52349850099135,18.371214449438032,31.02955751203836,33.13539472359531,31.581847005770044,28.789755160654487,32.07047361028981,35.39075224157298,50.25694011235962,43.92959012557831,49.439770270151456,33.37283860135773,20.71821030159657,28.284703065267585,26.397279269001828,51.12583258426942,18.66137637239168,19.74695495294913,34.570810190750024,55.307912431235934,33.15811481963303,48.82743139646809,31.149849276812947,54.08457748255439,31.555329926721782,54.06807336129386,31.98094136436578
AF,38.16649099140751,0.0,35.95892455882231,36.156733529410495,32.02516348627427,37.57820564705846,49.79032999999874,34.60990436532416,36.78944439215651,36.618083505881664,57.504954063180094,37.59788152307662,45.87855409867101,36.55911471481465,38.79999305882365,55.39253712418226,38.04092990117603,34.89372950980257,37.01804648627351,42.39373564705875,34.961976705881966,35.9073619887944,38.38967489411672,37.9188501112877,35.76944012383869,35.9478049752317,40.78262155882263,56.78112676470483,46.909542941175154,56.139763076726325,33.400443106617615,34.322950619194486,37.68483533823508,32.35312135294108,48.21712058823368,36.044428067226,33.77951133455837,47.61069673050568,62.79389556588226,36.34611371516885,52.24994921568437,37.19565127807464,59.67639619504661,35.46169429667388,56.05261364198766,30.471370616245533
AM,32.19197206928817,35.95892455882231,0.0,20.406412499999856,26.59260030000001,30.93417583333374,45.42213887254866,28.563504868420647,23.346968166666493,19.49313776666617,56.09035231481408,28.01056424871775,45.09040712365522,27.127994451851613,44.84249942156862,58.820772870369645,25.501342299999493,24.170532499999567,31.69739643333292,33.33871006862795,29.07963383333292,24.490846309523494,30.61466143333264,34.68810844594688,28.79656960526347,28.67799334210472,26.999236666666008,55.27728749999954,45.73670455882311,58.34622110869525,31.288327604166707,24.70052557017566,28.52102345588223,28.387959519607755,51.91684678571336,31.55194630952315,26.496864562499727,43.10221928294546,61.06785334666686,23.852804605262723,40.21725416666557,27.090566833333355,58.22613774561437,22.676446847825783,56.02578556321864,27.50940249999954
AZ,30.365658955716956,36.156733529410495,20.406412499999856,0.0,24.98496493725485,28.91417035294196,44.45554058823449,28.02397142414856,20.71064156862732,20.16781559999986,55.88032438997764,25.805298433484023,45.73145233396493,25.061994605446397,44.82154811764689,58.989899389977055,23.62038947764669,23.801400294117578,30.517173952941093,32.235866470588405,27.498898745097776,23.276624789915942,28.411064047058694,34.680458585055874,27.835964736842172,27.18378129721339,25.6922132058823,55.2677702941168,48.51461764705822,57.74817240664926,31.67769824142168,21.959659938080616,27.11363363235279,27.643788235293933,53.88554403361201,29.494017310924136,24.11393911397031,41.94079978112137,59.26121606470622,22.659559690402418,37.08978644257595,23.68102002941172,57.7744997058824,21.33590079283873,55.78614479614637,25.803961204481727
BD,28.94510679176021,32.02516348627427,26.59260030000001,24.98496493725485,0.0,27.579976466666945,44.26936096470567,25.99621284210527,22.77559619999988,25.485844333333315,56.02396722962973,24.975360482051126,47.74620578709634,21.857558625925886,44.346329654901744,58.47010391111088,25.38664087999968,28.035270733333373,28.834313599999938,34.01864729019606,27.16176933333324,28.371358961904832,29.400968733333457,36.65536431711701,23.62676795438585,24.748315708771933,29.575791566666865,55.37664986666646,44.05353544313706,56.18631046666656,24.463260829166646,21.190449101754407,25.48206374803917,20.6271986117647,53.864137076190126,27.837692895238,22.49921814583345,41.90370546356543,59.24716859333334,26.19452909824563,40.08274756190464,28.080267372727345,58.40224190175471,26.61791186086961,55.527556442528855,25.475494095238066
BH,17.797610044943852,37.57820564705846,30.93417583333374,28.91417035294196,27.579976466666945,0.0,39.085208352941706,32.25977515789527,32.0919473333336,30.256660400000047,50.94390699999976,31.285407692307693,43.122059935483726,28.33799447037029,44.12439635294124,51.6455560740738,32.61519055999973,31.172340333334205,32.579235200000035,36.239974941176776,17.191219333333397,30.420443238095974,31.93252640000046,31.65007345946024,28.1999638596496,31.761262999999907,35.4264755000002,50.085787,43.12958164705926,50.417310999999856,32.71958964583376,18.65364747368449,28.69992877941169,26.842006882352887,50.73656028571436,17.848318428571474,19.702045062499927,36.22521632558159,55.65918182000029,32.54882273684299,47.95971323809544,30.108313590909315,54.7274691052634,30.601650000000856,54.82370063793143,30.691171619048557
BN,40.14618681427616,49.79032999999874,45.42213887254866,44.45554058823449,44.26936096470567,39.085208352941706,0.0,43.76901950464468,48.07401274509788,44.70595976470538,50.466648594770994,41.79338064162871,46.63724250474282,45.53282324509779,53.37814176470588,57.96413063180807,47.19273421176482,42.49716794117661,42.69434406274483,46.69262776470587,39.98331537254861,42.43326694677904,42.08820312941149,42.56685793322772,40.93750718266221,43.4613268390094,47.73496308823472,48.31233500000061,45.76418529411846,40.67871399744207,46.21007881740185,42.19548640866861,40.36833363235269,41.95319894117607,56.2720368907557,41.10292882352892,40.5931240257347,36.71501306429551,55.34128165529432,45.75946981424197,61.68687072829295,44.38816609358278,54.918599470588816,42.78533069053746,56.3586740699802,45.84553652661117
BT,34.210417829686385,34.60990436532416,28.563504868420647,28.02397142414856,25.99621284210527,32.25977515789527,43.76901950464468,0.0,24.20383171929812,29.184088421052383,56.132570126705545,27.98866686153836,47.71080303904851,25.45486045243642,47.93359123839024,61.232346959064,26.89277785263108,27.76217184210529,34.24707820350868,35.978553442724866,31.92629035087676,30.240335538847138,32.413474884210345,39.2691188620203,30.147375789473863,31.283984263157546,33.46683244736827,53.19475447368432,44.23857167182758,57.73660691761998,26.062695959430105,26.826067894737047,28.762188115325028,28.19445599690396,55.664020902254975,33.61106883458586,28.546981773026022,42.50081619338981,62.077059729474165,25.683965789473696,40.990435964912365,30.825880284689013,58.015522578947696,27.56460480549193,57.96835900635246,28.5949842105264
CN,33.119411632958624,36.78944439215651,23.346968166666493,20.71064156862732,22.77559619999988,32.0919473333336,48.07401274509788,24.20383171929812,0.0,21.081787733333147,59.93111329629623,19.235608712820348,51.30657795698916,19.69600538888866,48.97884294117642,65.26726207407413,12.674913759999862,24.841314333333187,32.15907506666633,28.289388862745277,29.115132666666504,24.815309999999943,26.665402266666632,39.551027063063,29.42697635087707,26.992923070175284,24.573076499999928,59.502762000000125,52.4270294117645,63.36173876811559,33.061768770833254,19.068222175438617,24.99145536764702,28.206649803921408,59.5005611428565,32.50747152380898,22.29818785416672,45.73926175193753,62.89218206000021,20.283983649122742,26.389928095237977,23.948490121212004,60.23618664912304,22.75805750724633,58.51156628160899,22.1531363809524
GE,30.80647308314581,36.618083505881664,19.49313776666617,20.16781559999986,25.485844333333315,30.256660400000047,44.70595976470538,29.184088421052383,21.081787733333147,0.0,55.6708519777772,27.63046959999988,45.7722355612899,26.408053588888805,45.32378282352939,59.24105096296231,24.04577135999975,27.144135266666336,30.854055199999667,33.07389924705928,27.84482093333308,26.70702243809501,28.72238279999961,34.56668590270268,28.057202385964896,28.054736831578587,23.616562299999725,54.98697000000008,46.58841767058766,57.476908130434346,32.654216154166626,23.17696688421053,26.36178863235286,27.66883564705878,53.672731885713205,30.325340485713824,25.1436315624998,42.117021944186114,59.921919660000256,25.41246406315757,38.67769373333287,26.79258883636368,57.68583584210548,25.07171711304324,55.9935972793104,27.55139173333328
HK,50.080222890137314,57.504954063180094,56.09035231481408,55.88032438997764,56.02396722962973,50.94390699999976,50.466648594770994,56.132570126705545,59.93111329629623,55.6708519777772,0.0,54.56725804786301,46.770852419354455,56.02754763333335,56.94595316557727,59.571855740740816,56.80012573185144,51.60602777777751,53.69253565185162,51.48080934422668,50.2889444074068,50.72085018518503,51.384402199999606,49.21005942442454,51.82762258284584,54.10718695906456,58.52452916666599,30.268090925925527,56.60247508714594,45.19080695974215,55.48618137731459,54.531521569200486,51.47415463888892,54.039899322439965,59.966381507936006,51.7831608201053,52.74356552546281,39.26618105512485,53.31207181851836,58.07646525341108,71.61547219576697,53.93784347811452,35.2090452007796,52.24803862318816,51.99633217560639,55.60764494708979
ID,31.68469082834909,37.59788152307662,28.01056424871775,25.805298433484023,24.975360482051126,31.285407692307693,41.79338064162871,27.98866686153836,19.235608712820348,27.63046959999988,54.56725804786301,0.0,47.47370383920582,21.59936663960112,47.25482594208115,61.15858095213655,19.36977815999983,25.689606292307577,31.89265694871789,28.14014691493197,28.694568784615196,24.539963946519933,25.746843246153723,38.43842784199571,28.556941479891968,27.518032842105143,31.95890840769204,54.62136733846144,49.42429978732998,54.25457062207316,32.863100736217824,22.60404448340057,24.042977631900403,27.93341589321261,56.63290086373596,32.02037266153813,23.81183026249993,41.36363752665442,56.41688154923095,24.53408507773256,36.62128710695932,24.586920861538356,55.16438130607264,24.794970848160368,53.18597769098156,25.16071986373616
IL,42.2628332185573,45.87855409867101,45.09040712365522,45.73145233396493,47.74620578709634,43.122059935483726,46.63724250474282,47.71080303904851,51.30657795698916,45.7722355612899,46.770852419354455,47.47370383920582,0.0,47.23915031194728,43.75597673244742,45.74161744324928,49.84225662709675,41.67692940860144,46.5368262150532,45.89177346110051,41.51757883870972,40.94562419354786,44.46369366451553,35.39212497820418,43.3568928409728,46.86830487436327,50.89256575806373,47.33359370967681,50.31298544591914,45.811137507713454,46.02755046034888,45.3700368251268,45.22695849573029,44.13764803795033,40.76978663594405,42.93526698156644,43.37589267137042,40.439759242310295,52.75567464064546,48.72323989813134,62.78392761904541,42.82511199853331,49.14149424957535,42.76422431977491,51.11785265795309,44.21186999999932
IN,28.782255998626606,36.55911471481465,27.127994451851613,25.061994605446397,21.857558625925886,28.33799447037029,45.53282324509779,25.45486045243642,19.69600538888866,26.408053588888805,56.02754763333335,21.59936663960112,47.23915031194728,0.0,47.35163490915021,60.92281589259248,21.0600976896294,26.19173987777748,32.45853528518505,30.061602483006443,26.65551296666662,25.93468744285696,29.114189285185,38.0554276395392,26.232149767056335,27.9522046068225,30.90001171851836,55.97893667037032,48.415204799781975,57.86319229259233,28.860546393055568,19.66484582943447,24.97407766002166,24.55267493442256,57.12171776772487,29.124000126454696,22.084154856018603,41.59569035874236,59.34686091111108,24.627692803703408,36.58856129259205,25.20730997306393,56.77417444230011,25.486590270692236,56.54825379540236,25.75252416031724
IQ,44.30284408856551,38.79999305882365,44.84249942156862,44.82154811764689,44.346329654901744,44.12439635294124,53.37814176470588,47.93359123839024,48.97884294117642,45.32378282352939,56.94595316557727,47.25482594208115,43.75597673244742,47.35163490915021,0.0,43.12319647930299,48.067332842352975,42.719995117647215,44.29976387450998,48.74477894117658,39.92597549019647,43.92940517086853,43.16116508235312,37.2857555007949,43.49807207430312,44.57730465325087,50.00086097058837,56.22858452941195,51.4951530588236,55.24519353708413,45.67212384926464,43.19025704024754,46.21676995588248,42.276557411764806,39.77697678991602,43.26167519327716,40.47832280514696,51.62517086183308,59.25893483176459,46.58169672445827,61.82044225770295,43.97402635561486,57.264735724458426,43.411544992327485,52.97276280223129,38.13955652661093
JO,52.10740215563866,55.39253712418226,58.820772870369645,58.989899389977055,58.47010391111088,51.6455560740738,57.96413063180807,61.232346959064,65.26726207407413,59.24105096296231,59.571855740740816,61.15858095213655,45.74161744324928,60.92281589259248,43.12319647930299,0.0,63.97391983703671,56.44542685185138,54.64955028148138,60.39032753812639,50.18793777777721,56.47661587301558,55.36464290370322,43.01642668668678,54.608776354775486,57.10841075048766,63.11240887036952,58.73403222222263,58.43118472766843,55.12624425281784,58.44011172453669,55.9992293762177,58.12962885784313,54.23460235294083,37.87223740740694,51.00099957671927,52.28426374305541,55.83418370370327,58.06962779333284,63.098714541910034,76.30657158730142,57.39101141077468,60.03558640350945,56.81962847020905,56.92766976436744,54.09333148148114
JP,33.27912887999979,38.04092990117603,25.501342299999493,23.62038947764669,25.38664087999968,32.61519055999973,47.19273421176482,26.89277785263108,12.674913759999862,24.04577135999975,56.80012573185144,19.36977815999983,49.84225662709675,21.0600976896294,48.067332842352975,63.97391983703671,0.0,24.448165906666176,32.41934759999983,25.105904663529323,29.70780938666626,23.875083782856628,26.20314223999968,39.30830965405406,30.4945056814033,28.49012054947348,28.28080033999963,56.60900048000083,52.65371321882382,61.23319012695659,33.82506974583316,21.229878138947026,25.25672541235268,29.83856685176453,59.02363482285769,33.27012591999934,23.143857462499845,44.23335667534862,59.93889382000027,22.210676745262816,30.21015165333275,23.81376184545443,56.50350559368443,23.243607050434388,56.46834132344847,24.51373162285667
KG,32.42773204119837,34.89372950980257,24.170532499999567,23.801400294117578,28.035270733333373,31.172340333334205,42.49716794117661,27.76217184210529,24.841314333333187,27.144135266666336,51.60602777777751,25.689606292307577,41.67692940860144,26.19173987777748,42.719995117647215,56.44542685185138,24.448165906666176,0.0,34.25977593333311,30.86382303921625,29.085738333332976,16.150749761904855,28.64990366666657,33.698477792793376,29.631462894737027,30.19390175438556,33.43370116666643,50.92747666666656,46.47164441176498,54.26747881159375,31.66882177083345,24.98015587719333,29.083272416666624,29.43670813725477,50.7292602380943,31.63786095238025,26.005603437499698,40.1654187209299,57.04359824666706,20.987799912280725,37.8797597619045,26.10693848484848,53.02031635087746,15.698703985507205,52.18759577586265,25.1085130952381
KH,32.3389495775279,37.01804648627351,31.69739643333292,30.517173952941093,28.834313599999938,32.579235200000035,42.69434406274483,34.24707820350868,32.15907506666633,30.854055199999667,53.69253565185162,31.89265694871789,46.5368262150532,32.45853528518505,44.29976387450998,54.64955028148138,32.41934759999983,34.25977593333311,0.0,37.47211523137289,30.89062546666632,33.19134506666651,28.011015333333063,36.206584136937295,29.770417936842147,25.72695016491221,31.268435099999675,51.98201726666694,45.19731153725464,51.26196539420279,33.49418356249992,29.316738168421125,29.840258126470516,29.476048776470478,52.62495045714204,32.01795345714228,28.959743137500023,41.03238627286779,53.34881372666702,34.87539734035064,48.64267967619029,33.94626006969699,55.97685222105263,32.6619352521737,51.17500235976991,32.44238186666654
KR,35.52349850099135,42.39373564705875,33.33871006862795,32.235866470588405,34.01864729019606,36.239974941176776,46.69262776470587,35.978553442724866,28.289388862745277,33.07389924705928,51.48080934422668,28.14014691493197,45.89177346110051,30.061602483006443,48.74477894117658,60.39032753812639,25.105904663529323,30.86382303921625,37.47211523137289,0.0,33.01266188235326,28.553680700280463,30.94449230588301,39.681438006359286,35.35648521981403,34.91773406501547,35.59890926470632,52.862816529411646,52.35881117647032,55.30344240153427,39.647790285539145,30.177286817337663,31.688894161764598,35.88463958823513,55.67437238655409,36.4756612100839,30.27123542279416,42.057357879616674,53.68743640352936,32.81636552941234,43.92563318207297,29.776556983957363,50.756711266253774,30.675249831202564,52.65244185496962,32.818370829131986
KW,18.371214449438032,34.961976705881966,29.07963383333292,27.498898745097776,27.16176933333324,17.191219333333397,39.98331537254861,31.92629035087676,29.115132666666504,27.84482093333308,50.2889444074068,28.694568784615196,41.51757883870972,26.65551296666662,39.92597549019647,50.18793777777721,29.70780938666626,29.085738333332976,30.89062546666632,33.01266188235326,0.0,27.970299047618788,29.702987999999657,30.041045387387328,26.4124467719296,28.432851350876906,33.7592961666663,49.76473266666669,42.99770109803858,50.43760949275312,30.935108062499868,16.78924280701737,26.612601200980265,26.324388666666543,48.495389238094326,16.665042666666647,15.639642104166697,36.36937711627884,54.52359546000014,29.405383263157518,45.262893714284985,28.06183134848479,53.33944443859667,28.29766597101421,51.71378007471231,26.923867904761675
KZ,31.02955751203836,35.9073619887944,24.490846309523494,23.276624789915942,28.371358961904832,30.420443238095974,42.43326694677904,30.240335538847138,24.815309999999943,26.70702243809501,50.72085018518503,24.539963946519933,40.94562419354786,25.93468744285696,43.92940517086853,56.47661587301558,23.875083782856628,16.150749761904855,33.19134506666651,28.553680700280463,27.970299047618788,0.0,27.891375447618984,33.73739150579197,29.31493037594004,29.645951751879483,32.45234449999964,50.7178185714291,47.441947366947495,53.524310730848455,32.53357147321431,24.118293659148247,28.17891747829116,29.584960815125854,51.939411904760966,30.841517380951764,24.978045062499763,38.80148107419703,55.39278532666735,22.887491052631518,38.2845576190476,24.23113340476197,52.63717143107813,17.098967929606538,51.39464643103474,25.87241809523817
LA,33.13539472359531,38.38967489411672,30.61466143333264,28.411064047058694,29.400968733333457,31.93252640000046,42.08820312941149,32.413474884210345,26.665402266666632,28.72238279999961,51.384402199999606,25.746843246153723,44.46369366451553,29.114189285185,43.16116508235312,55.36464290370322,26.20314223999968,28.64990366666657,28.011015333333063,30.94449230588301,29.702987999999657,27.891375447618984,0.0,35.79823616216219,30.023436021052696,27.87671108421028,31.80384309999981,50.11826340000019,48.15930757647034,51.71800708695605,35.587032762500066,26.27076635789492,28.482550855882323,31.15397951764704,52.154558685712935,32.73933957142811,26.36705591249977,40.27664132093013,47.31464714000046,29.8599076631576,42.638793180951886,28.96013805454548,51.561161147368495,27.434369043478014,48.26535659655168,28.65595247619049
LB,31.581847005770044,37.9188501112877,34.68810844594688,34.680458585055874,36.65536431711701,31.65007345946024,42.56685793322772,39.2691188620203,39.551027063063,34.56668590270268,49.21005942442454,38.43842784199571,35.39212497820418,38.0554276395392,37.2857555007949,43.01642668668678,39.30830965405406,33.698477792793376,36.206584136937295,39.681438006359286,30.041045387387328,33.73739150579197,35.79823616216219,0.0,34.162753162636704,36.6694738392605,40.14821174324308,48.98709486486541,44.14185791732966,47.34163956639232,38.80000910754524,33.00828778093926,35.375751271462725,32.59331802066767,40.474173320463855,31.657624420849302,31.26493553885125,38.790025851665696,55.11739932162195,38.77063802276023,52.61177761904751,34.15393324078634,52.54205745803704,33.92576683901336,51.943244206430464,33.53714453024492
LK,28.789755160654487,35.76944012383869,28.79656960526347,27.835964736842172,23.62676795438585,28.1999638596496,40.93750718266221,30.147375789473863,29.42697635087707,28.057202385964896,51.82762258284584,28.556941479891968,43.3568928409728,26.232149767056335,43.49807207430312,54.608776354775486,30.4945056814033,29.631462894737027,29.770417936842147,35.35648521981403,26.4124467719296,29.31493037594004,30.023436021052696,34.162753162636704,0.0,25.726130087719312,32.95563193859637,51.4819959649119,41.31289555211512,50.94814959954186,28.411864972587765,25.174555614035384,27.10087453121776,24.1945397791538,51.27887606516212,28.21467177944853,26.27435419846468,37.72973834761338,55.45653218771937,30.22129877192996,45.47735621553795,29.79301400877194,54.41749394736842,28.59755534706345,52.96999762280739,30.13431318295752
MM,32.07047361028981,35.9478049752317,28.67799334210472,27.18378129721339,24.748315708771933,31.761262999999907,43.4613268390094,31.283984263157546,26.992923070175284,28.054736831578587,54.10718695906456,27.518032842105143,46.86830487436327,27.9522046068225,44.57730465325087,57.10841075048766,28.49012054947348,30.19390175438556,25.72695016491221,34.91773406501547,28.432851350876906,29.645951751879483,27.87671108421028,36.6694738392605,25.726130087719312,0.0,30.54005518421018,53.09591936842174,45.41304466563496,53.40960220594943,30.55011184539468,25.759159842105163,27.12877765247668,27.349442823529305,53.5249704887218,30.931747458645976,26.793158161184053,40.69046371236229,55.87554074631594,29.171576578946954,43.17830955137846,30.47489872727261,56.57872547368412,28.297907887871453,52.72484020417456,29.1976374761902
MN,35.39075224157298,40.78262155882263,26.999236666666008,25.6922132058823,29.575791566666865,35.4264755000002,47.73496308823472,33.46683244736827,24.573076499999928,23.616562299999725,58.52452916666599,31.95890840769204,50.89256575806373,30.90001171851836,50.00086097058837,63.11240887036952,28.28080033999963,33.43370116666643,31.268435099999675,35.59890926470632,33.7592961666663,32.45234449999964,31.80384309999981,40.14821174324308,32.95563193859637,30.54005518421018,0.0,57.30239249999993,50.76244879411715,60.08954189130412,36.43653443749975,28.059319973684467,30.893094279411752,32.00895202941163,57.597310214284406,35.72037378571387,30.137650937499718,46.085942034883466,61.98235240000026,31.4207832894736,41.97578730952298,33.12128277272733,60.39749255263198,31.2618971956519,58.25310700000032,31.624314071428305
MO,50.25694011235962,56.78112676470483,55.27728749999954,55.2677702941168,55.37664986666646,50.085787,48.31233500000061,53.19475447368432,59.502762000000125,54.98697000000008,30.268090925925527,54.62136733846144,47.33359370967681,55.97893667037032,56.22858452941195,58.73403222222263,56.60900048000083,50.92747666666656,51.98201726666694,52.862816529411646,49.76473266666669,50.7178185714291,50.11826340000019,48.98709486486541,51.4819959649119,53.09591936842174,57.30239249999993,0.0,53.32531147058906,46.54998521739104,54.0718142708335,53.66321157894704,50.24726116176447,53.11113576470607,58.37259857142759,50.55825071428508,52.13659993749959,42.83857616279049,53.978367340000496,56.75629236842128,71.30065904762012,54.242572409090855,40.35000221052651,51.91133652173986,52.107668844828126,55.06116738095293
MV,43.92959012557831,46.909542941175154,45.73670455882311,48.51461764705822,44.05353544313706,43.12958164705926,45.76418529411846,44.23857167182758,52.4270294117645,46.58841767058766,56.60247508714594,49.42429978732998,50.31298544591914,48.415204799781975,51.4951530588236,58.43118472766843,52.65371321882382,46.47164441176498,45.19731153725464,52.35881117647032,42.99770109803858,47.441947366947495,48.15930757647034,44.14185791732966,41.31289555211512,45.41304466563496,50.76244879411715,53.32531147058906,0.0,53.28255942455192,43.4600749448531,45.32698934984498,45.14142463235245,41.37764382352917,54.46898176470535,43.777152100839736,44.91935103308765,45.132806949384005,62.29442926705919,49.0407953560379,64.99581232493207,49.09940358556133,61.28295301238482,47.04856649616441,58.37784373123785,49.033205294118126
MY,49.439770270151456,56.139763076726325,58.34622110869525,57.74817240664926,56.18631046666656,50.417310999999856,40.67871399744207,57.73660691761998,63.36173876811559,57.476908130434346,45.19080695974215,54.25457062207316,45.811137507713454,57.86319229259233,55.24519353708413,55.12624425281784,61.23319012695659,54.26747881159375,51.26196539420279,55.30344240153427,50.43760949275312,53.524310730848455,51.71800708695605,47.34163956639232,50.94814959954186,53.40960220594943,60.08954189130412,46.54998521739104,53.28255942455192,0.0,55.48042755887662,55.5718319931346,51.91905521035819,52.53486116112505,56.27755383229783,51.538966155279184,52.88244947010854,39.85277864408465,49.5402219347825,60.72893517391263,75.08435149275331,55.84463225296405,48.01769827459928,55.22722769565159,51.87600394827545,56.74748869772254
NP,33.37283860135773,33.400443106617615,31.288327604166707,31.67769824142168,24.463260829166646,32.71958964583376,46.21007881740185,26.062695959430105,33.061768770833254,32.654216154166626,55.48618137731459,32.863100736217824,46.02755046034888,28.860546393055568,45.67212384926464,58.44011172453669,33.82506974583316,31.66882177083345,33.49418356249992,39.647790285539145,30.935108062499868,32.53357147321431,35.587032762500066,38.80000910754524,28.411864972587765,30.55011184539468,36.43653443749975,54.0718142708335,43.4600749448531,55.48042755887662,0.0,29.683087341009003,31.67972076838205,26.62275281495089,52.7319713839286,31.57450290178569,30.78719491666668,42.39151233769367,61.97324160916683,32.593881661184255,48.44479790178531,34.637014210227264,58.85893923135995,31.314314569746397,55.735233844109246,31.96069611607158
OM,20.71821030159657,34.322950619194486,24.70052557017566,21.959659938080616,21.190449101754407,18.65364747368449,42.19548640866861,26.826067894737047,19.068222175438617,23.17696688421053,54.531521569200486,22.60404448340057,45.3700368251268,19.66484582943447,43.19025704024754,55.9992293762177,21.229878138947026,24.98015587719333,29.316738168421125,30.177286817337663,16.78924280701737,24.118293659148247,26.27076635789492,33.00828778093926,25.174555614035384,25.759159842105163,28.059319973684467,53.66321157894704,45.32698934984498,55.5718319931346,29.683087341009003,0.0,23.541294723684157,23.15250994427245,52.18426548872098,19.691326691729287,12.879943305921037,39.52153862913075,57.85336038000005,23.1306452631582,36.59467007518778,24.130016784688998,56.777670473684246,23.54644148741433,54.58685907713271,22.806680526316164
PH,28.284703065267585,37.68483533823508,28.52102345588223,27.11363363235279,25.48206374803917,28.69992877941169,40.36833363235269,28.762188115325028,24.99145536764702,26.36178863235286,51.47415463888892,24.042977631900403,45.22695849573029,24.97407766002166,46.21676995588248,58.12962885784313,25.25672541235268,29.083272416666624,29.840258126470516,31.688894161764598,26.612601200980265,28.17891747829116,28.482550855882323,35.375751271462725,27.10087453121776,27.12877765247668,30.893094279411752,50.24726116176447,45.14142463235245,51.91905521035819,31.67972076838205,23.541294723684157,0.0,26.508390161764545,54.386504771008106,28.50144757352924,23.952802231617422,36.84511627188761,55.23247763117647,28.21714438003096,41.37709738585381,28.328606413101543,53.535875746904026,27.46899458759581,52.67264005020272,28.68847489145665
PK,26.397279269001828,32.35312135294108,28.387959519607755,27.643788235293933,20.6271986117647,26.842006882352887,41.95319894117607,28.19445599690396,28.206649803921408,27.66883564705878,54.039899322439965,27.93341589321261,44.13764803795033,24.55267493442256,42.276557411764806,54.23460235294083,29.83856685176453,29.43670813725477,29.476048776470478,35.88463958823513,26.324388666666543,29.584960815125854,31.15397951764704,32.59331802066767,24.1945397791538,27.349442823529305,32.00895202941163,53.11113576470607,41.37764382352917,52.53486116112505,26.62275281495089,23.15250994427245,26.508390161764545,0.0,49.94358605042013,27.114881890756195,23.033384444852796,39.24278178248932,57.87084352588233,29.63728381424129,44.01799497198865,29.06547902941148,55.851080962848414,28.54090035549861,53.95809213691656,27.87222840056013
PS,51.12583258426942,48.21712058823368,51.91684678571336,53.88554403361201,53.864137076190126,50.73656028571436,56.2720368907557,55.664020902254975,59.5005611428565,53.672731885713205,59.966381507936006,56.63290086373596,40.76978663594405,57.12171776772487,39.77697678991602,37.87223740740694,59.02363482285769,50.7292602380943,52.62495045714204,55.67437238655409,48.495389238094326,51.939411904760966,52.154558685712935,40.474173320463855,51.27887606516212,53.5249704887218,57.597310214284406,58.37259857142759,54.46898176470535,56.27755383229783,52.7319713839286,52.18426548872098,54.386504771008106,49.94358605042013,0.0,49.75248571428496,49.84430708035634,54.392768770763325,61.97453009428619,57.23743421052501,70.74389999999795,52.36809305844142,60.57462343609035,51.43589745341532,57.47789858374434,47.56015761904706
QA,18.66137637239168,36.044428067226,31.55194630952315,29.494017310924136,27.837692895238,17.848318428571474,41.10292882352892,33.61106883458586,32.50747152380898,30.325340485713824,51.7831608201053,32.02037266153813,42.93526698156644,29.124000126454696,43.26167519327716,51.00099957671927,33.27012591999934,31.63786095238025,32.01795345714228,36.4756612100839,16.665042666666647,30.841517380951764,32.73933957142811,31.657624420849302,28.21467177944853,30.931747458645976,35.72037378571387,50.55825071428508,43.777152100839736,51.538966155279184,31.57450290178569,19.691326691729287,28.50144757352924,27.114881890756195,49.75248571428496,0.0,19.047643008928315,37.1885489368772,57.38401604857144,32.728522744360056,47.91344642857064,30.950561136363586,55.53443543608998,30.82085512422294,54.83111564778354,30.087556428570856
SA,19.74695495294913,33.77951133455837,26.496864562499727,24.11393911397031,22.49921814583345,19.702045062499927,40.5931240257347,28.546981773026022,22.29818785416672,25.1436315624998,52.74356552546281,23.81183026249993,43.37589267137042,22.084154856018603,40.47832280514696,52.28426374305541,23.143857462499845,26.005603437499698,28.959743137500023,30.27123542279416,15.639642104166697,24.978045062499763,26.36705591249977,31.26493553885125,26.27435419846468,26.793158161184053,30.137650937499718,52.13659993749959,44.91935103308765,52.88244947010854,30.78719491666668,12.879943305921037,23.952802231617422,23.033384444852796,49.84430708035634,19.047643008928315,0.0,38.347841835755446,55.96337981250005,25.204658851973413,39.1595065327376,24.434792892045376,54.69999147697384,25.19494514945634,53.42231420474101,22.55604168749985
SG,34.570810190750024,47.61069673050568,43.10221928294546,41.94079978112137,41.90370546356543,36.22521632558159,36.71501306429551,42.50081619338981,45.73926175193753,42.117021944186114,39.26618105512485,41.36363752665442,40.439759242310295,41.59569035874236,51.62517086183308,55.83418370370327,44.23335667534862,40.1654187209299,41.03238627286779,42.057357879616674,36.36937711627884,38.80148107419703,40.27664132093013,38.790025851665696,37.72973834761338,40.69046371236229,46.085942034883466,42.83857616279049,45.132806949384005,39.85277864408465,42.39151233769367,39.52153862913075,36.84511627188761,39.24278178248932,54.392768770763325,37.1885489368772,38.347841835755446,0.0,52.74542370372122,44.67634048959557,59.48219796234614,41.75586256976722,47.718115516523845,40.35019643073786,53.30797949037709,44.71741919158303
TH,55.307912431235934,62.79389556588226,61.06785334666686,59.26121606470622,59.24716859333334,55.65918182000029,55.34128165529432,62.077059729474165,62.89218206000021,59.921919660000256,53.31207181851836,56.41688154923095,52.75567464064546,59.34686091111108,59.25893483176459,58.06962779333284,59.93889382000027,57.04359824666706,53.34881372666702,53.68743640352936,54.52359546000014,55.39278532666735,47.31464714000046,55.11739932162195,55.45653218771937,55.87554074631594,61.98235240000026,53.978367340000496,62.29442926705919,49.5402219347825,61.97324160916683,57.85336038000005,55.23247763117647,57.87084352588233,61.97453009428619,57.38401604857144,55.96337981250005,52.74542370372122,0.0,62.43647086421094,74.8282496733336,56.612414832727126,50.09958799052645,56.73293847217419,48.06836460413811,58.925455132381245
TJ,33.15811481963303,36.34611371516885,23.852804605262723,22.659559690402418,26.19452909824563,32.54882273684299,45.75946981424197,25.683965789473696,20.283983649122742,25.41246406315757,58.07646525341108,24.53408507773256,48.72323989813134,24.627692803703408,46.58169672445827,63.098714541910034,22.210676745262816,20.987799912280725,34.87539734035064,32.81636552941234,29.405383263157518,22.887491052631518,29.8599076631576,38.77063802276023,30.22129877192996,29.171576578946954,31.4207832894736,56.75629236842128,49.0407953560379,60.72893517391263,32.593881661184255,23.1306452631582,28.21714438003096,29.63728381424129,57.23743421052501,32.728522744360056,25.204658851973413,44.67634048959557,62.43647086421094,0.0,35.69092581453609,27.161081311004747,59.07190457894801,19.368682837528397,58.08148272686078,24.70522333333332
TM,48.82743139646809,52.24994921568437,40.21725416666557,37.08978644257595,40.08274756190464,47.95971323809544,61.68687072829295,40.990435964912365,26.389928095237977,38.67769373333287,71.61547219576697,36.62128710695932,62.78392761904541,36.58856129259205,61.82044225770295,76.30657158730142,30.21015165333275,37.8797597619045,48.64267967619029,43.92563318207297,45.262893714284985,38.2845576190476,42.638793180951886,52.61177761904751,45.47735621553795,43.17830955137846,41.97578730952298,71.30065904762012,64.99581232493207,75.08435149275331,48.44479790178531,36.59467007518778,41.37709738585381,44.01799497198865,70.74389999999795,47.91344642857064,39.1595065327376,59.48219796234614,74.8282496733336,35.69092581453609,0.0,38.06198544588723,71.12988098997513,36.38867401656289,70.31630742118311,37.48069476190471
TR,31.149849276812947,37.19565127807464,27.090566833333355,23.68102002941172,28.080267372727345,30.108313590909315,44.38816609358278,30.825880284689013,23.948490121212004,26.79258883636368,53.93784347811452,24.586920861538356,42.82511199853331,25.20730997306393,43.97402635561486,57.39101141077468,23.81376184545443,26.10693848484848,33.94626006969699,29.776556983957363,28.06183134848479,24.23113340476197,28.96013805454548,34.15393324078634,29.79301400877194,30.47489872727261,33.12128277272733,54.242572409090855,49.09940358556133,55.84463225296405,34.637014210227264,24.130016784688998,28.328606413101543,29.06547902941148,52.36809305844142,30.950561136363586,24.434792892045376,41.75586256976722,56.612414832727126,27.161081311004747,38.06198544588723,0.0,54.47515967942582,24.63262283003951,54.22964305485871,26.907808322510757
TW,54.08457748255439,59.67639619504661,58.22613774561437,57.7744997058824,58.40224190175471,54.7274691052634,54.918599470588816,58.015522578947696,60.23618664912304,57.68583584210548,35.2090452007796,55.16438130607264,49.14149424957535,56.77417444230011,57.264735724458426,60.03558640350945,56.50350559368443,53.02031635087746,55.97685222105263,50.756711266253774,53.33944443859667,52.63717143107813,51.561161147368495,52.54205745803704,54.41749394736842,56.57872547368412,60.39749255263198,40.35000221052651,61.28295301238482,48.01769827459928,58.85893923135995,56.777670473684246,53.535875746904026,55.851080962848414,60.57462343609035,55.53443543608998,54.69999147697384,47.718115516523845,50.09958799052645,59.07190457894801,71.12988098997513,54.47515967942582,0.0,53.845850643021,50.02759146007264,55.826879761905154
UZ,31.555329926721782,35.46169429667388,22.676446847825783,21.33590079283873,26.61791186086961,30.601650000000856,42.78533069053746,27.56460480549193,22.75805750724633,25.07171711304324,52.24803862318816,24.794970848160368,42.76422431977491,25.486590270692236,43.411544992327485,56.81962847020905,23.243607050434388,15.698703985507205,32.6619352521737,30.675249831202564,28.29766597101421,17.098967929606538,27.434369043478014,33.92576683901336,28.59755534706345,28.297907887871453,31.2618971956519,51.91133652173986,47.04856649616441,55.22722769565159,31.314314569746397,23.54644148741433,27.46899458759581,28.54090035549861,51.43589745341532,30.82085512422294,25.19494514945634,40.35019643073786,56.73293847217419,19.368682837528397,36.38867401656289,24.63262283003951,53.845850643021,0.0,52.32646144152962,24.444774140786592
VN,54.06807336129386,56.05261364198766,56.02578556321864,55.78614479614637,55.527556442528855,54.82370063793143,56.3586740699802,57.96835900635246,58.51156628160899,55.9935972793104,51.99633217560639,53.18597769098156,51.11785265795309,56.54825379540236,52.97276280223129,56.92766976436744,56.46834132344847,52.18759577586265,51.17500235976991,52.65244185496962,51.71378007471231,51.39464643103474,48.26535659655168,51.943244206430464,52.96999762280739,52.72484020417456,58.25310700000032,52.107668844828126,58.37784373123785,51.87600394827545,55.735233844109246,54.58685907713271,52.67264005020272,53.95809213691656,57.47789858374434,54.83111564778354,53.42231420474101,53.30797949037709,48.06836460413811,58.08148272686078,70.31630742118311,54.22964305485871,50.02759146007264,52.32646144152962,0.0,53.89566238505769
YE,31.98094136436578,30.471370616245533,27.50940249999954,25.803961204481727,25.475494095238066,30.691171619048557,45.84553652661117,28.5949842105264,22.1531363809524,27.55139173333328,55.60764494708979,25.16071986373616,44.21186999999932,25.75252416031724,38.13955652661093,54.09333148148114,24.51373162285667,25.1085130952381,32.44238186666654,32.818370829131986,26.923867904761675,25.87241809523817,28.65595247619049,33.53714453024492,30.13431318295752,29.1976374761902,31.624314071428305,55.06116738095293,49.033205294118126,56.74748869772254,31.96069611607158,22.806680526316164,28.68847489145665,27.87222840056013,47.56015761904706,30.087556428570856,22.55604168749985,44.71741919158303,58.925455132381245,24.70522333333332,37.48069476190471,26.907808322510757,55.826879761905154,24.444774140786592,53.89566238505769,0.0
