ISO_CODE,AE,AF,AM,AZ,BD,BH,BN,BT,CN,GE,HK,ID,IL,IN,IQ,JO,JP,KG,KH,KR,KW,KZ,LA,LB,LK,MM,MN,MO,MV,MY,NP,OM,PH,PK,PS,QA,SA,SG,TH,TJ,TM,TR,TW,UZ,VN,YE
AE,0.0,8.848973122934527,8.254980205992508,7.525174487772611,7.080875401498114,4.903706067415735,13.807153218770576,8.942035629804842,9.038915003745304,8.67119346966292,22.37858545568036,8.14045046793427,15.652879389271389,7.914096959134385,11.09532174884334,25.98041935497293,8.2822151146067,7.643247022471901,9.781033228464354,10.801624313945764,4.586076868913858,7.717110626003175,10.48883422471905,9.350454388095969,7.155710453380636,8.083927754583067,9.32559557865165,24.161746853932534,14.126127415730284,21.587790876892967,7.961950674157287,6.644903973979889,8.01558808575676,6.896474809649669,19.142802367576166,4.6574980979133205,5.3140168595505015,11.20333650378879,22.409584793258414,8.6448400236546,12.403482461209087,7.377959305924373,25.35837760792432,7.581030302882238,20.381108981983665,8.14427488496521
AF,8.848973122934527,0.0,8.51940411764706,7.5670791176470225,6.163115168627408,9.037112058823547,16.69160205882343,6.454197229102126,5.937461862745112,8.466562035294118,24.387842102396373,6.932643952036172,17.99338601518016,5.900466953812601,11.331534529411726,29.28505937908472,6.312565597647047,7.135724901960731,10.730704262745006,11.155193058823505,8.147329274509831,7.26338514005599,10.346482741176429,13.259743616852155,7.661809767801832,7.641395616099018,8.545707852941176,26.353265294117453,16.550129705882274,24.43115535038349,6.544264987745041,6.317711068111398,10.271827897058792,8.371333941176443,21.431548067226775,9.27260457983196,6.4858334264705455,14.7524297879616,24.294973247058877,7.210670232198092,9.238765448179189,7.140424887700505,27.212269795665428,8.059397762148288,21.490256641987784,5.900893319327726
AM,8.254980205992508,8.51940411764706,0.0,5.005827156862728,6.632017266666635,7.963444333333314,16.284119411764582,7.164313070175427,6.134090666666679,5.03868046666668,24.263052407407237,7.807935364102566,17.124221720429944,6.17509289629625,12.192301333333331,29.546498333333112,6.420582373333323,5.954138333333317,9.235886733333224,10.170979529411742,7.768933000000038,6.085692380952351,9.90594646666665,11.645116621621652,7.187486315789468,6.5606057368420485,6.745362499999987,25.813106666666627,15.956666078431288,24.471950347825995,6.215368541666627,6.056826754385927,9.205164181372504,8.24235890196074,21.154117142857118,8.975641428571436,6.60674237499995,13.297791201550266,23.87948985333337,7.147376140350864,9.808882142857136,7.0467482121212175,27.249219684210367,6.637719130434755,21.64253352298845,7.143948571428565
AZ,7.525174487772611,7.5670791176470225,5.005827156862728,0.0,5.874408862745053,7.441183176470601,16.267371764705796,6.930632043343618,5.84376325490194,5.0122545647058745,24.659673986928,7.149807783710376,17.85281740986701,5.837414859694929,11.987344941176431,29.028523246187248,6.033091938823499,5.352768725490151,9.215389599999924,10.4626494705882,7.072115999999995,5.34425854341733,9.965845576470574,11.683808648648665,6.928873653250755,6.574887253869915,6.7448807352940925,26.41178117647059,16.030276470588163,24.46678737851653,6.281186924019552,5.478084829721318,8.981156220588185,7.208804647058776,21.31665684873957,8.033321134453756,5.925096360294062,13.495944213406194,24.29691062588241,6.442144334365279,9.48044431372542,5.771043181818142,27.62799621981411,5.943605959079265,22.013382540567864,6.638659439775878
BD,7.080875401498114,6.163115168627408,6.632017266666635,5.874408862745053,0.0,7.266646266666671,15.943755172548965,5.178112368421013,4.761617199999971,6.833409466666666,25.12210103703699,5.543373107692291,18.57671468387081,3.998152051851831,12.154966152941144,29.881686718518445,5.25855623999998,5.932799666666618,9.274703799999946,10.303337090196022,6.609895999999983,5.925292504761859,10.32025739999996,12.527023580180185,5.6191936631578585,5.886116792982425,6.900586633333312,26.74461473333334,15.59806872941173,24.803228397101368,5.063193774999961,4.117033677192937,8.535770644117603,5.43348235686271,21.88173250476187,7.62572140952378,4.901623924999978,13.8531085968991,24.86366301333336,6.046557056140319,8.471565219047553,5.991295399999963,28.04572044210519,6.799397542028945,22.01904037816084,5.6186372571428285
BH,4.903706067415735,9.037112058823547,7.963444333333314,7.441183176470601,7.266646266666671,0.0,14.24696552941168,8.806767263157873,8.921904000000044,8.660040799999994,23.06265474074064,8.247735907692313,16.325025709677377,7.8122136962963,11.67417070588234,26.91329940740725,8.264956879999998,7.539686333333299,10.279441066666646,11.339413823529418,5.028877333333337,7.550327523809517,10.656930399999988,9.98683010810809,7.420568526315812,8.27978226315788,9.273552499999996,24.62530700000018,14.35597388235289,22.22435282608692,7.978913916666666,6.25824989473687,8.572002985294128,7.488478000000005,19.747909000000067,5.151181428571427,5.624729749999977,11.625192976744096,22.7603834,8.72739210526315,12.383760761904773,7.839720181818171,25.9898196315789,7.586450347826068,20.854762120689625,8.144456666666681
BN,13.807153218770576,16.69160205882343,16.284119411764582,16.267371764705796,15.943755172548965,14.24696552941168,0.0,16.923658978328056,18.059602666666567,17.340989764705682,21.145683681917067,14.912141906787262,18.04008659392778,17.102491972548915,17.20418470588235,27.80356649237459,16.531755491764603,15.968992647058696,15.511342933333236,16.337524411764697,14.191713411764608,16.10651568627442,15.184189905882194,14.667178600953973,15.081198235294138,15.737953743033966,16.664316088235317,22.031150588235285,16.5244470588234,16.270523777493572,16.893082218137312,16.415106191950493,14.347654779411696,16.07121964705882,21.867525756302477,14.207267142857146,15.289270375000042,11.963350314637363,20.94717560705877,16.989072755417848,20.22423501400541,15.93285275668442,24.446433699690257,15.343754603580445,20.475990341784936,16.770927843137134
BT,8.942035629804842,6.454197229102126,7.164313070175427,6.930632043343618,5.178112368421013,8.806767263157873,16.923658978328056,0.0,3.944634631578895,7.342867621052648,26.108249922027145,6.314692584615369,19.617215305602578,4.099396707992202,13.445906699690358,31.60052226120842,4.784645570526319,6.484310263157867,10.459070421052513,10.958939061919487,8.194018982456155,6.6477601253132566,11.01525119999995,14.099026955903346,7.075683859649094,6.947182263157846,7.555995868421026,27.37526368421053,16.85260108359119,26.29704889931341,5.466228388157846,5.089623684210468,9.828071684984485,7.87531108049532,23.549091616541435,9.500618796992487,6.201085539473652,15.069648017135703,25.978803416842176,5.875623684210488,8.14508609022551,7.040359803827726,29.00220699999986,7.685418077803149,22.9881074056261,5.422379874686694
CN,9.038915003745304,5.937461862745112,6.134090666666679,5.84376325490194,4.761617199999971,8.921904000000044,18.059602666666567,3.944634631578895,0.0,6.019055200000046,26.993713777777607,5.632633035897388,20.225668720430043,2.877029392592548,13.30439003921562,32.3569579999999,3.645360399999998,6.071414999999999,10.123239999999942,10.772590764705823,7.99593533333337,5.962273523809532,10.620425733333336,14.24875690090092,6.653493017543861,6.191877105263119,6.293415166666694,28.7839096666666,17.907480274509712,27.28758473913035,5.2874608750000025,4.146855614035026,9.888227083333286,7.741202509803906,23.94042214285706,9.40905742857141,5.70913866666666,15.721198217054164,26.693450946666765,5.531185894736836,5.956801714285708,6.4178792272727,29.99260092982453,7.465923391304362,23.765771143678123,4.664461428571396
GE,8.67119346966292,8.466562035294118,5.03868046666668,5.0122545647058745,6.833409466666666,8.660040799999994,17.340989764705682,7.342867621052648,6.019055200000046,0.0,24.80467863703693,7.869235630769231,18.033796122580483,6.230752999999993,12.942599905882304,30.14058709629612,6.46443120000001,6.604453133333344,9.321127866666572,10.51037657647055,8.083708400000052,6.535456133333338,10.404126399999935,12.321814972973016,7.563559775438604,6.647485842105272,6.596611100000012,26.5809047999999,16.86586303529394,24.95929588695639,6.238574641666671,6.202493957894715,9.183790920588203,7.847484247058806,22.28367397142847,9.12912917142856,6.92198322499998,13.734743655813803,24.61321276000001,7.445198168421056,9.965810876190382,7.371867518181811,27.905455884210305,7.434316034782602,22.404289375862053,7.323196133333364
HK,22.37858545568036,24.387842102396373,24.263052407407237,24.659673986928,25.12210103703699,23.06265474074064,21.145683681917067,26.108249922027145,26.993713777777607,24.80467863703693,0.0,24.328452107122413,20.101703984468223,26.333994911110963,21.87906234422656,27.01436259259247,24.550204897777636,24.243689814814694,21.681341940740623,20.719710180827867,23.129277925925805,24.224232063491915,20.638443777777645,20.728221081081067,23.95190947368416,23.315945518518348,24.988929611110976,11.221586111111035,23.468265599128383,17.212552436392894,24.7317366898148,25.73569444444438,22.486430653050057,24.871650701525,24.205128597883476,23.038248174603048,24.09280037962947,17.184916106804366,17.79890302370362,25.692241539960847,28.760833439153217,24.310281572390497,12.19771519493175,22.80230885668263,18.199427392720285,25.38115989417979
ID,8.14045046793427,6.932643952036172,7.807935364102566,7.149807783710376,5.543373107692291,8.247735907692313,14.912141906787262,6.314692584615369,5.632633035897388,7.869235630769231,24.328452107122413,0.0,18.224288557320037,5.162685778917357,12.181970553846126,29.88760479316227,5.601056846153816,6.568174107692284,9.463876907692317,9.947206597285042,7.494265682051269,6.5251762153846,9.912880630769228,12.736307730561272,6.764260873954075,6.592556118218598,8.24971277692306,26.09369435384611,15.745049301357437,23.48083427625416,6.5044542775640855,5.856131210526296,8.392032902941148,7.435894879637992,22.27870423516477,8.840797942857089,5.718685946153824,13.038346035420286,23.95575934769232,6.804978787044531,9.036609726007294,6.628984682517461,27.222511479352224,7.283661396655509,21.23366830954905,6.028323197069574
IL,15.652879389271389,17.99338601518016,17.124221720429944,17.85281740986701,18.57671468387081,16.325025709677377,18.04008659392778,19.617215305602578,20.225668720430043,18.033796122580483,20.101703984468223,18.224288557320037,0.0,19.44022838064508,14.715486757115654,22.13516276583025,18.58286063354826,17.300826236558972,17.10220282795684,16.67187612523708,16.17570179569884,17.074425768049,15.925370870967615,12.600320231037443,17.74190668647419,17.67996495755509,18.632375919354704,21.921755483871003,17.46226974383288,20.39987100701257,18.047130114247253,18.814026001697695,17.273090139943,18.29950236622386,14.81720801843306,15.926666751152007,16.936271096774103,15.43719273443356,19.873881658064445,18.551141604414116,22.20328489247297,16.787163749266764,22.63201808149409,15.807621928471091,19.26005951779757,17.975656874039785
IN,7.914096959134385,5.900466953812601,6.17509289629625,5.837414859694929,3.998152051851831,7.8122136962963,17.102491972548915,4.099396707992202,2.877029392592548,6.230752999999993,26.333994911110963,5.162685778917357,19.44022838064508,0.0,12.630084553812583,31.266283303703613,4.342513266666657,5.750836392592557,9.902116148148146,10.552157430065291,7.078916111111064,5.762278216931168,10.554978081481451,13.534594122322266,5.61903601598434,6.023926599999962,6.646481648148128,27.968798259259135,16.674837055773327,26.016087182930672,4.688433816666631,3.681572932553568,9.02453189400866,6.3247882823529125,23.024744435978747,8.385080338624268,4.981122453703697,14.865870952454694,25.93575068592598,5.408674713840122,7.09654384021156,6.18483293400669,29.053703648343017,7.152375573590936,22.881081397828797,4.717622978835965
IQ,11.09532174884334,11.331534529411726,12.192301333333331,11.987344941176431,12.154966152941144,11.67417070588234,17.20418470588235,13.445906699690358,13.30439003921562,12.942599905882304,21.87906234422656,12.181970553846126,14.715486757115654,12.630084553812583,0.0,22.99450332897615,12.491939383529417,11.654044921568609,13.79471820392149,12.753610411764626,10.910218313725418,11.707917876750688,12.281298799999956,12.192070750397477,12.366210191950456,12.332649786377644,13.007633088235307,24.20107882352956,16.699121058823504,21.53070205882348,12.15315378921568,12.25864134984521,13.335766808823443,12.828229705882402,16.47220389075633,11.590110697478996,10.967795117647071,15.208585253077882,21.555219990588316,12.855665820433392,15.755208991596575,11.199229914438462,24.369494436532467,11.550695227621429,19.582258207910737,11.252949316526625
JO,25.98041935497293,29.28505937908472,29.546498333333112,29.028523246187248,29.881686718518445,26.91329940740725,27.80356649237459,31.60052226120842,32.3569579999999,30.14058709629612,27.01436259259247,29.88760479316227,22.13516276583025,31.266283303703613,22.99450332897615,0.0,30.826058020740515,29.424206481481274,28.998887688888757,28.173540590414017,26.403182740740604,29.301108835978656,27.808198992592423,22.02720187187186,29.09958101364512,29.556357635477458,30.532689685185,29.10891833333316,27.25019023965124,26.49775644605468,29.89883254629624,30.073574892787537,28.52132081644875,28.67771741176465,17.420711931216886,25.967702989417848,28.10659506018509,26.62795304909556,27.08582577777775,30.798962943469625,33.8178210582008,28.642728597642996,28.771579491227957,28.10914523349421,28.052031285440528,29.681115978835845
JP,8.2822151146067,6.312565597647047,6.420582373333323,6.033091938823499,5.25855623999998,8.264956879999998,16.531755491764603,4.784645570526319,3.645360399999998,6.46443120000001,24.550204897777636,5.601056846153816,18.58286063354826,4.342513266666657,12.491939383529417,30.826058020740515,0.0,5.607871266666648,9.079463573333298,9.326138821176452,7.589821173333308,5.409135573333322,9.662825359999967,13.031081370810702,6.704028875789424,5.957581875789458,6.802259860000005,26.338862639999803,16.801096390588103,25.080569212173778,5.334782761666648,5.032530202105232,8.780940546470541,7.670727451764688,22.70683818857124,8.70449217142851,5.685422844999996,13.589250690232465,24.460700320000004,5.673858585263142,7.78032359238095,6.225400098181791,27.522792410526275,6.666283947826057,21.84494323793093,5.211153047619054
KG,7.643247022471901,7.135724901960731,5.954138333333317,5.352768725490151,5.932799666666618,7.539686333333299,15.968992647058696,6.484310263157867,6.071414999999999,6.604453133333344,24.243689814814694,6.568174107692284,17.300826236558972,5.750836392592557,11.654044921568609,29.424206481481274,5.607871266666648,0.0,9.55795739999989,9.96860729411762,7.153837666666673,3.773764999999983,9.768394599999954,11.915847702702765,6.9345879824560965,6.569314736842035,7.477011166666622,25.74325999999996,15.946550686274396,24.1630183768115,6.113057916666603,5.69866710526308,8.875525200980357,7.793868999999973,21.22581714285721,8.363082380952362,5.697143958333292,13.321846782945602,23.925732933333396,5.665535877192953,8.925706428571367,6.114727030303005,27.00930564912264,4.8054490579709865,21.3954481551724,6.046362619047591
KH,9.781033228464354,10.730704262745006,9.235886733333224,9.215389599999924,9.274703799999946,10.279441066666646,15.511342933333236,10.459070421052513,10.123239999999942,9.321127866666572,21.681341940740623,9.463876907692317,17.10220282795684,9.902116148148146,13.79471820392149,28.998887688888757,9.079463573333298,9.55795739999989,0.0,10.026583447058773,9.906397599999908,9.511191199999928,8.65149879999996,12.773338796396343,9.733769284210444,7.488571231578885,9.534548299999926,23.185862666666555,16.503022650980267,22.20693958550724,8.892286349999932,9.858343073684102,10.021704724509776,10.49713013333327,21.05685844761901,10.771926219047616,9.448983891666636,12.355063559689812,21.2521368,10.60839880701743,13.528776419047466,9.84146657272724,24.540355778947312,9.58022125797091,19.033379890804586,10.083141295238011
KR,10.801624313945764,11.155193058823505,10.170979529411742,10.4626494705882,10.303337090196022,11.339413823529418,16.337524411764697,10.958939061919487,10.772590764705823,10.51037657647055,20.719710180827867,9.947206597285042,16.67187612523708,10.552157430065291,12.753610411764626,28.173540590414017,9.326138821176452,9.96860729411762,10.026583447058773,0.0,10.620997235294086,10.009615084033596,10.270422294117653,12.999749874403811,10.441697051599563,9.322002092879222,10.738655499999984,22.621643764706068,17.079351705882328,21.7363247212276,9.99558165931369,10.644579414860642,10.6617628970588,11.538357588235296,20.97645058823533,11.648697983193268,9.915870999999967,12.988658931600462,20.86870012470594,11.183727520123824,13.897100064425702,10.183647708556109,23.57842282352935,10.100980785166229,18.531920974645026,10.49364668067224
KW,4.586076868913858,8.147329274509831,7.768933000000038,7.072115999999995,6.609895999999983,5.028877333333337,14.191713411764608,8.194018982456155,7.99593533333337,8.083708400000052,23.129277925925805,7.494265682051269,16.17570179569884,7.078916111111064,10.910218313725418,26.403182740740604,7.589821173333308,7.153837666666673,9.906397599999908,10.620997235294086,0.0,7.150501238095239,10.352257333333304,9.785284126126106,7.140343754385989,7.77011289473682,8.694126833333337,24.986993666666624,14.441672470588124,22.41623415942022,7.442975874999996,5.840923964912263,8.125933691176447,6.866647254901951,19.558660523809543,5.209519809523787,4.592545499999962,12.06927235658906,23.08956086666667,8.151411298245636,11.537434285714188,6.939012666666655,26.09548247368404,7.317607797101449,20.92657316666663,7.127581428571452
KZ,7.717110626003175,7.26338514005599,6.085692380952351,5.34425854341733,5.925292504761859,7.550327523809517,16.10651568627442,6.6477601253132566,5.962273523809532,6.535456133333338,24.224232063491915,6.5251762153846,17.074425768049,5.762278216931168,11.707917876750688,29.301108835978656,5.409135573333322,3.773764999999983,9.511191199999928,10.009615084033596,7.150501238095239,0.0,9.80610203809523,11.65976257400262,6.852539473684183,6.728170483709233,7.631252357142834,25.911333095238028,15.955307731092333,24.36032970807444,6.074710803571364,5.647676591478633,8.73115405532212,7.65638321008401,21.22767833333338,8.217964047619036,5.61916287499997,13.232113709855938,23.936046756190493,5.90426290726814,9.203436190476143,6.173916036796519,27.011446859648977,4.848251221532073,21.38802572988505,5.962802857142833
LA,10.48883422471905,10.346482741176429,9.90594646666665,9.965845576470574,10.32025739999996,10.656930399999988,15.184189905882194,11.01525119999995,10.620425733333336,10.404126399999935,20.638443777777645,9.912880630769228,15.925370870967615,10.554978081481451,12.281298799999956,27.808198992592423,9.662825359999967,9.768394599999954,8.65149879999996,10.270422294117653,10.352257333333304,9.80610203809523,0.0,12.738654129729776,10.656439691228124,8.70928603157894,10.435750100000014,22.29384999999989,16.63129616470571,21.205859295652136,9.667363166666682,10.56805412631577,11.118745920588204,11.867136188235316,19.93806442857134,11.288002514285695,10.022284350000009,12.441325665116173,18.46924923999998,11.13132427368415,13.610499257142711,10.177114000000016,23.644480726315685,9.638995930434753,17.892265424137914,10.273584133333316
LB,9.350454388095969,13.259743616852155,11.645116621621652,11.683808648648665,12.527023580180185,9.98683010810809,14.667178600953973,14.099026955903346,14.24875690090092,12.321814972973016,20.728221081081067,12.736307730561272,12.600320231037443,13.534594122322266,12.192070750397477,22.02720187187186,13.031081370810702,11.915847702702765,12.773338796396343,12.999749874403811,9.785284126126106,11.65976257400262,12.738654129729776,0.0,12.020427098150847,12.218994968705504,13.273802445946036,22.62004148648664,15.333797806041416,20.071746541715605,12.552227652027018,12.430887624466648,11.900001889904589,12.038349429252756,16.891794073359133,9.747895270270288,10.908922929053992,11.596342325581338,20.58565079999997,13.512118321479438,16.993758455598606,11.523992191646183,24.362944049786574,11.031191809635756,20.217119880242304,12.473776447876476
LK,7.155710453380636,7.661809767801832,7.187486315789468,6.928873653250755,5.6191936631578585,7.420568526315812,15.081198235294138,7.075683859649094,6.653493017543861,7.563559775438604,23.95190947368416,6.764260873954075,17.74190668647419,5.61903601598434,12.366210191950456,29.09958101364512,6.704028875789424,6.9345879824560965,9.733769284210444,10.441697051599563,7.140343754385989,6.852539473684183,10.656439691228124,12.020427098150847,0.0,6.571259385964837,7.967387464912273,25.684988859649263,14.701426202270426,23.23941620061016,6.285783179824527,5.618806842105219,8.44518808384931,6.690643245614006,21.475174874686804,7.894680814536344,5.783237807017511,12.608263937168438,23.834543988070187,7.357651403508747,10.222889248120266,7.084289369218471,27.02385528070176,7.424588527841324,21.10786502389591,6.938838370927298
MM,8.083927754583067,7.641395616099018,6.5606057368420485,6.574887253869915,5.886116792982425,8.27978226315788,15.737953743033966,6.947182263157846,6.191877105263119,6.647485842105272,23.315945518518348,6.592556118218598,17.67996495755509,6.023926599999962,12.332649786377644,29.556357635477458,5.957581875789458,6.569314736842035,7.488571231578885,9.322002092879222,7.77011289473682,6.728170483709233,8.70928603157894,12.218994968705504,6.571259385964837,0.0,6.791028657894705,24.95982621052626,15.96992494427233,23.181776677345468,5.7411888486841525,6.266550263157845,8.324615132352935,7.9285761269349395,21.57786888721797,8.722035601503741,6.614295217105234,12.612206554467418,22.990231280000007,7.399805105263092,10.077383576441015,7.174954435406675,26.314714210526255,7.360627585812281,20.32812612794915,6.690769456140308
MN,9.32559557865165,8.545707852941176,6.745362499999987,6.7448807352940925,6.900586633333312,9.273552499999996,16.664316088235317,7.555995868421026,6.293415166666694,6.596611100000012,24.988929611110976,8.24971277692306,18.632375919354704,6.646481648148128,13.007633088235307,30.532689685185,6.802259860000005,7.477011166666622,9.534548299999926,10.738655499999984,8.694126833333337,7.631252357142834,10.435750100000014,13.273802445946036,7.967387464912273,6.791028657894705,0.0,26.73857149999989,16.84970191176475,24.76096771739117,6.730201583333286,6.868126026315728,9.879445397058772,8.716149441176453,22.2620260714286,9.790224785714315,7.639283874999982,14.239397058139378,24.48714938000002,8.248930815789468,10.130801214285814,7.607495681818161,27.98574639473663,8.335754021739088,22.006512551724075,7.457040309523799
MO,24.161746853932534,26.353265294117453,25.813106666666627,26.41178117647059,26.74461473333334,24.62530700000018,22.031150588235285,27.37526368421053,28.7839096666666,26.5809047999999,11.221586111111035,26.09369435384611,21.921755483871003,27.968798259259135,24.20107882352956,29.10891833333316,26.338862639999803,25.74325999999996,23.185862666666555,22.621643764706068,24.986993666666624,25.911333095238028,22.29384999999989,22.62004148648664,25.684988859649263,24.95982621052626,26.73857149999989,0.0,24.48058029411756,19.103836782608703,26.430991666666845,27.39685842105282,24.21138745588243,26.67650658823525,25.942095714285774,24.47437214285709,25.925557749999893,19.07600813953489,19.748251000000003,27.070074999999925,30.38138904761895,26.05509409090913,14.72938536842106,24.34541652173912,19.97310777586208,27.06839976190473
MV,14.126127415730284,16.550129705882274,15.956666078431288,16.030276470588163,15.59806872941173,14.35597388235289,16.5244470588234,16.85260108359119,17.907480274509712,16.86586303529394,23.468265599128383,15.745049301357437,17.46226974383288,16.674837055773327,16.699121058823504,27.25019023965124,16.801096390588103,15.946550686274396,16.503022650980267,17.079351705882328,14.441672470588124,15.955307731092333,16.63129616470571,15.333797806041416,14.701426202270426,15.96992494427233,16.84970191176475,24.48058029411756,0.0,22.014526283887385,16.250699620098057,16.071946501548048,15.86534745588222,15.35287029411766,21.129142142857123,14.72713911764706,15.299063301470625,16.179748590971123,22.8924498564706,16.819279876160852,20.081423809523585,15.44381987700532,25.8214435944271,15.263773913043362,22.38232937018245,16.53518767506991
MY,21.587790876892967,24.43115535038349,24.471950347825995,24.46678737851653,24.803228397101368,22.22435282608692,16.270523777493572,26.29704889931341,27.28758473913035,24.95929588695639,17.212552436392894,23.48083427625416,20.39987100701257,26.016087182930672,21.53070205882348,26.49775644605468,25.080569212173778,24.1630183768115,22.20693958550724,21.7363247212276,22.41623415942022,24.36032970807444,21.205859295652136,20.071746541715605,23.23941620061016,23.181776677345468,24.76096771739117,19.103836782608703,22.014526283887385,0.0,24.927577793478243,25.201853736842075,21.453042718030662,23.913411322250617,23.349094496894335,22.163534465838467,23.671804701086828,16.012182439838185,18.51717869043473,25.69579538443921,28.753985240165456,24.118970296442622,19.373493647597247,23.07562586956516,19.14882930959517,25.235651086956448
NP,7.961950674157287,6.544264987745041,6.215368541666627,6.281186924019552,5.063193774999961,7.978913916666666,16.893082218137312,5.466228388157846,5.2874608750000025,6.238574641666671,24.7317366898148,6.5044542775640855,18.047130114247253,4.688433816666631,12.15315378921568,29.89883254629624,5.334782761666648,6.113057916666603,8.892286349999932,9.99558165931369,7.442975874999996,6.074710803571364,9.667363166666682,12.552227652027018,6.285783179824527,5.7411888486841525,6.730201583333286,26.430991666666845,16.250699620098057,24.927577793478243,0.0,5.3806952302631,8.822737757352916,7.263753796568574,22.10309255952389,8.52436339285712,5.995775749999953,13.738538435077468,24.650918088333352,6.666267478070121,9.28869110119046,6.64237589015146,27.57169554605253,7.034513768115868,21.977751635057466,6.083468869047569
OM,6.644903973979889,6.317711068111398,6.056826754385927,5.478084829721318,4.117033677192937,6.25824989473687,16.415106191950493,5.089623684210468,4.146855614035026,6.202493957894715,25.73569444444438,5.856131210526296,18.814026001697695,3.681572932553568,12.25864134984521,30.073574892787537,5.032530202105232,5.69866710526308,9.858343073684102,10.644579414860642,5.840923964912263,5.647676591478633,10.56805412631577,12.430887624466648,5.618806842105219,6.266550263157845,6.868126026315728,27.39685842105282,16.071946501548048,25.201853736842075,5.3806952302631,0.0,8.942311099845176,6.118494340557216,22.17341778195497,7.030455902255625,3.8054802763157594,14.230259363525006,25.51705331157899,5.6580231578946485,8.204399448621444,5.790714263157838,28.710330578947257,6.888896567505638,22.69817437114337,4.943018345864612
PH,8.01558808575676,10.271827897058792,9.205164181372504,8.981156220588185,8.535770644117603,8.572002985294128,14.347654779411696,9.828071684984485,9.888227083333286,9.183790920588203,22.486430653050057,8.392032902941148,17.273090139943,9.02453189400866,13.335766808823443,28.52132081644875,8.780940546470541,8.875525200980357,10.021704724509776,10.6617628970588,8.125933691176447,8.73115405532212,11.118745920588204,11.900001889904589,8.44518808384931,8.324615132352935,9.879445397058772,24.21138745588243,15.86534745588222,21.453042718030662,8.822737757352916,8.942311099845176,0.0,8.713806661764677,21.53240494327729,9.013409262605036,7.742311919117629,11.78257117612854,22.36491419470584,9.830902431114517,13.025601769607729,9.27883184358287,25.134298907894703,8.878694380434746,20.05571415770785,9.416953320027975
PK,6.896474809649669,8.371333941176443,8.24235890196074,7.208804647058776,5.43348235686271,7.488478000000005,16.07121964705882,7.87531108049532,7.741202509803906,7.847484247058806,24.871650701525,7.435894879637992,18.29950236622386,6.3247882823529125,12.828229705882402,28.67771741176465,7.670727451764688,7.793868999999973,10.49713013333327,11.538357588235296,6.866647254901951,7.65638321008401,11.867136188235316,12.038349429252756,6.690643245614006,7.9285761269349395,8.716149441176453,26.67650658823525,15.35287029411766,23.913411322250617,7.263753796568574,6.118494340557216,8.713806661764677,0.0,21.49760736974789,7.661572285714277,6.16841358088233,13.747107217510216,24.698136124705947,8.004589551083559,10.952086764705864,7.5181088128341775,27.8729512136224,8.177608616368246,22.39844320791072,7.693178635854316
PS,19.142802367576166,21.431548067226775,21.154117142857118,21.31665684873957,21.88173250476187,19.747909000000067,21.867525756302477,23.549091616541435,23.94042214285706,22.28367397142847,24.205128597883476,22.27870423516477,14.81720801843306,23.024744435978747,16.47220389075633,17.420711931216886,22.70683818857124,21.22581714285721,21.05685844761901,20.97645058823533,19.558660523809543,21.22767833333338,19.93806442857134,16.891794073359133,21.475174874686804,21.57786888721797,22.2620260714286,25.942095714285774,21.129142142857123,23.349094496894335,22.10309255952389,22.17341778195497,21.53240494327729,21.49760736974789,0.0,19.26948499999992,20.436584874999877,20.789232176079743,23.381015617142847,22.644505225564004,25.68571023809533,20.778356402597424,26.499220180451147,19.98359816770186,22.63789180541869,21.377859761904844
QA,4.6574980979133205,9.27260457983196,8.975641428571436,8.033321134453756,7.62572140952378,5.151181428571427,14.207267142857146,9.500618796992487,9.40905742857141,9.12912917142856,23.038248174603048,8.840797942857089,15.926666751152007,8.385080338624268,11.590110697478996,25.967702989417848,8.70449217142851,8.363082380952362,10.771926219047616,11.648697983193268,5.209519809523787,8.217964047619036,11.288002514285695,9.747895270270288,7.894680814536344,8.722035601503741,9.790224785714315,24.47437214285709,14.72713911764706,22.163534465838467,8.52436339285712,7.030455902255625,9.013409262605036,7.661572285714277,19.26948499999992,0.0,6.247765732142825,11.727616428571386,22.85769278285714,9.246124285714275,12.764798333333363,8.188726558441521,25.856930218045065,7.987179192546551,20.693204667487645,8.498945714285707
SA,5.3140168595505015,6.4858334264705455,6.60674237499995,5.925096360294062,4.901623924999978,5.624729749999977,15.289270375000042,6.201085539473652,5.70913866666666,6.92198322499998,24.09280037962947,5.718685946153824,16.936271096774103,4.981122453703697,10.967795117647071,28.10659506018509,5.685422844999996,5.697143958333292,9.448983891666636,9.915870999999967,4.592545499999962,5.61916287499997,10.022284350000009,10.908922929053992,5.783237807017511,6.614295217105234,7.639283874999982,25.925557749999893,15.299063301470625,23.671804701086828,5.995775749999953,3.8054802763157594,7.742311919117629,6.16841358088233,20.436584874999877,6.247765732142825,0.0,13.097197909883656,23.94477325000001,6.222186302631538,9.425436142857126,5.62963586363633,27.13072263157882,6.331540820652115,21.415401521551694,5.143043130952386
SG,11.20333650378879,14.7524297879616,13.297791201550266,13.495944213406194,13.8531085968991,11.625192976744096,11.963350314637363,15.069648017135703,15.721198217054164,13.734743655813803,17.184916106804366,13.038346035420286,15.43719273443356,14.865870952454694,15.208585253077882,26.62795304909556,13.589250690232465,13.321846782945602,12.355063559689812,12.988658931600462,12.06927235658906,13.232113709855938,12.441325665116173,11.596342325581338,12.608263937168438,12.612206554467418,14.239397058139378,19.07600813953489,16.179748590971123,16.012182439838185,13.738538435077468,14.230259363525006,11.78257117612854,13.747107217510216,20.789232176079743,11.727616428571386,13.097197909883656,0.0,18.50986171162788,14.779321370868873,18.40895847176062,13.605303201902611,20.925005854345084,12.44465795753275,18.14072077105054,14.457998693244605
TH,22.409584793258414,24.294973247058877,23.87948985333337,24.29691062588241,24.86366301333336,22.7603834,20.94717560705877,25.978803416842176,26.693450946666765,24.61321276000001,17.79890302370362,23.95575934769232,19.873881658064445,25.93575068592598,21.555219990588316,27.08582577777775,24.460700320000004,23.925732933333396,21.2521368,20.86870012470594,23.08956086666667,23.936046756190493,18.46924923999998,20.58565079999997,23.834543988070187,22.990231280000007,24.48714938000002,19.748251000000003,22.8924498564706,18.51717869043473,24.650918088333352,25.51705331157899,22.36491419470584,24.698136124705947,23.381015617142847,22.85769278285714,23.94477325000001,18.50986171162788,0.0,25.46596634105276,28.163212609523903,24.24048282363638,18.906109684210488,22.8120657252174,17.368583662758603,24.882450125714374
TJ,8.6448400236546,7.210670232198092,7.147376140350864,6.442144334365279,6.046557056140319,8.72739210526315,16.989072755417848,5.875623684210488,5.531185894736836,7.445198168421056,25.692241539960847,6.804978787044531,18.551141604414116,5.408674713840122,12.855665820433392,30.798962943469625,5.673858585263142,5.665535877192953,10.60839880701743,11.183727520123824,8.151411298245636,5.90426290726814,11.13132427368415,13.512118321479438,7.357651403508747,7.399805105263092,8.248930815789468,27.070074999999925,16.819279876160852,25.69579538443921,6.666267478070121,5.6580231578946485,9.830902431114517,8.004589551083559,22.644505225564004,9.246124285714275,6.222186302631538,14.779321370868873,25.46596634105276,0.0,8.681151629072643,6.466650399521504,28.47303089473672,6.456067848970197,22.786071861161474,5.881542255639076
TM,12.403482461209087,9.238765448179189,9.808882142857136,9.48044431372542,8.471565219047553,12.383760761904773,20.22423501400541,8.14508609022551,5.956801714285708,9.965810876190382,28.760833439153217,9.036609726007294,22.20328489247297,7.09654384021156,15.755208991596575,33.8178210582008,7.78032359238095,8.925706428571367,13.528776419047466,13.897100064425702,11.537434285714188,9.203436190476143,13.610499257142711,16.993758455598606,10.222889248120266,10.077383576441015,10.130801214285814,30.38138904761895,20.081423809523585,28.753985240165456,9.28869110119046,8.204399448621444,13.025601769607729,10.952086764705864,25.68571023809533,12.764798333333363,9.425436142857126,18.40895847176062,28.163212609523903,8.681151629072643,0.0,9.510281887445858,31.26869035338326,10.348854554865316,25.75614382019693,7.976735238095199
TR,7.377959305924373,7.140424887700505,7.0467482121212175,5.771043181818142,5.991295399999963,7.839720181818171,15.93285275668442,7.040359803827726,6.4178792272727,7.371867518181811,24.310281572390497,6.628984682517461,16.787163749266764,6.18483293400669,11.199229914438462,28.642728597642996,6.225400098181791,6.114727030303005,9.84146657272724,10.183647708556109,6.939012666666655,6.173916036796519,10.177114000000016,11.523992191646183,7.084289369218471,7.174954435406675,7.607495681818161,26.05509409090913,15.44381987700532,24.118970296442622,6.64237589015146,5.790714263157838,9.27883184358287,7.5181088128341775,20.778356402597424,8.188726558441521,5.62963586363633,13.605303201902611,24.24048282363638,6.466650399521504,9.510281887445858,0.0,27.225698069377927,6.617413533596805,21.574873217868333,6.128701567099543
TW,25.35837760792432,27.212269795665428,27.249219684210367,27.62799621981411,28.04572044210519,25.9898196315789,24.446433699690257,29.00220699999986,29.99260092982453,27.905455884210305,12.19771519493175,27.222511479352224,22.63201808149409,29.053703648343017,24.369494436532467,28.771579491227957,27.522792410526275,27.00930564912264,24.540355778947312,23.57842282352935,26.09548247368404,27.011446859648977,23.644480726315685,24.362944049786574,27.02385528070176,26.314714210526255,27.98574639473663,14.72938536842106,25.8214435944271,19.373493647597247,27.57169554605253,28.710330578947257,25.134298907894703,27.8729512136224,26.499220180451147,25.856930218045065,27.13072263157882,20.925005854345084,18.906109684210488,28.47303089473672,31.26869035338326,27.225698069377927,0.0,25.63256476201358,19.018850314882048,28.079412218045
UZ,7.581030302882238,8.059397762148288,6.637719130434755,5.943605959079265,6.799397542028945,7.586450347826068,15.343754603580445,7.685418077803149,7.465923391304362,7.434316034782602,22.80230885668263,7.283661396655509,15.807621928471091,7.152375573590936,11.550695227621429,28.10914523349421,6.666283947826057,4.8054490579709865,9.58022125797091,10.100980785166229,7.317607797101449,4.848251221532073,9.638995930434753,11.031191809635756,7.424588527841324,7.360627585812281,8.335754021739088,24.34541652173912,15.263773913043362,23.07562586956516,7.034513768115868,6.888896567505638,8.878694380434746,8.177608616368246,19.98359816770186,7.987179192546551,6.331540820652115,12.44465795753275,22.8120657252174,6.456067848970197,10.348854554865316,6.617413533596805,25.63256476201358,0.0,20.45817559745125,6.938940786749456
VN,20.381108981983665,21.490256641987784,21.64253352298845,22.013382540567864,22.01904037816084,20.854762120689625,20.475990341784936,22.9881074056261,23.765771143678123,22.404289375862053,18.199427392720285,21.23366830954905,19.26005951779757,22.881081397828797,19.582258207910737,28.052031285440528,21.84494323793093,21.3954481551724,19.033379890804586,18.531920974645026,20.92657316666663,21.38802572988505,17.892265424137914,20.217119880242304,21.10786502389591,20.32812612794915,22.006512551724075,19.97310777586208,22.38232937018245,19.14882930959517,21.977751635057466,22.69817437114337,20.05571415770785,22.39844320791072,22.63789180541869,20.693204667487645,21.415401521551694,18.14072077105054,17.368583662758603,22.786071861161474,25.75614382019693,21.574873217868333,19.018850314882048,20.45817559745125,0.0,22.158126033661677
YE,8.14427488496521,5.900893319327726,7.143948571428565,6.638659439775878,5.6186372571428285,8.144456666666681,16.770927843137134,5.422379874686694,4.664461428571396,7.323196133333364,25.38115989417979,6.028323197069574,17.975656874039785,4.717622978835965,11.252949316526625,29.681115978835845,5.211153047619054,6.046362619047591,10.083141295238011,10.49364668067224,7.127581428571452,5.962802857142833,10.273584133333316,12.473776447876476,6.938838370927298,6.690769456140308,7.457040309523799,27.06839976190473,16.53518767506991,25.235651086956448,6.083468869047569,4.943018345864612,9.416953320027975,7.693178635854316,21.377859761904844,8.498945714285707,5.143043130952386,14.457998693244605,24.882450125714374,5.881542255639076,7.976735238095199,6.128701567099543,28.079412218045,6.938940786749456,22.158126033661677,0.0
