ISO_CODE,AO,BF,BI,BJ,BW,CD,CF,CG,CI,CM,CV,DJ,DZ,EG,ER,ET,GA,GH,GM,GN,GQ,GW,KE,KM,LR,LS,LY,MA,MG,ML,MR,MU,MW,MZ,NA,NE,NG,RE,RW,SC,SL,SN,SO,SS,ST,SZ,TD,TG,TN,TZ,UG,YT,ZA,ZM,ZW
AO,0.0,18.018308791486117,16.892646428571584,15.29862490259747,25.25867669743145,15.098361964285443,20.657740032467345,17.380714960317405,17.38717852484468,17.542539151785643,17.73454964285709,19.61578107142845,26.873379738095025,29.57210443050216,17.01262304006967,15.42152985119025,17.326818365800722,18.085145912698167,16.813146865079414,19.668353134920707,18.074808159340574,16.41206821428574,17.713836966800365,16.316051071428593,16.771871944444424,17.832132154377845,32.83884364285675,26.230932633928223,17.934797976190463,18.2576861607144,17.376309007936477,28.461380880952195,15.434714902597314,13.582534428571645,19.06541630952381,19.227163369565,17.519404928571287,24.04745886904736,15.835270765306158,29.28668111471824,23.03777918280856,16.69962946428579,24.22305833333297,25.00332392857125,16.620702918719203,16.967735198412676,17.742893489010914,15.678381509216525,36.79861953219227,19.747631547618933,18.85349609605894,19.94715464285704,16.255030390756282,18.879717738095277,16.861660996240534
BF,18.018308791486117,0.0,13.852762348484776,8.806168686868679,23.265789955737105,11.32723609848456,16.715165656565457,11.90785569985546,9.09167832015812,10.829901556186918,22.455283111111022,16.69754999999977,24.400710926406816,27.60913030603379,15.252046661739016,13.57109083964602,11.39644848484829,15.424109158248722,13.35093560606035,11.318372979798044,15.697314840714498,16.31091095571069,15.97223317683823,13.895808730158423,13.889042592592292,16.32658028673813,30.741589121211693,23.894358903408737,15.22316663780655,9.358193743686908,13.234470454545088,26.615107757576123,14.075085353535014,17.01001790404075,18.54969929292918,10.046680698287108,14.21851995555535,22.180430366161453,13.40265283446697,27.86530808080832,19.13044353706551,10.11102936868698,21.42287007575737,21.584091666666804,19.46081424590723,15.768319696969389,13.596454700854432,9.192040127077272,34.41196125195542,17.14993133477617,16.34330486590046,17.693955226685286,15.50065916161611,16.76192747474756,14.738772461456362
BI,16.892646428571584,13.852762348484776,0.0,11.801163863636376,21.253748792134772,10.92607291666653,15.890642045454715,12.858804007936495,13.702073804348036,12.986909062500196,21.11580049999997,14.961650277777911,23.581048452380863,27.03493825675722,14.31843201219528,12.031498541666368,13.167427651515192,14.013766388888603,11.9547558333334,14.826443611111385,15.623289294871986,15.217355961538589,13.009270950703892,12.93826607142866,11.973937129629723,13.851559758064642,29.669641499999447,23.54823343749978,13.605496547619127,14.126245625000214,13.049973055555412,25.34574183333363,11.71936386363635,14.849757000000409,16.537977500000178,13.477528586956526,13.939114099999884,21.632312916666372,10.089755051020454,25.957309015151463,17.240015974576398,13.586132500000277,18.632353333333345,17.727282500000037,18.19222353448279,14.158595833333472,14.32003711538473,11.61826459677424,34.087602640844345,13.797934880952408,13.51171112068976,17.30147052325593,14.394237852941243,15.16492027777806,13.18467513157885
BJ,15.29862490259747,8.806168686868679,11.801163863636376,0.0,21.7229057201225,9.15705814393934,14.42249454545454,10.049225367965228,8.589225474308291,9.402608494318258,21.13572545454541,14.534687575757545,23.34982923809501,26.327066130221397,10.901099955653985,10.136599185605704,9.754719393939236,13.001058148147775,10.855486919191932,12.485451363636448,12.008242237762092,12.827377622377504,13.199443533930404,10.216907402597268,11.382704141414088,12.803971847507247,29.804347727272283,23.06035788068163,13.404547186147267,10.186084602272764,11.029273484848344,26.15493527272764,10.123684545454376,14.821948863636774,16.134008181818203,10.088848498023594,11.676790836363484,20.57600238636357,9.8087814100185,26.08229878787897,17.73549214175666,9.002983181818244,19.394007803030235,20.120083181818355,15.801056489028111,12.066746969696876,10.67770125874116,5.866335395894419,34.36281262483921,14.311117510822449,14.353092946708548,14.542665327695472,11.907586401069429,14.494005959596084,11.299261339712764
BW,25.25867669743145,23.265789955737105,21.253748792134772,21.7229057201225,0.0,21.00997400280845,26.48864994892722,22.948030729445343,23.392973593062752,21.619020158005487,30.186278921348105,25.44950081148546,31.621642861423,33.157586960522806,23.741391805974,19.94356857443799,23.157406196799144,17.583650124843558,20.6435464731584,23.540248358302204,25.507982742725247,25.69851279170254,20.002682335811983,24.02212608346689,20.45120201831044,17.266892859731506,35.456452859550325,31.693211923454548,19.04622606741564,23.116916299157424,23.00614163545552,29.181118292135025,19.748088968334766,19.82719307303381,17.59012539325814,23.43168082559811,19.329166913482982,28.676722354868577,20.034426920430924,32.30157425944851,19.477878499333304,23.18989291432561,25.07218489700348,22.47500455056176,27.81130561797728,19.612793945068347,24.787998012100108,21.885186389996253,40.20843965817291,19.02139219101112,17.846903188686465,27.672939038411087,18.353033331791213,17.129418227216046,17.2263066706088
CD,15.098361964285443,11.32723609848456,10.92607291666653,9.15705814393934,21.00997400280845,0.0,15.045980189393562,8.671003353174513,10.561901793478208,9.848270937499963,21.41513891666625,15.304513194443995,23.37833953571404,26.760294466216457,13.12667277438988,10.4184143749996,11.120997159090647,12.97156143518476,11.783580694444174,12.79982069444432,14.028725224358531,14.82238131410216,12.859388973004236,12.319784821428224,12.36068634259231,13.186910201612552,29.567934416665963,23.04641468749969,12.590456130952363,11.464001874999884,12.55853624999964,25.48120958333299,10.89140518939366,13.949016750000109,16.355012916666272,12.314085090579308,12.225604616666455,21.435738333332854,10.050285824829826,26.40837488636296,17.47842454096009,10.24552000000001,18.97586624999951,19.11664874999961,17.499915531608647,12.91404819444406,12.267030352563747,9.552670819892407,33.71827874999936,13.757275416666374,12.975479123563115,16.47113836240258,13.333951602941037,14.139180138888705,11.608038486841826
CF,20.657740032467345,16.715165656565457,15.890642045454715,14.42249454545454,26.48864994892722,15.045980189393562,0.0,15.586448773448714,16.50602033596842,15.722632073863828,24.483865818181496,16.783935858585963,26.842824303030064,29.68920710319464,17.233794235033333,15.721251912878383,15.723409090909067,18.50764683501639,15.288468939394123,18.27783994949509,17.85969557109561,16.243022377622523,18.39601111395586,15.143788961039109,16.456012626262737,17.931620821114414,32.8757145909085,26.72685227840868,17.966961385281408,16.595683465909215,16.45050555555529,29.20895963636399,16.231254545454586,19.94211677272748,21.34321121212121,16.541957905138137,17.914586018181637,25.14132632575717,15.603696289425038,26.745269696969565,22.25145808936834,16.051120909091182,23.80817659090853,22.411695000000083,20.58737272727259,16.993865151515248,14.925711888112009,14.241875219941283,37.323964046093856,19.75885512987004,19.62447219435719,18.78609936575052,18.68573297860969,20.00011101010103,17.72436095693776
CG,17.380714960317405,11.90785569985546,12.858804007936495,10.049225367965228,22.948030729445343,8.671003353174513,15.586448773448714,0.0,11.268592225672815,10.40711783234116,22.547480190476364,16.038857936507835,24.396672412698205,27.69234098713043,15.097446147889745,12.833083878967791,10.031954112553878,14.640316666666337,12.324010714285627,12.891931984127057,15.762243711843402,15.964185836385692,15.411305401296104,14.026862698412469,13.180151058200964,15.40259994879659,30.864803261904232,24.202024703372796,14.61211682539678,11.953997251984063,12.778132936507651,26.46132247619093,13.45572893217863,16.70929829365115,18.09380190476193,12.387159799861676,14.22591990793625,22.200404067460365,12.634671428571291,27.746803318903822,18.18674137745497,11.102554781745969,21.085341785714142,20.916406428571623,19.148540394088617,15.107275396825182,13.483855433455204,9.79408594470029,34.650531401743024,16.711392460317334,16.07116020251775,17.66051258767064,15.488278116713204,16.76188714285726,14.347502188805032
CI,17.38717852484468,9.09167832015812,13.702073804348036,8.589225474308291,23.392973593062752,10.561901793478208,16.50602033596842,11.268592225672815,0.0,9.093901616847882,22.75436204347785,16.593562391304307,23.86669545548632,27.24966977203309,14.764716792152688,12.900713831521529,10.438111403162038,14.553544066022292,12.95118884057976,11.026038937198033,15.366628166109257,15.96496399665559,15.306459329454556,13.835083074534165,13.8423760950081,16.03232307854144,30.268377608695225,23.34064768749974,14.65141982401671,9.734821494565386,13.25695429951693,26.61942943478247,13.827805790513771,16.565053500000385,18.71961528985501,11.02009108695654,13.917739469565143,22.07845197463733,13.096623952972504,27.739177924900734,19.1086174907884,8.981310434782696,21.430557572463417,21.57287913043454,19.056310052473588,15.493052004830936,13.569038745819425,9.352320483870976,34.11083420391854,16.61611385093154,16.088774265367434,17.29350283619814,14.972005616368229,16.764040120773064,14.521471590388924
CM,17.542539151785643,10.829901556186918,12.986909062500196,9.402608494318258,21.619020158005487,9.848270937499963,15.722632073863828,10.40711783234116,9.093901616847882,0.0,22.680945062499788,16.9058960069445,24.182290491071228,27.392472440878507,14.265555571646546,11.66093114583318,10.558796619318144,12.99087015046284,11.86232982638897,11.326632743055578,15.376891770833549,16.223062716346345,14.105206360034884,14.011445044642992,13.286915057870392,14.52848601814534,30.07317643749945,23.64755737499974,13.369876889880986,10.55082968750011,13.44830579861114,26.56640902083326,12.741573948863689,15.401929187500448,17.532423229166717,11.468438464673984,12.169658312499982,22.600821562499693,11.741264929847034,27.512198721590657,17.511379962923677,9.751198437500134,19.962806145833028,19.847998437499925,19.14514860991376,14.44308857638905,13.777076466346353,9.845438760080702,34.21414389524581,15.038243497023895,14.103229579741466,17.814300050872102,15.171648496323636,15.095101562500249,13.05681863486841
CV,17.73454964285709,22.455283111111022,21.11580049999997,21.13572545454541,30.186278921348105,21.41513891666625,24.483865818181496,22.547480190476364,22.75436204347785,22.680945062499788,0.0,23.20410822222219,30.390566095238057,33.31799202702748,23.116283414633923,22.11597287499997,21.76337733333304,23.861082222221857,21.28534744444422,23.90177544444435,23.83426717948696,20.24899599999991,23.562041126760064,21.420744857142587,21.478482444444293,23.162131870967592,35.9970994999999,29.975087062499664,23.3888102857142,23.344507125000103,22.241468555555446,30.888872000000266,21.646452363636072,20.0080385000002,24.224011333333262,23.662067043477983,23.394180199999784,26.531886249999665,21.8972626938774,31.83904581818192,27.22824325423732,21.99327024999967,28.63500983333287,28.181293000000277,21.76418455172392,22.73514511111097,23.08363046153832,21.239718258064435,39.6387433239428,26.042413761904783,24.57126351724111,24.602256093022984,22.302149588235608,24.76562577777773,23.164321894736744
DJ,19.61578107142845,16.69754999999977,14.961650277777911,14.534687575757545,25.44950081148546,15.304513194443995,16.783935858585963,16.038857936507835,16.593562391304307,16.9058960069445,23.20410822222219,0.0,23.462235714285445,26.51563193693728,15.709233468834784,13.21157076388851,16.187528787878723,17.757806296295882,14.738741666666778,18.37114166666683,17.258010683760766,15.948011538461625,17.151030187792806,13.651314285714388,15.460751851851894,17.11835035842306,29.739972888888232,23.504643159721912,17.006566190476256,16.900095208333514,13.91182222222194,26.50544466666693,15.073382828282814,19.051886722222577,20.209423333333497,16.130059903381436,17.06507814444425,22.825965972222125,14.8851418367348,26.198703535353896,21.092478813559488,15.99967430555579,18.423815833333236,19.864786111111272,19.741215900383192,16.165633333333474,14.241286752136858,14.511195698924611,33.647819640061826,18.947866746031668,18.16873509578536,17.570745348837306,17.00216314379083,19.215732222222343,16.807949766081794
DZ,26.873379738095025,24.400710926406816,23.581048452380863,23.34982923809501,31.621642861423,23.37833953571404,26.842824303030064,24.396672412698205,23.86669545548632,24.182290491071228,30.390566095238057,23.462235714285445,0.0,22.908975985843004,25.381938511033407,22.957969124999853,23.685898857142693,25.067647767195705,23.75053836507915,24.08391296825377,26.50106968498144,26.24290682051262,24.92813731589525,23.71929923809496,23.82953483597856,26.18287421198132,21.967560142857263,18.4961793898808,23.823583619047508,24.115860351190346,19.59609130158708,30.31342114285697,24.506312138527868,25.75323864285701,27.430699904761813,24.380713200827994,24.692923247618925,29.153696654761816,24.336772272108693,33.50376070129853,28.32624174172703,23.06032923214272,26.750834976190266,27.88608899999984,28.735502850574488,25.73261320634902,24.14928699633681,23.68581353302593,22.755040059020523,27.09298433333321,25.171016650246088,26.90229077962326,24.55898056862745,26.566799873015626,25.26062646616524
EG,29.57210443050216,27.60913030603379,27.03493825675722,26.327066130221397,33.157586960522806,26.760294466216457,29.68920710319464,27.69234098713043,27.24966977203309,27.392472440878507,33.31799202702748,26.51563193693728,22.908975985843004,0.0,27.39217458338875,25.54490300788309,27.087364875512105,27.354670857858235,26.543508114114548,28.20728922522544,28.703383834373355,28.799401058212425,26.704624584316864,26.56641836679583,26.50391518818848,28.365503570183566,23.043664608108397,23.41608587668923,27.38481238738765,27.96543661148684,23.09286743843871,31.96202217117165,26.657947565110877,28.483634689189422,28.94868822522557,27.7948425017631,27.20136922432437,30.966861340090475,26.90674102647584,34.881224672400364,30.915801657810785,26.280608202702904,29.46193759009064,30.473595081081715,30.939795063374287,27.749563708709143,26.8582783513518,26.828017800349173,28.220514993147983,29.55500364221393,27.354540000932086,29.903260824010616,26.155480152623344,28.45019649549564,27.46265856187812
ER,17.01262304006967,15.252046661739016,14.31843201219528,10.901099955653985,23.741391805974,13.12667277438988,17.233794235033333,15.097446147889745,14.764716792152688,14.265555571646546,23.116283414633923,15.709233468834784,25.381938511033407,27.39217458338875,0.0,9.141747718495582,15.046275831485415,14.690182095753844,12.71062066395667,18.18620903794053,9.535322076297648,13.13813433395872,13.745291384403522,9.576555923344936,13.569618202348654,12.19017537372152,31.446210597560285,25.262803788109437,15.70433444831588,16.013881905487963,13.56767208672046,27.912130504065317,9.949225942350186,16.340862841464013,17.477744959349693,15.954288069989053,13.26525916341454,22.154594258129777,10.497141114982538,26.10469660014792,19.909221207110484,14.218142926829527,20.26152018292657,21.70152768292693,14.578574011774604,10.87064485094855,11.651745966228852,11.419561880409075,36.36676149776627,15.433740168408704,15.544483137090037,14.740787294384647,12.118185855093186,15.698539295393186,11.555430808728891
ET,15.42152985119025,13.57109083964602,12.031498541666368,10.136599185605704,19.94356857443799,10.4184143749996,15.721251912878383,12.833083878967791,12.900713831521529,11.66093114583318,22.11597287499997,13.21157076388851,22.957969124999853,25.54490300788309,9.141747718495582,0.0,13.585867481060214,11.21972696759224,10.093199097221882,15.232348819444148,12.347344663461088,13.665417740384171,10.55452037852086,10.684642648809094,11.108909143518163,10.853672022849038,28.7245942083334,22.87695318749985,12.372395446428357,13.240689583333028,11.53704493055515,25.71216245833352,8.780229829545068,13.544837541666652,15.446069374999702,13.54653598731842,9.947071641666456,21.720061458333213,8.318657538265049,25.25955441287917,16.412268047316008,12.256097083333252,15.992158124999849,17.276046874999796,15.935447047413293,10.33775770833294,12.032119887820071,10.375835114246938,33.80457208626703,11.992885863095005,11.642732104884828,15.573269210270825,11.70537995343122,12.418097152777422,9.529465559210175
GA,17.326818365800722,11.39644848484829,13.167427651515192,9.754719393939236,23.157406196799144,11.120997159090647,15.723409090909067,10.031954112553878,10.438111403162038,10.558796619318144,21.76337733333304,16.187528787878723,23.685898857142693,27.087364875512105,15.046275831485415,13.585867481060214,0.0,15.372164781144418,12.844390656565604,13.476541868686969,15.50591468531452,15.792538228438127,15.579999308578271,13.644545238095091,13.610736531986422,15.966834701857175,30.330083212120684,23.330286172348234,14.823895497835432,11.925879715908971,12.809593181817938,25.453402787878797,13.893895454545175,16.770262984848767,18.09967515151512,12.59993418972311,14.6867462636362,20.89175132575732,13.089486332714753,27.060760606060533,18.876512223934327,10.912702765151554,21.206213863636084,21.572208939393867,18.77940313479604,15.68586616161605,13.201520512820323,9.798158406646962,34.01707014084436,17.315330497835365,16.45089946708459,16.95106138125427,14.958660696969616,17.13035232323242,14.872514577352218
GH,18.085145912698167,15.424109158248722,14.013766388888603,13.001058148147775,17.583650124843558,12.97156143518476,18.50764683501639,14.640316666666337,14.553544066022292,12.99087015046284,23.861082222221857,17.757806296295882,25.067647767195705,27.354670857858235,14.690182095753844,11.21972696759224,15.372164781144418,0.0,11.858202037036762,15.87254462962927,16.705449601139115,17.50246393162355,12.12969080333815,15.388970158729702,12.514711481481156,12.495449796893272,30.09939824074032,24.64945197453688,11.872583650793423,14.809158865740416,14.572644629629265,26.542557185185085,12.40292400673359,15.011084240740637,16.83827814814779,15.510028985506752,9.438992466666464,23.8377880092588,12.001500566893132,26.962807306396943,13.323461406151536,14.450010416666547,18.62741712962924,16.457629814814425,19.990575376755512,13.439857037036656,15.849662564102106,13.04888113500564,35.121063954094474,11.64200743386223,10.816229642400785,19.40777061154122,14.722481976034702,13.515295925925574,11.59793606237782
GM,16.813146865079414,13.35093560606035,11.9547558333334,10.855486919191932,20.6435464731584,11.783580694444174,15.288468939394123,12.324010714285627,12.95118884057976,11.86232982638897,21.28534744444422,14.738741666666778,23.75053836507915,26.543508114114548,12.71062066395667,10.093199097221882,12.844390656565604,11.858202037036762,0.0,14.13353666666689,13.997975854700854,14.10911089743597,12.98146794209658,12.368705952380967,10.738828703703769,12.257062634408662,29.444800111110425,23.458540548610817,13.499514206349236,12.735924791666775,11.33966111111093,25.874481666666853,10.70113055555551,15.231624277778243,16.170375000000067,12.243120169082069,11.543955477777692,22.09536041666625,10.177101417233631,25.985603282827896,15.464209839924822,11.979767013889028,18.386394722222057,17.72933444444431,17.78467614942515,12.333869444444504,12.814676282051332,9.954966935483895,34.29807216744846,14.365410634920572,13.588305000000044,16.961348255813906,14.139253124182956,14.385101666666886,11.815865877192929
GN,19.668353134920707,11.318372979798044,14.826443611111385,12.485451363636448,23.540248358302204,12.79982069444432,18.27783994949509,12.891931984127057,11.026038937198033,11.326632743055578,23.90177544444435,18.37114166666683,24.08391296825377,28.20728922522544,18.18620903794053,15.232348819444148,13.476541868686969,15.87254462962927,14.13353666666689,0.0,18.832565427350566,18.428732863248072,17.41835764475704,17.02749865079385,14.730172407407558,18.344568189964317,29.838620444444,24.056507062499747,15.124884523809728,9.036673124999906,14.425254444444596,27.259933444444524,16.55978873737394,17.685205388889262,20.181061666666885,11.5685381884059,15.597075644444224,24.59406013888877,15.645521961451443,28.988169848484738,18.006915885122655,11.060731944444502,20.98289194444433,21.07353888888908,21.81861511494255,18.36382722222235,16.38288952991482,12.641168906810192,33.769791463223115,18.020048095238156,16.572890287356504,20.817221408268875,18.473008261438007,18.141811666666797,16.857069561403637
GQ,18.074808159340574,15.697314840714498,15.623289294871986,12.008242237762092,25.507982742725247,14.028725224358531,17.85969557109561,15.762243711843402,15.366628166109257,15.376891770833549,23.83426717948696,17.258010683760766,26.50106968498144,28.703383834373355,9.535322076297648,12.347344663461088,15.50591468531452,16.705449601139115,13.997975854700854,18.832565427350566,0.0,14.462569230769224,16.14075136872463,11.523136813186788,15.038795014244954,14.874809842845416,32.41833420512754,26.13653248878171,17.48716351648347,16.873552291666837,14.696787606837187,28.93419128205168,12.485153962703782,18.11670124359025,19.42288743589756,16.831211315495764,15.39920887179476,23.19983862179456,12.97187289377286,27.246945221445387,21.710230030421734,14.806900641025925,22.543776987179054,23.80491858974379,15.914712201591495,13.336918376068375,12.850923076923024,12.520059511993264,36.985557363668335,17.738585695970567,17.680011750663045,15.8079379844962,14.463618613876251,18.055392478632623,14.104432766531431
GW,16.41206821428574,16.31091095571069,15.217355961538589,12.827377622377504,25.69851279170254,14.82238131410216,16.243022377622523,15.964185836385692,15.96496399665559,16.223062716346345,20.24899599999991,15.948011538461625,26.24290682051262,28.799401058212425,13.13813433395872,13.665417740384171,15.792538228438127,17.50246393162355,14.10911089743597,18.428732863248072,14.462569230769224,0.0,16.935223553628937,11.533189560439547,15.103059116809144,15.851408188585694,32.30760273076867,25.826364831730476,17.67975501831507,16.955310432692478,14.74635897435865,28.29069958974387,13.51671503496492,16.680531576923578,19.124913846153987,16.74281688963187,16.503063361538302,22.997414583333224,13.892952119309298,26.230530303030584,21.810453063885447,15.194276490384878,23.05586724358929,22.798425000000144,15.14267559681702,14.482318376068436,13.341784615384617,13.148219230769133,36.71499393282693,18.59432672161167,18.619661458885822,16.37878855098402,15.173250013574636,18.709816068376178,15.518777004048372
KE,17.713836966800365,15.97223317683823,13.009270950703892,13.199443533930404,20.002682335811983,12.859388973004236,18.39601111395586,15.411305401296104,15.306459329454556,14.105206360034884,23.562041126760064,17.151030187792806,24.92813731589525,26.704624584316864,13.745291384403522,10.55452037852086,15.579999308578271,12.12969080333815,12.98146794209658,17.41835764475704,16.14075136872463,16.935223553628937,0.0,14.064005694164516,13.062563302033997,12.860364079963244,30.218538739436173,24.48582488820404,14.543695211267226,15.919165308098176,14.716785555555065,26.40248529577415,10.927695723431125,14.806702176056229,16.196643943661407,16.108258218003062,11.662028504225129,22.9047770715958,11.01908227651602,26.254932957745982,17.869977756027144,15.038867411971532,18.46622210093841,18.132340774647385,18.929860495385466,12.999907245695947,15.682399588298468,13.396877305769689,35.238411830985505,12.37750984909422,11.400496750849682,18.16130816901348,13.199799449047054,12.910241971830642,11.37850517420275
KM,16.316051071428593,13.895808730158423,12.93826607142866,10.216907402597268,24.02212608346689,12.319784821428224,15.143788961039109,14.026862698412469,13.835083074534165,14.011445044642992,21.420744857142587,13.651314285714388,23.71929923809496,26.56641836679583,9.576555923344936,10.684642648809094,13.644545238095091,15.388970158729702,12.368705952380967,17.02749865079385,11.523136813186788,11.533189560439547,14.064005694164516,0.0,12.920808465608449,13.353770737327228,30.17470707142786,23.621001901785423,15.065190952380968,15.090723482142987,12.503051587301288,26.18395400000025,10.602448051947926,16.165823071429138,17.200547142857214,14.690286956521472,14.020832971428472,20.043694345237803,11.0694969387755,24.89583181818175,20.088053874092115,13.279097946428797,20.588926547618737,20.943050714285757,14.41308990147786,11.813403174603192,10.727620329670318,10.619383870967706,34.672140100602995,16.0107383333332,16.08500433497542,12.205609800664485,12.20663873109236,16.27368174603198,12.726569248120065
LR,16.771871944444424,13.889042592592292,11.973937129629723,11.382704141414088,20.45120201831044,12.36068634259231,16.456012626262737,13.180151058200964,13.8423760950081,13.286915057870392,21.478482444444293,15.460751851851894,23.82953483597856,26.50391518818848,13.569618202348654,11.108909143518163,13.610736531986422,12.514711481481156,10.738828703703769,14.730172407407558,15.038795014244954,15.103059116809144,13.062563302033997,12.920808465608449,0.0,13.460109856630844,29.35619099999949,23.799533956018173,14.397896560846602,14.074825486111155,12.646926851851632,25.754883925926094,11.3221523569023,15.147505018518896,16.159529629629645,13.947182608695488,11.958209922222029,22.287778935185,11.47998469387758,25.8730580808082,14.94715533584439,13.912816435185304,18.243604722222127,18.3411853703704,17.86039597701143,13.515655555555549,14.465427207977188,11.25497180406209,34.501324846113,14.851001772486764,13.767267432950176,17.35816843238588,13.827779718954185,14.422337777777958,12.329021345029114
LS,17.832132154377845,16.32658028673813,13.851559758064642,12.803971847507247,17.266892859731506,13.186910201612552,17.931620821114414,15.40259994879659,16.03232307854144,14.52848601814534,23.162131870967592,17.11835035842306,26.18287421198132,28.365503570183566,12.19017537372152,10.853672022849038,15.966834701857175,12.495449796893272,12.257062634408662,18.344568189964317,14.874809842845416,15.851408188585694,12.860364079963244,13.353770737327228,13.460109856630844,0.0,31.340988112902508,26.145992018144824,13.71303081413213,16.43974743951628,14.79954677419322,27.377234494623885,9.802252346040945,13.917669403226252,14.042908279570018,16.455689971949298,12.210594490322489,23.132772647849094,10.632274127715611,27.00769227761485,17.112476435210667,15.489463750000285,19.91002954301056,18.242607258064535,18.265211568409374,8.898138888888862,14.865018114144004,12.942917741935451,36.6023003543834,12.9879783794162,13.403608420467178,17.894578769692497,11.035341538899388,12.404106630824508,8.923009745330912
LY,32.83884364285675,30.741589121211693,29.669641499999447,29.804347727272283,35.456452859550325,29.567934416665963,32.8757145909085,30.864803261904232,30.268377608695225,30.07317643749945,35.9970994999999,29.739972888888232,21.967560142857263,23.043664608108397,31.446210597560285,28.7245942083334,30.330083212120684,30.09939824074032,29.444800111110425,29.838620444444,32.41833420512754,32.30760273076867,30.218538739436173,30.17470707142786,29.35619099999949,31.340988112902508,0.0,24.817320812499904,29.49579695238055,30.415549624999663,25.59204566666626,34.220531666666666,30.18896795454476,31.42125049999949,32.29115549999945,30.47963739130358,30.22694159999968,34.49228958333295,30.48767652040753,37.78755715151504,32.75047681355889,29.465879999999363,31.308546499999174,32.39564499999936,34.38634062068921,31.52122294444381,30.25069769230704,30.022540322580078,26.22922788732355,32.35271521428535,30.144742017240656,33.65505972092976,30.27578458823554,31.63955344444373,30.77999521052569
MA,26.230932633928223,23.894358903408737,23.54823343749978,23.06035788068163,31.693211923454548,23.04641468749969,26.72685227840868,24.202024703372796,23.34064768749974,23.64755737499974,29.975087062499664,23.504643159721912,18.4961793898808,23.41608587668923,25.262803788109437,22.87695318749985,23.330286172348234,24.64945197453688,23.458540548610817,24.056507062499747,26.13653248878171,25.826364831730476,24.48582488820404,23.621001901785423,23.799533956018173,26.145992018144824,24.817320812499904,0.0,23.761987104166455,23.674011937499724,19.42379990972224,29.82519914583292,24.41725073295427,25.43371593749985,26.89299147916633,24.22956508423884,24.395619062499865,28.817493604166252,24.26367582015278,33.135165986741825,28.524407268008066,22.06354168749977,27.04335964583285,28.3607109374996,28.31238199353409,25.633293715277414,24.10775874519203,23.349014473790103,26.82603582658422,26.822070110118823,24.984648010775487,26.700980138081,24.205733172794112,26.373641784721908,25.080048786183887
MG,17.934797976190463,15.22316663780655,13.605496547619127,13.404547186147267,19.04622606741564,12.590456130952363,17.966961385281408,14.61211682539678,14.65141982401671,13.369876889880986,23.3888102857142,17.006566190476256,23.823583619047508,27.38481238738765,15.70433444831588,12.372395446428357,14.823895497835432,11.872583650793423,13.499514206349236,15.124884523809728,17.48716351648347,17.67975501831507,14.543695211267226,15.065190952380968,14.397896560846602,13.71303081413213,29.49579695238055,23.761987104166455,0.0,14.11107532738114,14.758252380952436,24.336960000000047,14.032605108225036,15.045386309524195,17.660007619047747,15.308856625258796,13.23400021904753,21.067493630952207,12.820514421768726,26.45784277056277,15.41447528652146,13.94542172619057,19.05290226190468,17.59125547619054,19.92144755336609,14.842829682539708,15.732196043956082,13.434780445468514,33.47272354124702,13.25031642857148,12.77526842364537,17.932413643410833,15.624904428571432,15.18131539682562,13.10266335839593
ML,18.2576861607144,9.358193743686908,14.126245625000214,10.186084602272764,23.116916299157424,11.464001874999884,16.595683465909215,11.953997251984063,9.734821494565386,10.55082968750011,23.344507125000103,16.900095208333514,24.115860351190346,27.96543661148684,16.013881905487963,13.240689583333028,11.925879715908971,14.809158865740416,12.735924791666775,9.036673124999906,16.873552291666837,16.955310432692478,15.919165308098176,15.090723482142987,14.074825486111155,16.43974743951628,30.415549624999663,23.674011937499724,14.11107532738114,0.0,12.949554652777794,27.234184125000404,14.568295397727312,16.659510625000433,19.005238125000208,9.66691861413041,14.118311174999942,23.36176520833329,13.563909400510337,28.57156505681862,18.017635561440827,9.501039375000142,20.64041520833333,20.631299375000296,20.31476907327608,16.227518819444597,13.988547259615531,10.28271627016136,34.06252833626701,16.669148898809624,15.83840989224161,18.69684021802347,16.703023522058924,16.73871645833354,14.98220536184218
MR,17.376309007936477,13.234470454545088,13.049973055555412,11.029273484848344,23.00614163545552,12.55853624999964,16.45050555555529,12.778132936507651,13.25695429951693,13.44830579861114,22.241468555555446,13.91182222222194,19.59609130158708,23.09286743843871,13.56767208672046,11.53704493055515,12.809593181817938,14.572644629629265,11.33966111111093,14.425254444444596,14.696787606837187,14.74635897435865,14.716785555555065,12.503051587301288,12.646926851851632,14.79954677419322,25.59204566666626,19.42379990972224,14.758252380952436,12.949554652777794,0.0,25.267144777778043,12.659323989898605,16.37521661111145,17.574406111110928,12.405348309178455,13.900221833333177,22.20596041666652,12.24226411564614,26.49763080808109,18.17580607344626,12.019894513889025,17.86005694444435,19.22752555555553,18.17965488505716,14.169852777777418,12.672392094016764,10.844797670250706,30.40471798904481,16.222758968253885,15.66706929118773,16.93586989664052,14.640623797385532,16.393483333333407,13.770162426900132
MU,28.461380880952195,26.615107757576123,25.34574183333363,26.15493527272764,29.181118292135025,25.48120958333299,29.20895963636399,26.46132247619093,26.61942943478247,26.56640902083326,30.888872000000266,26.50544466666693,30.31342114285697,31.96202217117165,27.912130504065317,25.71216245833352,25.453402787878797,26.542557185185085,25.874481666666853,27.259933444444524,28.93419128205168,28.29069958974387,26.40248529577415,26.18395400000025,25.754883925926094,27.377234494623885,34.220531666666666,29.82519914583292,24.336960000000047,27.234184125000404,25.267144777778043,0.0,25.966526727272857,27.133683166666668,26.697102666666755,27.438513768116074,26.92941579999982,23.496318083333303,26.3833356190478,29.67743927272782,28.074140158192456,25.79416562499969,29.20688716666652,29.85114766666733,30.433331862069377,27.453033111111377,27.47774082051317,26.00909787096812,36.43959451643108,28.7094878571432,26.263261862068852,28.08537931782976,25.61983758823549,27.121156666666675,26.709151929824756
MW,15.434714902597314,14.075085353535014,11.71936386363635,10.123684545454376,19.748088968334766,10.89140518939366,16.231254545454586,13.45572893217863,13.827805790513771,12.741573948863689,21.646452363636072,15.073382828282814,24.506312138527868,26.657947565110877,9.949225942350186,8.780229829545068,13.893895454545175,12.40292400673359,10.70113055555551,16.55978873737394,12.485153962703782,13.51671503496492,10.927695723431125,10.602448051947926,11.3221523569023,9.802252346040945,30.18896795454476,24.41725073295427,14.032605108225036,14.568295397727312,12.659323989898605,25.966526727272857,0.0,13.389098772727634,13.930640303030223,14.115241501975945,11.183677218181677,21.36377784090874,8.309757884972068,25.220928787878783,17.369706009245032,13.297713465909206,18.54401280303012,18.682809545454468,15.624571473354106,9.620816161616077,12.504951748251608,10.517253225806366,35.49281096030655,12.573292316017122,12.910000564263228,15.498279175475588,10.85835841176462,11.3465472727273,8.52705406698546
MZ,13.582534428571645,17.01001790404075,14.849757000000409,14.821948863636774,19.82719307303381,13.949016750000109,19.94211677272748,16.70929829365115,16.565053500000385,15.401929187500448,20.0080385000002,19.051886722222577,25.75323864285701,28.483634689189422,16.340862841464013,13.544837541666652,16.770262984848767,15.011084240740637,15.231624277778243,17.685205388889262,18.11670124359025,16.680531576923578,14.806702176056229,16.165823071429138,15.147505018518896,13.917669403226252,31.42125049999949,25.43371593749985,15.045386309524195,16.659510625000433,16.37521661111145,27.133683166666668,13.389098772727634,0.0,15.439282166667091,17.657585804348187,15.105706400000004,24.07924908333332,14.049926255102406,27.970103681818166,19.120599754237684,16.170414125000516,21.30585133333328,21.272316500000255,17.30496018965563,14.394902055556049,17.85383950000048,15.1141305000005,35.84114986619665,15.6804765476194,15.190517741379734,19.99662894186088,14.183419852941348,14.424819611111609,13.172477289474012
NA,19.06541630952381,18.54969929292918,16.537977500000178,16.134008181818203,17.59012539325814,16.355012916666272,21.34321121212121,18.09380190476193,18.71961528985501,17.532423229166717,24.224011333333262,20.209423333333497,27.430699904761813,28.94868822522557,17.477744959349693,15.446069374999702,18.09967515151512,16.83827814814779,16.170375000000067,20.181061666666885,19.42288743589756,19.124913846153987,16.196643943661407,17.200547142857214,16.159529629629645,14.042908279570018,32.29115549999945,26.89299147916633,17.660007619047747,19.005238125000208,17.574406111110928,26.697102666666755,13.930640303030223,15.439282166667091,0.0,19.236439130434704,16.808522933333187,23.55443958333313,15.32164006802726,28.078987575757893,20.323737683616063,18.370492500000086,23.356587499999662,22.615241666667025,21.125954712643736,15.024466666666727,19.12870974358985,16.251073763440772,36.96875863849691,17.778717857142876,17.025212298850683,20.99108821705434,12.833681980392122,14.589971111111335,13.557201228070118
NE,19.227163369565,10.046680698287108,13.477528586956526,10.088848498023594,23.43168082559811,12.314085090579308,16.541957905138137,12.387159799861676,11.02009108695654,11.468438464673984,23.662067043477983,16.130059903381436,24.380713200827994,27.7948425017631,15.954288069989053,13.54653598731842,12.59993418972311,15.510028985506752,12.243120169082069,11.5685381884059,16.831211315495764,16.74281688963187,16.108258218003062,14.690286956521472,13.947182608695488,16.455689971949298,30.47963739130358,24.22956508423884,15.308856625258796,9.66691861413041,12.405348309178455,27.438513768116074,14.115241501975945,17.657585804348187,19.236439130434704,0.0,14.330522591304204,23.462487047101,13.29195976042569,28.52194815546745,18.477734229918948,11.174161168478427,20.907407789854688,20.270793695652035,20.372122113942638,16.14041545893691,13.34042658862849,9.698823842917202,34.47964158603728,17.007398685300064,16.53379970014993,18.960313599595214,16.998597593350347,17.318458550724777,15.166322631578575
NG,17.519404928571287,14.21851995555535,13.939114099999884,11.676790836363484,19.329166913482982,12.225604616666455,17.914586018181637,14.22591990793625,13.917739469565143,12.169658312499982,23.394180199999784,17.06507814444425,24.692923247618925,27.20136922432437,13.26525916341454,9.947071641666456,14.6867462636362,9.438992466666464,11.543955477777692,15.597075644444224,15.39920887179476,16.503063361538302,11.662028504225129,14.020832971428472,11.958209922222029,12.210594490322489,30.22694159999968,24.395619062499865,13.23400021904753,14.118311174999942,13.900221833333177,26.92941579999982,11.183677218181677,15.105706400000004,16.808522933333187,14.330522591304204,0.0,23.615307783332977,10.844042559183524,26.930669315151263,15.49413937288116,13.69025865000004,18.30266876666652,17.94855569999978,19.023610048275668,12.595040533333233,14.597754207692187,12.147336903225646,35.20543994788688,12.554023647618935,11.805820593103247,18.426527539534717,13.658263911764616,13.02026083333315,10.696164026315644
RE,24.04745886904736,22.180430366161453,21.632312916666372,20.57600238636357,28.676722354868577,21.435738333332854,25.14132632575717,22.200404067460365,22.07845197463733,22.600821562499693,26.531886249999665,22.825965972222125,29.153696654761816,30.966861340090475,22.154594258129777,21.720061458333213,20.89175132575732,23.8377880092588,22.09536041666625,24.59406013888877,23.19983862179456,22.997414583333224,22.9047770715958,20.043694345237803,22.287778935185,23.132772647849094,34.49228958333295,28.817493604166252,21.067493630952207,23.36176520833329,22.20596041666652,23.496318083333303,21.36377784090874,24.07924908333332,23.55443958333313,23.462487047101,23.615307783332977,0.0,21.529430399659557,29.883346022727288,27.188823834745797,21.342379583333024,28.663487083332868,29.003058750000225,25.3793358477008,22.61436180555536,21.959021955128044,20.750954099462238,36.4316109096237,25.716288511904683,23.892743979884848,19.63051564922449,20.57801346568645,24.250756249999856,22.65782699561383
RW,15.835270765306158,13.40265283446697,10.089755051020454,9.8087814100185,20.034426920430924,10.050285824829826,15.603696289425038,12.634671428571291,13.096623952972504,11.741264929847034,21.8972626938774,14.8851418367348,24.336772272108693,26.90674102647584,10.497141114982538,8.318657538265049,13.089486332714753,12.001500566893132,10.177101417233631,15.645521961451443,12.97187289377286,13.892952119309298,11.01908227651602,11.0694969387755,11.47998469387758,10.632274127715611,30.48767652040753,24.26367582015278,12.820514421768726,13.563909400510337,12.24226411564614,26.3833356190478,8.309757884972068,14.049926255102406,15.32164006802726,13.29195976042569,10.844042559183524,21.529430399659557,0.0,25.91605071119359,16.494980906260924,12.544023214285874,17.48020420068023,17.415531938775455,16.68195425756508,10.402195804988668,12.35331130298274,9.928150263331135,35.20954037366987,11.61132758503396,11.414266115411596,15.92056046511634,12.41343884393755,12.730645079365193,9.4024105048334
