ISO_CODE,AO,BF,BI,BJ,BW,CD,CF,CG,CI,CM,CV,DJ,DZ,EG,ER,ET,GA,GH,GM,GN,GQ,GW,KE,KM,LR,LS,LY,MA,MG,ML,MR,MU,MW,MZ,NA,NE,NG,RE,RW,SC,SL,SN,SO,SS,ST,SZ,TD,TG,TN,TZ,UG,YT,ZA,ZM,ZW
AO,0.0,0.6353313347763346,0.609426785714285,0.6147798051948046,1.7892774478330649,0.6367617857142845,0.6382720779220765,0.5702981746031739,0.7817251552795027,0.6655812053571427,0.4649282857142854,0.6744190476190459,0.7513829523809513,1.028442803088803,1.0267977700348407,0.7275941964285698,0.592881839826839,0.8772010846560838,0.6233847619047609,0.5863968253968247,0.9290247435897412,0.7891005494505476,0.96987990945674,0.805784285714284,0.5255837037037028,0.687926774193547,1.2786006071428586,0.737815285714286,0.7047192857142857,0.6544682142857138,0.6928253968253963,1.3569770952380948,0.5892326623376609,0.5219235,1.0287588095238087,0.673585962732918,0.8171045500000009,1.672862738095238,0.7343130612244891,1.310076883116882,0.9874831113801448,0.6864404017857128,0.6515913095238092,1.0281735714285705,0.683396921182264,0.7004432539682527,0.8584082417582398,0.624970529953916,1.1416037223340023,0.7922985714285703,0.8095922167487679,0.6589811129568088,0.7124777731092431,1.0853799999999998,0.6951815037593977
BF,0.6353313347763346,0.0,0.418038712121212,0.2768670707070704,1.731854125524911,0.3619235353535346,0.4264494949494941,0.2816868686868681,0.4318323649538856,0.4615968465909092,0.6930111515151519,0.4773510101010094,0.635438431457431,0.8903916025116018,0.7642281596452315,0.5301280997474742,0.3489560606060599,0.7009550673400664,0.4887757575757573,0.2918390909090905,0.6844947163947149,0.5584355866355855,0.8045089714041815,0.5815989898989888,0.4949065656565646,0.4527896383186698,1.1069489772727286,0.5156403952020205,0.5197344588744586,0.2644460858585855,0.4011492424242428,1.4718451717171714,0.3898159090909078,0.5146164797979804,1.0099989898989894,0.2946115283267447,0.6600983348484857,1.660600883838384,0.4931970315398885,1.2444232323232325,0.8598645266221533,0.3301002809343429,0.502433207070707,0.687407676767677,0.5904210727969335,0.3918959595959585,0.6134538461538452,0.3039852069077872,1.2119960435339283,0.4932061471861468,0.6347317067223953,0.470569626497532,0.6074316131907298,1.0690695959595948,0.585377735247208
BI,0.609426785714285,0.418038712121212,0.0,0.3616506818181823,1.906071095505616,0.3495899999999993,0.2866279545454537,0.3219472619047613,0.6340501086956515,0.5574896874999999,0.6760285000000001,0.4111380555555543,0.7574652142857132,1.108385527027026,0.6984738414634148,0.3677660416666673,0.4730040151515138,0.7888378703703685,0.3610213888888888,0.3932708333333332,0.5537835256410256,0.4626101923076923,0.9461208098591536,0.4931246428571432,0.4736954629629616,0.5463968548387087,1.2957417499999997,0.6307788749999999,0.4770598809523796,0.3421625000000001,0.3291969444444456,1.605024499999998,0.3435084090909088,0.5500060000000001,1.1621074999999983,0.3303675000000001,0.87445875,1.7203433333333322,0.3345922959183679,1.3492174999999988,0.9127980084745752,0.4743265624999999,0.3543399999999997,0.6924724999999998,0.4752464655172403,0.3895652777777765,0.5246621153846157,0.2550337903225807,1.3974986971830954,0.4053022619047616,0.7716128448275839,0.3945580813953485,0.7732520294117637,1.2693408333333314,0.6170706578947356
BJ,0.6147798051948046,0.2768670707070704,0.3616506818181823,0.0,1.8583572420837584,0.3171451515151511,0.3453545454545444,0.2488796248196242,0.5524224308300387,0.5468005965909101,0.7075414545454553,0.3780011111111097,0.7359601601731598,1.036029346437346,0.5848753880266057,0.3693211553030298,0.4287984848484838,0.7433866835016834,0.3997097979797982,0.3150753535353535,0.5661537995337976,0.4008209790209778,0.8779407426376428,0.4165979220779204,0.4688221212121201,0.5107043401759527,1.309310977272728,0.5953551022727284,0.5334854545454542,0.2823263636363642,0.3073852525252527,1.6301761212121209,0.3280986363636354,0.5752514090909097,1.1286951515151509,0.245447470355731,0.8239507590909104,1.7582493939393953,0.3767698701298699,1.3574278787878793,0.9475324499229576,0.3461154829545459,0.4072390151515151,0.6764018181818197,0.5414484639498415,0.3541949494949486,0.4380034965034952,0.1931793548387091,1.3743719974391784,0.3910556277056268,0.7663886206896539,0.3562688794925991,0.7060383689839568,1.2568424242424243,0.6012590430622005
BW,1.7892774478330649,1.731854125524911,1.906071095505616,1.8583572420837584,0.0,1.8254828277153556,1.9495205311542367,1.7426403245942572,1.7195533488031267,1.4891160358146045,1.6855010786516842,1.9363747191011216,1.3050396966292122,1.3655354952930443,2.2905552206083826,1.994268424625466,1.5774222846441943,1.3173555076987082,1.9112222846441935,1.6756809113607976,2.230960933448572,2.153740622299047,1.5293542965659117,2.147346869983947,1.628971639617145,1.5463263138818406,1.3464161488764026,1.636104817415728,1.600891760299625,1.7085451966292111,1.9177817415730327,1.24357934082397,1.8638742339121543,1.642201870786515,1.2113377528089884,1.903620835368831,1.4324426129213468,1.7059745786516844,2.0294434991974315,1.443931358529111,1.4115147971814883,1.7237515695224703,1.7641980056179765,1.6751857303370776,1.9917209608678788,1.868490137328338,2.2108261019878985,1.9006632837984767,1.135046670359234,1.8339224398073828,1.3352118055017428,1.9827553174810544,1.506317984798413,1.0132932084893873,1.598393719692489
CD,0.6367617857142845,0.3619235353535346,0.3495899999999993,0.3171451515151511,1.8254828277153556,0.0,0.2786912121212109,0.2404699206349191,0.4948101086956513,0.4895863541666669,0.7170233333333338,0.3834830555555541,0.7116039999999993,0.9830677162162156,0.6481563211382093,0.3313452083333317,0.4217899242424226,0.6981759259259249,0.3321188888888876,0.3419077777777768,0.5491442307692286,0.4428511538461523,0.8958056807511727,0.4595373809523793,0.4498719444444427,0.4802723924731171,1.2275310833333344,0.6334655000000003,0.4759051190476181,0.2673354166666665,0.361246666666666,1.601999499999999,0.2183828030303006,0.4735895000000005,1.1158124999999997,0.2572030797101434,0.7615938500000005,1.779009166666666,0.2915450680272102,1.321088484848484,0.8680856355932192,0.3670580208333328,0.3806541666666655,0.7264758333333333,0.4973832471264348,0.3091536111111095,0.4646467307692297,0.242458602150537,1.3362381103286367,0.3550309523809509,0.7216974999999985,0.4544100387596883,0.6972564215686267,1.1850055555555536,0.4923697368421038
CF,0.6382720779220765,0.4264494949494941,0.2866279545454537,0.3453545454545444,1.9495205311542367,0.2786912121212109,0.0,0.3555724386724379,0.6271089920948603,0.5987612784090908,0.6764374545454543,0.3287671717171705,0.7708636580086564,1.093182339066337,0.6621077605321498,0.3412575189393927,0.5265166666666653,0.8290975252525233,0.3288267676767674,0.3905522222222203,0.5177655011655005,0.4246076923076914,0.9389620230473732,0.4544168831168823,0.5005193602693585,0.5647697947214068,1.3195969318181822,0.6617252499999996,0.5313756709956698,0.3748464772727267,0.3482308080808075,1.6684170909090894,0.32708409090909,0.5468734090909096,1.2038712121212112,0.2992855731225287,0.8846517045454546,1.8092329545454533,0.3040157699443411,1.356272727272727,0.9465399075500768,0.4484061079545452,0.365331287878787,0.6822936363636367,0.4277115987460798,0.326241414141413,0.5026349650349644,0.2585381231671544,1.417411357234312,0.3806218614718602,0.8115857993730384,0.3930338266384769,0.7782387647058812,1.3084924242424227,0.6051436363636353
CG,0.5702981746031739,0.2816868686868681,0.3219472619047613,0.2488796248196242,1.7426403245942572,0.2404699206349191,0.3555724386724379,0.0,0.459333992408556,0.3857832986111121,0.6754261587301592,0.4171706349206336,0.6017137301587298,0.936534435864435,0.7493765001935714,0.4438621130952366,0.2886315295815289,0.6385963227513216,0.4024436507936498,0.3035233333333317,0.6323517704517685,0.532373626373625,0.8231021685669557,0.5619142857142843,0.4300626984126964,0.3472009216589861,1.1523278690476202,0.5256933710317467,0.4849720634920625,0.2166813293650786,0.3861460317460311,1.4656788571428565,0.2485832251082235,0.437171738095238,0.988723015873016,0.2931014837819178,0.7091138865079373,1.633484920634921,0.4336244897959183,1.225048917748918,0.780062765671239,0.2999554613095232,0.4235767063492057,0.6364023809523814,0.561972796934864,0.322679365079364,0.5618919413919405,0.246663236047106,1.219601705790295,0.4279606349206334,0.62429484948002,0.4555352897748237,0.6318166358543412,1.090815873015872,0.4516180451127811
CI,0.7817251552795027,0.4318323649538856,0.6340501086956515,0.5524224308300387,1.7195533488031267,0.4948101086956513,0.6271089920948603,0.459333992408556,0.0,0.4441060461956521,0.8450106521739126,0.7432833091787427,0.6559934285714272,0.8800376533490003,1.0527882979851513,0.7696703894927526,0.4698226284584969,0.6429056038647335,0.7186002173913031,0.4205937439613512,0.9575505406911904,0.8306833612040118,0.735090168401714,0.8559856832298116,0.602439299516907,0.5554665848527334,1.069082793478262,0.5715052173913041,0.6370470910973077,0.4173823913043467,0.7041027294685983,1.4432359275362314,0.5842542292490097,0.6023670652173913,1.0401181884057966,0.5692667391304334,0.5878332326086961,1.5900926811594192,0.7081872005323862,1.258972865612647,0.8760031577008102,0.416411671195651,0.6042644565217391,0.8337093478260869,0.8057341304347806,0.6021439371980658,0.8872758361203997,0.5548473422159883,1.1245221524800966,0.6944959937888191,0.5925978335832078,0.6766343427704736,0.6177574680306901,1.0650911352657,0.660577311212814
CM,0.6655812053571427,0.4615968465909092,0.5574896874999999,0.5468005965909101,1.4891160358146045,0.4895863541666669,0.5987612784090908,0.3857832986111121,0.4441060461956521,0.0,0.6909421875,0.711882881944444,0.342307854166666,0.72787843412162,1.0160797789634148,0.6654944791666674,0.3118672064393936,0.4888067939814798,0.5967212847222225,0.3963659375000003,0.8851858092948716,0.8268351682692313,0.6469500220070407,0.8211655803571432,0.4633127199074064,0.3433295665322574,0.8802813125,0.4256320624999999,0.5921704613095231,0.3654384374999999,0.6406572569444459,1.2790265624999977,0.4668064488636371,0.5067918125,0.7729803124999989,0.5498022690217398,0.4412115125000001,1.4601936458333318,0.6524355548469398,1.038861164772727,0.6638923040254229,0.3947756249999999,0.5108319791666673,0.6347578124999999,0.7380707650862061,0.497159131944444,0.8776821875000004,0.5277236794354846,0.9556002420774624,0.5890279613095242,0.4472717780172394,0.7229098909883722,0.5339147463235281,0.8309632986111088,0.4495112006578944
CV,0.4649282857142854,0.6930111515151519,0.6760285000000001,0.7075414545454553,1.6855010786516842,0.7170233333333338,0.6764374545454543,0.6754261587301592,0.8450106521739126,0.6909421875,0.0,0.7001699999999997,0.6660615714285711,1.008226162162161,1.080056097560976,0.8162737083333341,0.6691977575757574,0.8873249259259248,0.6781186666666672,0.6220624444444446,1.0184202051282052,0.8579606153846154,0.8118447323943652,0.875158285714286,0.5863769629629634,0.679857806451613,1.1804387500000002,0.6754466250000001,0.6854799999999999,0.7190900000000002,0.8033367777777788,1.2490319999999984,0.6857324545454545,0.6614635,0.8696413333333328,0.739504434782609,0.80387015,1.4996926666666652,0.7769776326530625,1.109351393939393,0.9311477288135588,0.7105471874999998,0.6078228333333336,0.967612,0.7632668965517238,0.6957515555555555,0.9210169230769236,0.6939624516129039,1.0929208732394344,0.8107015238095251,0.7802299999999986,0.7578490232558138,0.5964511176470575,1.0858737777777767,0.7056581052631585
DJ,0.6744190476190459,0.4773510101010094,0.4111380555555543,0.3780011111111097,1.9363747191011216,0.3834830555555541,0.3287671717171705,0.4171706349206336,0.7432833091787427,0.711882881944444,0.7001699999999997,0.0,0.8064047142857129,1.0626576996996984,0.6345779132791309,0.3717978472222203,0.5629191919191905,0.8855227777777759,0.3229777777777766,0.4565066666666654,0.6226175213675194,0.4493123931623914,1.0002001721439735,0.4616515873015857,0.5295518518518498,0.6646485663082424,1.3695994722222224,0.6873419583333333,0.6335731746031735,0.4505256944444438,0.4295027777777765,1.6093548888888882,0.3901628787878776,0.6481891666666664,1.0951422222222214,0.3558565217391293,0.9645144055555558,1.833770833333333,0.373371995464852,1.4077813131313135,1.025045668549905,0.5651198263888887,0.410181944444443,0.8218066666666666,0.4597668582375464,0.4310722222222207,0.4914397435897422,0.3430424731182785,1.4272266979655686,0.4802588888888873,0.8846819157088104,0.3916541343669238,0.820043588235293,1.3562133333333324,0.646890818713449
DZ,0.7513829523809513,0.635438431457431,0.7574652142857132,0.7359601601731598,1.3050396966292122,0.7116039999999993,0.7708636580086564,0.6017137301587298,0.6559934285714272,0.342307854166666,0.6660615714285711,0.8064047142857129,0.0,0.6295292471042468,1.1782178083623671,0.8862034583333326,0.4656811904761899,0.6129851111111104,0.7669594761904757,0.5659835714285707,1.13964568131868,0.9922324505494488,0.589414892689469,1.0338698571428562,0.6640196031746023,0.5386426436251917,0.73750267857143,0.4263611249999993,0.6915110952380945,0.5654379047619036,0.8494010317460319,1.1089074761904758,0.6768520346320337,0.67234669047619,0.5776738571428568,0.7286705445134567,0.5265612404761912,1.3282202857142849,0.8701064421768707,0.9352482380952382,0.7927763753026628,0.5502247589285696,0.6596596428571425,0.7596317619047616,0.8780974433497521,0.6988229682539671,1.071412956043955,0.7489736267281102,0.717654966465458,0.7952784285714278,0.4871824055829214,0.8658121716500541,0.585252795518207,0.8252987460317455,0.6436271754385962
EG,1.028442803088803,0.8903916025116018,1.108385527027026,1.036029346437346,1.3655354952930443,0.9830677162162156,1.093182339066337,0.936534435864435,0.8800376533490003,0.72787843412162,1.008226162162161,1.0626576996996984,0.6295292471042468,0.0,1.405354125247196,1.1965720777027014,0.8383948353808349,0.7860977507507497,1.1011001261261255,0.8438651231231223,1.4389486015245982,1.313040424116422,0.8544510635706124,1.341509328185326,0.8949312632632629,0.8892808108108096,0.6192831013513519,0.7088888277027015,1.0747655160875154,0.8840356554054039,1.1637911861861865,0.9121954414414404,0.997190125307124,0.8060280675675667,0.7100510090090085,1.0356929189189177,0.8032688986486476,1.3836272207207203,1.1607986420297844,0.9533386601146592,1.0368946321575805,0.9143959645270254,0.9917643288288288,1.2209785945945937,1.1450204585274917,1.0332156456456445,1.3414435426195408,1.0375686922406269,0.7079860236010648,1.1094244066924055,0.8067014930102507,1.1420078617221856,0.7826018235294113,0.924565369369369,0.9216817098150772
ER,1.0267977700348407,0.7642281596452315,0.6984738414634148,0.5848753880266057,2.2905552206083826,0.6481563211382093,0.6621077605321498,0.7493765001935714,1.0527882979851513,1.0160797789634148,1.080056097560976,0.6345779132791309,1.1782178083623671,1.405354125247196,0.0,0.4612029623983729,0.9734933111603816,1.135741657633241,0.6470620596205948,0.816727452574524,0.3376135084427761,0.3462658536585358,1.3110493095156277,0.3776804878048771,0.8974111562782269,1.0216979543666382,1.736661945121951,0.9572928079268292,0.9794446689895449,0.7391963414634148,0.5556935636856346,2.092219804878046,0.693168569844788,0.9845036951219516,1.6186815447154457,0.5806180805938476,1.3428649743902443,2.182664430894308,0.5224629666500731,1.8009379157427927,1.409319222819345,0.7976141539634147,0.7598298577235759,1.1399690243902445,0.6114701429772906,0.75051761517615,0.3309864915572225,0.6142874114870162,1.81504547234627,0.7000371196283368,1.2504166105971375,0.6000436755530334,1.2178776714490651,1.7615445799457967,1.028234223363284
ET,0.7275941964285698,0.5301280997474742,0.3677660416666673,0.3693211553030298,1.994268424625466,0.3313452083333317,0.3412575189393927,0.4438621130952366,0.7696703894927526,0.6654944791666674,0.8162737083333341,0.3717978472222203,0.8862034583333326,1.1965720777027014,0.4612029623983729,0.0,0.6249792613636346,0.8513961342592584,0.280946458333333,0.4717075694444438,0.386207035256409,0.3036457211538454,0.9742288703051628,0.288147529761904,0.5385834953703686,0.6408086357526865,1.451298375000001,0.7495325000000004,0.6456537797619032,0.4421014583333341,0.2878742361111104,1.8155500416666652,0.3426755492424232,0.6571542916666677,1.3046539583333323,0.3407189039855063,0.9391528083333348,1.9325185416666668,0.1877613392857138,1.4964800568181815,1.050856776129942,0.5681844791666669,0.3918177083333328,0.8145210416666675,0.4536214727011479,0.4085913194444426,0.3355276442307682,0.3144092809139776,1.536200589788731,0.3303114583333318,0.8856670186781589,0.4292751889534871,0.8972641102941168,1.365964652777776,0.6306229495614024
GA,0.592881839826839,0.3489560606060599,0.4730040151515138,0.4287984848484838,1.5774222846441943,0.4217899242424226,0.5265166666666653,0.2886315295815289,0.4698226284584969,0.3118672064393936,0.6691977575757574,0.5629191919191905,0.4656811904761899,0.8383948353808349,0.9734933111603816,0.6249792613636346,0.0,0.5446351683501679,0.5508515151515142,0.3404189898989888,0.8350609557109531,0.7455879953379934,0.7981703072983348,0.7525179653679638,0.4510915824915814,0.3909351417399797,1.0113903560606063,0.5039582007575756,0.495025497835497,0.3515646212121195,0.5570416666666657,1.2984019999999996,0.3952628787878769,0.5247000151515145,0.8540812121212122,0.4597570487483516,0.5813526196969702,1.472365151515152,0.5932461657390223,1.0883439393939387,0.7039968412942983,0.3813814109848466,0.473520984848484,0.6746439393939391,0.6846727795193293,0.4855762626262608,0.7769861305361289,0.4132191104594318,1.0523457874519837,0.5687614285714273,0.5374138766980134,0.6134860817477084,0.6056755704099819,0.9593557575757572,0.549942057416267
GH,0.8772010846560838,0.7009550673400664,0.7888378703703685,0.7433866835016834,1.3173555076987082,0.6981759259259249,0.8290975252525233,0.6385963227513216,0.6429056038647335,0.4888067939814798,0.8873249259259248,0.8855227777777759,0.6129851111111104,0.7860977507507497,1.135741657633241,0.8513961342592584,0.5446351683501679,0.0,0.8110309259259254,0.561092037037036,1.1583017236467217,1.038023547008545,0.7941514684402701,1.0271751058201044,0.6438653703703694,0.5587355495818387,0.8542118981481486,0.6793610972222212,0.5873409259259248,0.5801505092592575,0.8371179629629625,1.2953718888888877,0.7310895959595947,0.5883647962962948,0.8757009259259249,0.7620523429951678,0.5620772759259256,1.5093417592592595,0.8974956198034767,1.0246987710437705,0.515011089139987,0.5680317939814797,0.6877452777777773,0.7384653703703694,0.8924710919540215,0.7296998148148127,1.0605475925925911,0.7604713560334515,0.9801435758998424,0.7027496560846549,0.405361411238824,0.8674474117140384,0.6613403529411753,0.9144494444444432,0.5785761500974647
GM,0.6233847619047609,0.4887757575757573,0.3610213888888888,0.3997097979797982,1.9112222846441935,0.3321188888888876,0.3288267676767674,0.4024436507936498,0.7186002173913031,0.5967212847222225,0.6781186666666672,0.3229777777777766,0.7669594761904757,1.1011001261261255,0.6470620596205948,0.280946458333333,0.5508515151515142,0.8110309259259254,0.0,0.4474188888888884,0.5576987179487168,0.4532252136752128,0.9278583098591536,0.4352460317460309,0.3970944444444432,0.5483901433691749,1.280672472222223,0.6655070694444449,0.6070811111111106,0.4319605555555553,0.3478027777777779,1.6116468888888875,0.3077962121212115,0.5549346111111115,1.1216211111111112,0.320655797101449,0.804788172222223,1.7250319444444435,0.2797273242630385,1.324320707070707,0.8958548964218453,0.5307803124999998,0.3134202777777776,0.7459100000000012,0.447758429118773,0.326677777777777,0.4851329059829053,0.3162458781362,1.3689495774647868,0.3888234920634916,0.7695983908045959,0.4371428940568472,0.7610004117647049,1.2250455555555542,0.4718983625730981
GN,0.5863968253968247,0.2918390909090905,0.3932708333333332,0.3150753535353535,1.6756809113607976,0.3419077777777768,0.3905522222222203,0.3035233333333317,0.4205937439613512,0.3963659375000003,0.6220624444444446,0.4565066666666654,0.5659835714285707,0.8438651231231223,0.816727452574524,0.4717075694444438,0.3404189898989888,0.561092037037036,0.4474188888888884,0.0,0.720256324786323,0.586819316239315,0.7215001251956171,0.5869006349206338,0.3729640740740731,0.4443117562724001,1.0688558055555568,0.4753122222222231,0.4943804761904752,0.2771090277777779,0.4644933333333337,1.412300444444444,0.3973574242424229,0.4152521666666671,0.9588533333333324,0.3373285507246369,0.6395215611111117,1.5811666666666668,0.4759396598639457,1.2032569696969695,0.7467493032015061,0.3090667013888884,0.3565319444444442,0.6905033333333338,0.575688505747125,0.3994655555555543,0.638895128205127,0.3249555913978492,1.1512577621283235,0.4616063492063488,0.5633655172413778,0.4963410077519371,0.5702690915032667,1.044916666666665,0.5186676023391807
GQ,0.9290247435897412,0.6844947163947149,0.5537835256410256,0.5661537995337976,2.230960933448572,0.5491442307692286,0.5177655011655005,0.6323517704517685,0.9575505406911904,0.8851858092948716,1.0184202051282052,0.6226175213675194,1.13964568131868,1.4389486015245982,0.3376135084427761,0.386207035256409,0.8350609557109531,1.1583017236467217,0.5576987179487168,0.720256324786323,0.0,0.3059153846153835,1.1942053665583214,0.3424036630036621,0.7834896011395984,0.9059306038047954,1.6981784551282044,0.9387430737179484,0.8403698901098882,0.6641304807692306,0.4872536324786308,2.024305333333331,0.5836548368298352,0.8762632948717952,1.538401538461537,0.5352170011148254,1.2136695397435897,2.1312246794871785,0.4199535845107257,1.6845221445221432,1.282593220338981,0.7156951682692307,0.683827756410255,1.0120115384615391,0.5328081343943396,0.6672435897435879,0.3070666666666657,0.5036789081885841,1.7922066558324274,0.5992925274725251,1.148601812555258,0.5664931425163972,1.0889852533936633,1.6425808547008522,0.9240511470985135
GW,0.7891005494505476,0.5584355866355855,0.4626101923076923,0.4008209790209778,2.153740622299047,0.4428511538461523,0.4246076923076914,0.532373626373625,0.8306833612040118,0.8268351682692313,0.8579606153846154,0.4493123931623914,0.9922324505494488,1.313040424116422,0.3462658536585358,0.3036457211538454,0.7455879953379934,1.038023547008545,0.4532252136752128,0.586819316239315,0.3059153846153835,0.0,1.0929291007583943,0.2061043956043948,0.6726115384615365,0.8039439205955322,1.576308942307692,0.7993312692307697,0.7727678388278374,0.543366730769231,0.359956623931623,1.9330088205128184,0.4789959790209777,0.8160376538461543,1.4175930769230762,0.4038222408026741,1.1151544653846155,2.004720512820512,0.3206992150706425,1.6295979020979017,1.2172676662320718,0.5726297836538463,0.5682151923076908,0.9175669230769236,0.4463153846153831,0.5469188034188017,0.2030230769230763,0.4084069478908173,1.654130065005414,0.5092429304029287,1.0544720159151166,0.3729246869409651,0.9929648914027136,1.545583760683759,0.8101287449392699
KE,0.96987990945674,0.8045089714041815,0.9461208098591536,0.8779407426376428,1.5293542965659117,0.8958056807511727,0.9389620230473732,0.8231021685669557,0.735090168401714,0.6469500220070407,0.8118447323943652,1.0002001721439735,0.589414892689469,0.8544510635706124,1.3110493095156277,0.9742288703051628,0.7981703072983348,0.7941514684402701,0.9278583098591536,0.7215001251956171,1.1942053665583214,1.0929291007583943,0.0,1.1338379879275633,0.8905669431403228,0.7419299772830517,0.9342532852112684,0.5417650510563374,0.8784984976525811,0.7605640316901389,0.98072493740219,1.1888793990610325,0.8929990717029436,0.8728143873239427,0.7914429107981217,0.8769804715247997,0.5683597302816902,1.515445387323944,0.9573949238286864,1.0625757575757564,0.9994792026736676,0.7344515624999982,0.8246399882629099,0.9341478873239428,1.0414085769791142,0.8190050704225336,1.1387807367280585,0.8911205997273955,0.9320285915492948,0.883790831656606,0.6066903011170464,0.9627538224697002,0.5150877473073731,0.9606704694835672,0.7776739065974791
KM,0.805784285714284,0.5815989898989888,0.4931246428571432,0.4165979220779204,2.147346869983947,0.4595373809523793,0.4544168831168823,0.5619142857142843,0.8559856832298116,0.8211655803571432,0.875158285714286,0.4616515873015857,1.0338698571428562,1.341509328185326,0.3776804878048771,0.288147529761904,0.7525179653679638,1.0271751058201044,0.4352460317460309,0.5869006349206338,0.3424036630036621,0.2061043956043948,1.1338379879275633,0.0,0.670991798941797,0.7974041474654369,1.6085573928571428,0.8412054821428573,0.7921076190476174,0.5856530357142858,0.3851595238095227,1.9123485714285704,0.5159737012986999,0.8233795000000008,1.4212480952380944,0.4345661490683219,1.1057830928571435,1.9989642857142853,0.3188142857142849,1.5914077922077925,1.232826392251815,0.6136245982142856,0.5859441666666654,0.9285057142857144,0.4545615763546785,0.5493476190476179,0.2444450549450543,0.4135525345622107,1.6660581287726333,0.532696190476189,1.077224384236451,0.3798860465116269,0.9957714201680656,1.5526279365079343,0.8137091729323288
LR,0.5255837037037028,0.4949065656565646,0.4736954629629616,0.4688221212121201,1.628971639617145,0.4498719444444427,0.5005193602693585,0.4300626984126964,0.602439299516907,0.4633127199074064,0.5863769629629634,0.5295518518518498,0.6640196031746023,0.8949312632632629,0.8974111562782269,0.5385834953703686,0.4510915824915814,0.6438653703703694,0.3970944444444432,0.3729640740740731,0.7834896011395984,0.6726115384615365,0.8905669431403228,0.670991798941797,0.0,0.4942388888888878,1.0622637870370375,0.6031714583333333,0.6044765608465598,0.4910779166666649,0.514478703703703,1.386787629629629,0.4624332491582472,0.4289818703703696,0.9207551851851852,0.4988888888888877,0.6338842944444449,1.572271296296296,0.5597942932728641,1.1311944444444444,0.6480729755178898,0.5476444560185173,0.3973341666666657,0.802250740740741,0.6228187100893978,0.51396111111111,0.7361047008546988,0.4351716248506556,1.1612754407929038,0.6000140211640199,0.6057320306513395,0.5888527562446152,0.6204893398692807,1.0136618518518508,0.5042477777777769
LS,0.687926774193547,0.4527896383186698,0.5463968548387087,0.5107043401759527,1.5463263138818406,0.4802723924731171,0.5647697947214068,0.3472009216589861,0.5554665848527334,0.3433295665322574,0.679857806451613,0.6646485663082424,0.5386426436251917,0.8892808108108096,1.0216979543666382,0.6408086357526865,0.3909351417399797,0.5587355495818387,0.5483901433691749,0.4443117562724001,0.9059306038047954,0.8039439205955322,0.7419299772830517,0.7974041474654369,0.4942388888888878,0.0,0.9383999919354836,0.5747517096774192,0.4914166820276489,0.4342147177419332,0.5659437275985656,1.3047708387096766,0.4257162023460398,0.5325257903225797,0.8475489247311826,0.5422232117812051,0.5005591758064518,1.5058220430107525,0.5953570770243573,1.0835162267839689,0.6422780207763801,0.4647404334677404,0.4926865322580631,0.5344080645161291,0.7749553948832018,0.398784946236558,0.8530856079404457,0.5300806451612893,1.093336915038617,0.4582785407066042,0.4930059510567282,0.6708965491372832,0.5492738690702083,0.9332224014336912,0.3713003735144303
LY,1.2786006071428586,1.1069489772727286,1.2957417499999997,1.309310977272728,1.3464161488764026,1.2275310833333344,1.3195969318181822,1.1523278690476202,1.069082793478262,0.8802813125,1.1804387500000002,1.3695994722222224,0.73750267857143,0.6192831013513519,1.736661945121951,1.451298375000001,1.0113903560606063,0.8542118981481486,1.280672472222223,1.0688558055555568,1.6981784551282044,1.576308942307692,0.9342532852112684,1.6085573928571428,1.0622637870370375,0.9383999919354836,0.0,0.90907825,1.117680583333334,1.12026025,1.3371944166666678,1.0276747499999992,1.2262055227272732,1.04551925,0.8566414166666662,1.2730265326086965,0.8453803999999999,1.1609869166666662,1.4073052602040823,0.8906502196969697,0.9660791313559316,1.0854071874999998,1.185245083333334,1.2367337499999995,1.392315267241379,1.199210805555555,1.6441348653846153,1.3037685725806467,0.686459637323944,1.250034416666668,0.8528411637931026,1.3879814825581396,0.9785784852941176,0.8758210277777775,0.9937698289473692
MA,0.737815285714286,0.5156403952020205,0.6307788749999999,0.5953551022727284,1.636104817415728,0.6334655000000003,0.6617252499999996,0.5256933710317467,0.5715052173913041,0.4256320624999999,0.6754466250000001,0.6873419583333333,0.4263611249999993,0.7088888277027015,0.9572928079268292,0.7495325000000004,0.5039582007575756,0.6793610972222212,0.6655070694444449,0.4753122222222231,0.9387430737179484,0.7993312692307697,0.5417650510563374,0.8412054821428573,0.6031714583333333,0.5747517096774192,0.90907825,0.0,0.72413719047619,0.51798375,0.7034300555555566,1.2645780416666648,0.6421412840909088,0.6173182500000002,0.8099447083333315,0.6104675163043484,0.6208821750000001,1.4988717083333316,0.7159747448979598,1.0718444431818177,0.8615946059322024,0.5356621875000002,0.5872454583333341,0.835957,0.7338984008620687,0.5844113611111107,0.9029674326923082,0.6156612943548397,0.9796622975352084,0.6953395892857145,0.5585097327586193,0.6992313459302328,0.4978756911764704,1.0089671249999992,0.6517808157894737
MG,0.7047192857142857,0.5197344588744586,0.4770598809523796,0.5334854545454542,1.600891760299625,0.4759051190476181,0.5313756709956698,0.4849720634920625,0.6370470910973077,0.5921704613095231,0.6854799999999999,0.6335731746031735,0.6915110952380945,1.0747655160875154,0.9794446689895449,0.6456537797619032,0.495025497835497,0.5873409259259248,0.6070811111111106,0.4943804761904752,0.8403698901098882,0.7727678388278374,0.8784984976525811,0.7921076190476174,0.6044765608465598,0.4914166820276489,1.117680583333334,0.72413719047619,0.0,0.4459980952380942,0.5685073015873017,1.38706038095238,0.5356680303030293,0.5955170238095234,1.0727519047619043,0.5160137267080738,0.7598819214285712,1.5661728571428568,0.6166561904761901,1.197807012987012,0.7118699112187238,0.4960351041666656,0.4653434523809522,0.6034423809523808,0.7330974384236432,0.5063987301587293,0.822296556776555,0.5047560368663593,1.1999352582159613,0.4580433333333328,0.5969319704433481,0.5861307641196001,0.7137889607843131,1.1149282539682537,0.6450075689223053
ML,0.6544682142857138,0.2644460858585855,0.3421625000000001,0.2823263636363642,1.7085451966292111,0.2673354166666665,0.3748464772727267,0.2166813293650786,0.4173823913043467,0.3654384374999999,0.7190900000000002,0.4505256944444438,0.5654379047619036,0.8840356554054039,0.7391963414634148,0.4421014583333341,0.3515646212121195,0.5801505092592575,0.4319605555555553,0.2771090277777779,0.6641304807692306,0.543366730769231,0.7605640316901389,0.5856530357142858,0.4910779166666649,0.4342147177419332,1.12026025,0.51798375,0.4459980952380942,0.0,0.3910827777777784,1.518874916666665,0.3104984090909088,0.4621577499999999,0.9914829166666652,0.2564235326086958,0.6731398499999998,1.6911287499999983,0.4178565816326534,1.2739073484848475,0.7616519067796595,0.1991265625,0.3556312499999998,0.59624125,0.5673281896551714,0.3386661111111096,0.5709163461538467,0.2754384677419355,1.1995543133802784,0.3959527976190474,0.5798979310344802,0.4354754651162789,0.6762506764705869,1.0727976388888871,0.4305186184210509
MR,0.6928253968253963,0.4011492424242428,0.3291969444444456,0.3073852525252527,1.9177817415730327,0.361246666666666,0.3482308080808075,0.3861460317460311,0.7041027294685983,0.6406572569444459,0.8033367777777788,0.4295027777777765,0.8494010317460319,1.1637911861861865,0.5556935636856346,0.2878742361111104,0.5570416666666657,0.8371179629629625,0.3478027777777779,0.4644933333333337,0.4872536324786308,0.359956623931623,0.98072493740219,0.3851595238095227,0.514478703703703,0.5659437275985656,1.3371944166666678,0.7034300555555566,0.5685073015873017,0.3910827777777784,0.0,1.7866576666666667,0.3806227272727268,0.6620270555555564,1.2527811111111111,0.2699629227053142,0.9073190388888906,1.915994444444445,0.3143084467120183,1.4486608585858598,1.008676459510358,0.4355216319444451,0.4011513888888888,0.7062222222222241,0.4393534482758605,0.4009222222222214,0.4176027777777766,0.2580021505376345,1.4751538106416264,0.3758286507936499,0.8520530842911866,0.3732788113695084,0.876144947712418,1.3206838888888883,0.6209234795321628
MU,1.3569770952380948,1.4718451717171714,1.605024499999998,1.6301761212121209,1.24357934082397,1.601999499999999,1.6684170909090894,1.4656788571428565,1.4432359275362314,1.2790265624999977,1.2490319999999984,1.6093548888888882,1.1089074761904758,0.9121954414414404,2.092219804878046,1.8155500416666652,1.2984019999999996,1.2953718888888877,1.6116468888888875,1.412300444444444,2.024305333333331,1.9330088205128184,1.1888793990610325,1.9123485714285704,1.386787629629629,1.3047708387096766,1.0276747499999992,1.2645780416666648,1.38706038095238,1.518874916666665,1.7866576666666667,0.0,1.5544618484848471,1.3194061666666643,0.9167733333333328,1.6407666956521731,1.2252750833333317,1.2004816666666664,1.7504536054421769,1.0231962424242416,1.292017378531073,1.4727089374999975,1.510190833333332,1.6157426666666654,1.7205768735632172,1.5243573333333316,1.9745525128205117,1.6252394408602138,0.8110453615023472,1.6427600952380954,1.139798229885057,1.6960646511627897,1.162491823529411,1.1376475555555552,1.3483062456140351
MW,0.5892326623376609,0.3898159090909078,0.3435084090909088,0.3280986363636354,1.8638742339121543,0.2183828030303006,0.32708409090909,0.2485832251082235,0.5842542292490097,0.4668064488636371,0.6857324545454545,0.3901628787878776,0.6768520346320337,0.997190125307124,0.693168569844788,0.3426755492424232,0.3952628787878769,0.7310895959595947,0.3077962121212115,0.3973574242424229,0.5836548368298352,0.4789959790209777,0.8929990717029436,0.5159737012986999,0.4624332491582472,0.4257162023460398,1.2262055227272732,0.6421412840909088,0.5356680303030293,0.3104984090909088,0.3806227272727268,1.5544618484848471,0.0,0.5168315000000002,1.0765486363636358,0.2906226284584968,0.7185867045454556,1.6828935606060604,0.3271562615955474,1.288437121212121,0.8724846302003078,0.395399801136363,0.3968096212121208,0.6999386363636373,0.5319091692789952,0.2981133838383826,0.4985596153846143,0.2642575513196467,1.3198237964148505,0.3982398051948039,0.716370799373039,0.4553570295983082,0.715602417112299,1.1740273232323215,0.4372487799043051
MZ,0.5219235,0.5146164797979804,0.5500060000000001,0.5752514090909097,1.642201870786515,0.4735895000000005,0.5468734090909096,0.437171738095238,0.6023670652173913,0.5067918125,0.6614635,0.6481891666666664,0.67234669047619,0.8060280675675667,0.9845036951219516,0.6571542916666677,0.5247000151515145,0.5883647962962948,0.5549346111111115,0.4152521666666671,0.8762632948717952,0.8160376538461543,0.8728143873239427,0.8233795000000008,0.4289818703703696,0.5325257903225797,1.04551925,0.6173182500000002,0.5955170238095234,0.4621577499999999,0.6620270555555564,1.3194061666666643,0.5168315000000002,0.0,0.9601404999999992,0.5639636739130437,0.6734218500000002,1.585303999999999,0.652179214285715,1.1842495606060597,0.6841470084745743,0.5144233125000001,0.5328416666666668,0.8345084999999997,0.6780600172413793,0.5177180555555556,0.8707572692307701,0.5321999193548396,1.0864351338028144,0.5884644523809529,0.5802052931034468,0.6957090813953489,0.6135723235294106,1.0108869444444428,0.4941935526315786
NA,1.0287588095238087,1.0099989898989894,1.1621074999999983,1.1286951515151509,1.2113377528089884,1.1158124999999997,1.2038712121212112,0.988723015873016,1.0401181884057966,0.7729803124999989,0.8696413333333328,1.0951422222222214,0.5776738571428568,0.7100510090090085,1.6186815447154457,1.3046539583333323,0.8540812121212122,0.8757009259259249,1.1216211111111112,0.9588533333333324,1.538401538461537,1.4175930769230762,0.7914429107981217,1.4212480952380944,0.9207551851851852,0.8475489247311826,0.8566414166666662,0.8099447083333315,1.0727519047619043,0.9914829166666652,1.2527811111111111,0.9167733333333328,1.0765486363636358,0.9601404999999992,0.0,1.162990434782608,0.7365156166666658,1.357559999999999,1.255759659863946,0.924342424242424,0.9549985875706208,0.9865571874999992,0.9753674999999996,1.1142533333333324,1.2815498850574705,1.0742688888888885,1.4611346153846143,1.131430752688172,0.7951705164319239,1.1905576190476193,0.7301562068965511,1.2561462790697666,0.6644572352941176,0.6497133333333328,0.7725271929824564
NE,0.673585962732918,0.2946115283267447,0.3303675000000001,0.245447470355731,1.903620835368831,0.2572030797101434,0.2992855731225287,0.2931014837819178,0.5692667391304334,0.5498022690217398,0.739504434782609,0.3558565217391293,0.7286705445134567,1.0356929189189177,0.5806180805938476,0.3407189039855063,0.4597570487483516,0.7620523429951678,0.320655797101449,0.3373285507246369,0.5352170011148254,0.4038222408026741,0.8769804715247997,0.4345661490683219,0.4988888888888877,0.5422232117812051,1.2730265326086965,0.6104675163043484,0.5160137267080738,0.2564235326086958,0.2699629227053142,1.6407666956521731,0.2906226284584968,0.5639636739130437,1.162990434782608,0.0,0.8360801630434793,1.7892521739130436,0.310783806566104,1.337846179183136,0.9539547162859248,0.3301366983695656,0.3643722826086953,0.7122056521739142,0.44265944527736,0.2902243961352646,0.4337817725752498,0.183439060308555,1.3471970116350256,0.3816767287784668,0.7756521439280344,0.3867107684529818,0.7568019002557538,1.2545236714975836,0.5879068421052617
NG,0.8171045500000009,0.6600983348484857,0.87445875,0.8239507590909104,1.4324426129213468,0.7615938500000005,0.8846517045454546,0.7091138865079373,0.5878332326086961,0.4412115125000001,0.80387015,0.9645144055555558,0.5265612404761912,0.8032688986486476,1.3428649743902443,0.9391528083333348,0.5813526196969702,0.5620772759259256,0.804788172222223,0.6395215611111117,1.2136695397435897,1.1151544653846155,0.5683597302816902,1.1057830928571435,0.6338842944444449,0.5005591758064518,0.8453803999999999,0.6208821750000001,0.7598819214285712,0.6731398499999998,0.9073190388888906,1.2252750833333317,0.7185867045454556,0.6734218500000002,0.7365156166666658,0.8360801630434793,0.0,1.4446907499999992,0.9095435969387772,1.0608220106060602,0.7234142177966102,0.6345570125000001,0.7166773500000009,0.8075398500000001,0.9735473293103448,0.7252120499999996,1.158302873076924,0.8066198467741946,0.8518177950704215,0.7967617071428585,0.3837101603448281,0.9337960174418608,0.4768355735294109,0.7318168611111103,0.5106630500000008
RE,1.672862738095238,1.660600883838384,1.7203433333333322,1.7582493939393953,1.7059745786516844,1.779009166666666,1.8092329545454533,1.633484920634921,1.5900926811594192,1.4601936458333318,1.4996926666666652,1.833770833333333,1.3282202857142849,1.3836272207207203,2.182664430894308,1.9325185416666668,1.472365151515152,1.5093417592592595,1.7250319444444435,1.5811666666666668,2.1312246794871785,2.004720512820512,1.515445387323944,1.9989642857142853,1.572271296296296,1.5058220430107525,1.1609869166666662,1.4988717083333316,1.5661728571428568,1.6911287499999983,1.915994444444445,1.2004816666666664,1.6828935606060604,1.585303999999999,1.357559999999999,1.7892521739130436,1.4446907499999992,0.0,1.854166921768708,1.3339321969696962,1.3927194915254235,1.6625730208333327,1.6536666666666666,1.749854166666666,1.8784665229885051,1.6955708333333332,2.0765157051282044,1.7844005376344088,1.2329375704225352,1.7699591666666674,1.4105773275862064,1.87278972868217,1.4766225686274503,1.484255555555556,1.559697017543859
RW,0.7343130612244891,0.4931970315398885,0.3345922959183679,0.3767698701298699,2.0294434991974315,0.2915450680272102,0.3040157699443411,0.4336244897959183,0.7081872005323862,0.6524355548469398,0.7769776326530625,0.373371995464852,0.8701064421768707,1.1607986420297844,0.5224629666500731,0.1877613392857138,0.5932461657390223,0.8974956198034767,0.2797273242630385,0.4759396598639457,0.4199535845107257,0.3206992150706425,0.9573949238286864,0.3188142857142849,0.5597942932728641,0.5953570770243573,1.4073052602040823,0.7159747448979598,0.6166561904761901,0.4178565816326534,0.3143084467120183,1.7504536054421769,0.3271562615955474,0.652179214285715,1.255759659863946,0.310783806566104,0.9095435969387772,1.854166921768708,0.0,1.4866330859616577,1.0482553095814595,0.48064205994898,0.3856972959183672,0.7414253061224507,0.4498085151301885,0.3577981859410424,0.334403924646781,0.2931714285714285,1.5061460678355836,0.2945612244897955,0.8813321252638984,0.3919449928808728,0.8525225198079236,1.3699029024943308,0.598313082706767
