ISO_CODE,AS,AU,CK,FJ,FM,GU,KI,MH,MP,NC,NR,NU,NZ,PF,PG,PW,SB,TK,TL,TO,TV,VU,WF,WS
AS,0.0,40.6319736490378,72.31495804195804,40.644376000001024,39.85282051282034,42.766712820512105,39.78439464882929,42.31160535117055,51.4127327935222,45.16002596153811,64.25678062678121,38.47799999999979,39.85069254079339,45.14088733031604,39.01230809716554,68.13918778280569,40.36627420814457,38.47799999999979,43.822353544494845,41.37995006747644,48.18189878542525,40.90212820512859,53.40073244147179,39.72067384615365
AU,40.6319736490378,0.0,56.69377367613536,15.399032562500148,26.337121173610708,21.61334172916646,20.262923111412917,28.623778399456075,44.349219411183306,20.2645143124999,44.82745497453618,15.970726437500126,7.431556100378613,20.57939343014687,14.322765365131657,50.68950695220495,18.79625721691171,15.970726437500126,18.595645712009837,26.96518541776272,25.991716569078545,21.19955649519204,31.191315714673404,19.22354781249997
CK,72.31495804195804,56.69377367613536,0.0,56.95351636363873,59.7750808080809,62.99826818181712,54.41120553359689,59.94289723320175,78.53529186602847,62.5610193181813,70.80143097643109,52.806636363636336,55.58912666666759,62.66163368983855,54.930541626793065,76.79749465240637,58.10985561497319,52.806636363636336,59.92429803921642,64.41392185008033,60.94850717703351,59.72450815850853,64.65971146245055,58.48532727272793
FJ,40.644376000001024,15.399032562500148,56.95351636363873,0.0,25.35487614814823,23.184712666666435,18.586393391304277,27.63229200000011,47.24485073684336,21.02051299999984,43.33843466666808,14.772763999999876,14.68195842424194,20.85317858823501,11.874569473684163,50.28460094117833,17.45223458823516,14.772763999999876,16.09521011764706,26.39231438596487,24.307403368421102,19.550218871794797,30.41219582608709,17.788851999999803
FM,39.85282051282034,26.337121173610708,59.7750808080809,25.35487614814823,0.0,30.58536296296192,20.88631884057964,27.60109178743954,46.37658479532135,29.978065277777294,46.541037037037135,17.60170370370372,25.73418094276157,30.373736601306444,20.31023226120861,51.10443028322458,23.86321045751618,17.60170370370372,25.9824431372542,31.626732943469257,27.951978557504667,25.92425925925951,33.87271819645714,25.61256444444389
GU,42.766712820512105,21.61334172916646,62.99826818181712,23.184712666666435,30.58536296296192,0.0,26.80062173912963,33.71591014492656,43.712466666666,24.72079583333272,51.93266666666552,22.83904999999941,21.298392121212345,24.322113725489423,21.992451754385744,56.07781176470479,23.557066666666167,22.83904999999941,25.919291176469883,29.056554385963967,33.18866929824453,25.215374358973925,38.51873115941921,21.515209999999573
KI,39.78439464882929,20.262923111412917,54.41120553359689,18.586393391304277,20.88631884057964,26.80062173912963,0.0,23.2528695652175,48.08095423340925,23.22143152173908,39.309014492753775,8.101652173913061,19.78196039525687,24.194580306904847,12.451225514874103,45.35774552429694,16.987038363171482,8.101652173913061,18.737850468883146,27.871258581235345,18.848313501144176,19.41762095875164,25.010608695652216,19.600475652173497
MH,42.31160535117055,28.623778399456075,59.94289723320175,27.63229200000011,27.60109178743954,33.71591014492656,23.2528695652175,0.0,50.16483524027453,32.580908152173535,49.19371014492787,21.48747826086961,28.109831409750484,33.273516368285904,23.718033180778114,53.90913938618969,26.6493319693094,21.48747826086961,29.007195396418687,34.31387337909977,31.084574370709568,28.59280044593129,36.96617391304364,28.15175043478216
MP,51.4127327935222,44.349219411183306,78.53529186602847,47.24485073684336,46.37658479532135,43.712466666666,48.08095423340925,50.16483524027453,0.0,49.02709473684144,72.67008771929791,46.352421052631136,44.54770172248889,48.92783560371451,45.87193947368347,76.3361687306498,46.255790712074,46.352421052631136,49.566933539731714,43.09712280701716,56.26415789473645,45.77603508771916,61.55428375285999,44.70533368421027
NC,45.16002596153811,20.2645143124999,62.5610193181813,21.02051299999984,29.978065277777294,24.72079583333272,23.22143152173908,32.580908152173535,49.02709473684144,0.0,48.77972175925872,18.00020000000023,20.63594234848496,16.30006544117653,18.12425657894758,55.36063088235247,20.936247794117644,18.00020000000023,21.568287499999943,30.12413157894672,28.37127763157856,22.47895833333332,31.81719782608654,21.6026824999998
NR,64.25678062678121,44.82745497453618,70.80143097643109,43.33843466666808,46.541037037037135,51.93266666666552,39.309014492753775,49.19371014492787,72.67008771929791,48.77972175925872,0.0,34.61666666666669,43.79170552188645,49.087086056643926,38.533714035087314,61.014319172113645,42.993349019607656,34.61666666666669,44.28577516339868,53.57852631579013,41.7373001949319,45.70433333333385,48.21405797101462,45.45332370370401
NU,38.47799999999979,15.970726437500126,52.806636363636336,14.772763999999876,17.60170370370372,22.83904999999941,8.101652173913061,21.48747826086961,46.352421052631136,18.00020000000023,34.61666666666669,0.0,15.68428606060525,19.303570588234887,6.71688684210513,41.870441176470784,11.822211764705942,0.0,13.561109803921768,24.541157894736543,11.456052631578942,15.150615384615543,18.024347826086977,15.21753999999971
NZ,39.85069254079339,7.431556100378613,55.58912666666759,14.68195842424194,25.73418094276157,21.298392121212345,19.78196039525687,28.109831409750484,44.54770172248889,20.63594234848496,43.79170552188645,15.68428606060525,0.0,20.712258253119487,14.079892280701158,49.98783522281735,18.67269532976803,15.68428606060525,18.686683636363508,26.51458165869288,25.42847990430684,20.699746573426665,30.95558587615386,18.745698787878656
PF,45.14088733031604,20.57939343014687,62.66163368983855,20.85317858823501,30.373736601306444,24.322113725489423,24.194580306904847,33.273516368285904,48.92783560371451,16.30006544117653,49.087086056643926,19.303570588234887,20.712258253119487,0.0,19.02934674922577,55.89871764705799,21.460064705881923,19.303570588234887,21.68142156862721,30.38811940144405,29.53977616099005,22.74751055806916,34.07873017902731,21.655999999999437
PG,39.01230809716554,14.322765365131657,54.930541626793065,11.874569473684163,20.31023226120861,21.992451754385744,12.451225514874103,23.718033180778114,45.87193947368347,18.12425657894758,38.533714035087314,6.71688684210513,14.079892280701158,19.02934674922577,0.0,45.62622229102084,12.241787306501548,6.71688684210513,11.918252528379968,24.210162280701724,17.428594736842097,15.481380094467,23.469192562929106,14.77190473684217
PW,68.13918778280569,50.68950695220495,76.79749465240637,50.28460094117833,51.10443028322458,56.07781176470479,45.35774552429694,53.90913938618969,76.3361687306498,55.36063088235247,61.014319172113645,41.870441176470784,49.98783522281735,55.89871764705799,45.62622229102084,0.0,49.6380529411764,41.870441176470784,51.1996921568631,59.397654798762346,50.26110681114572,52.32811689291162,55.62209079283905,51.41329176470644
SB,40.36627420814457,18.79625721691171,58.10985561497319,17.45223458823516,23.86321045751618,23.557066666666167,16.987038363171482,26.6493319693094,46.255790712074,20.936247794117644,42.993349019607656,11.822211764705942,18.67269532976803,21.460064705881923,12.241787306501548,49.6380529411764,0.0,11.822211764705942,17.430670588235465,24.74471207430304,22.38944086687301,15.77915505279057,28.410230179027995,16.641082352940998
TK,38.47799999999979,15.970726437500126,52.806636363636336,14.772763999999876,17.60170370370372,22.83904999999941,8.101652173913061,21.48747826086961,46.352421052631136,18.00020000000023,34.61666666666669,0.0,15.68428606060525,19.303570588234887,6.71688684210513,41.870441176470784,11.822211764705942,0.0,13.561109803921768,24.541157894736543,11.456052631578942,15.150615384615543,18.024347826086977,15.21753999999971
TL,43.822353544494845,18.595645712009837,59.92429803921642,16.09521011764706,25.9824431372542,25.919291176469883,18.737850468883146,29.007195396418687,49.566933539731714,21.568287499999943,44.28577516339868,13.561109803921768,18.686683636363508,21.68142156862721,11.918252528379968,51.1996921568631,17.430670588235465,13.561109803921768,0.0,29.065050980391288,23.348040866872456,20.321612669683145,29.638488832053707,19.53355176470576
TO,41.37995006747644,26.96518541776272,64.41392185008033,26.39231438596487,31.626732943469257,29.056554385963967,27.871258581235345,34.31387337909977,43.09712280701716,30.12413157894672,53.57852631579013,24.541157894736543,26.51458165869288,30.38811940144405,24.210162280701724,59.397654798762346,24.74471207430304,24.541157894736543,29.065050980391288,0.0,34.721385964912024,24.06905937921725,40.39466361556065,23.66091649122754
TV,48.18189878542525,25.991716569078545,60.94850717703351,24.307403368421102,27.951978557504667,33.18866929824453,18.848313501144176,31.084574370709568,56.26415789473645,28.37127763157856,41.7373001949319,11.456052631578942,25.42847990430684,29.53977616099005,17.428594736842097,50.26110681114572,22.38944086687301,11.456052631578942,23.348040866872456,34.721385964912024,0.0,25.525385964912555,27.91786041189929,25.47457263157847
VU,40.90212820512859,21.19955649519204,59.72450815850853,19.550218871794797,25.92425925925951,25.215374358973925,19.41762095875164,28.59280044593129,45.77603508771916,22.47895833333332,45.70433333333385,15.150615384615543,20.699746573426665,22.74751055806916,15.481380094467,52.32811689291162,15.77915505279057,15.150615384615543,20.321612669683145,24.06905937921725,25.525385964912555,0.0,31.24404013377962,17.97464923076911
WF,53.40073244147179,31.191315714673404,64.65971146245055,30.41219582608709,33.87271819645714,38.51873115941921,25.010608695652216,36.96617391304364,61.55428375285999,31.81719782608654,48.21405797101462,18.024347826086977,30.95558587615386,34.07873017902731,23.469192562929106,55.62209079283905,28.410230179027995,18.024347826086977,29.638488832053707,40.39466361556065,27.91786041189929,31.24404013377962,0.0,31.41086782608636
WS,39.72067384615365,19.22354781249997,58.48532727272793,17.788851999999803,25.61256444444389,21.515209999999573,19.600475652173497,28.15175043478216,44.70533368421027,21.6026824999998,45.45332370370401,15.21753999999971,18.745698787878656,21.655999999999437,14.77190473684217,51.41329176470644,16.641082352940998,15.21753999999971,19.53355176470576,23.66091649122754,25.47457263157847,17.97464923076911,31.41086782608636,0.0
