ISO_CODE,AG,AI,AR,AW,BB,BM,BO,BQ,BR,BS,BZ,CA,CL,CO,CR,CW,DM,DO,EC,GD,GF,GL,GP,GT,GY,HN,HT,JM,KN,KY,LC,MQ,MS,MX,NI,PA,PE,PM,PR,PY,SR,SV,SX,TC,TT,US,UY,VC,VE,VG,VI
AG,0.0,1.253677419354839,1.1909263548387092,1.0620904377880176,0.7672415322580646,1.279740694789081,1.112893245967741,1.481538306451613,0.9757652377171202,0.7253590462833089,0.8344755760368655,1.059765206171107,1.1037982406947888,1.1025139354838702,1.2871530987292268,0.7457556451612903,0.8630639187574668,0.9164106275659808,0.9378800997067442,0.7476612903225803,0.8687307917888558,1.2670442514474758,0.9650535483870966,0.8093634158197066,0.8457715467328362,0.8182994377880172,1.1379315806451602,0.6184010263929612,0.6657162162162162,0.9074025674786048,0.6602204301075268,1.023673118279569,4.624972350230415,0.951540963855421,1.025614573732718,0.7720726315789468,0.957361281907432,2.5826239388794554,1.5637216808149392,1.2437406072106243,0.94459413489736,0.8478434856630818,0.7105723626852656,1.170822580645161,1.4518493150684917,1.3430722332844558,1.0889046193548384,0.6744964157706088,1.1460696799007442,1.381215725806452,1.1409538375973298
AI,1.253677419354839,0.0,1.5384483489736065,1.5152905844155844,1.3025284090909093,1.5989125874125871,1.4961949431818178,1.5164147727272723,1.5189276559440554,1.333945454545454,1.199904761904762,1.3837871620553357,1.5762210419580407,1.604485196480938,1.796116969696969,1.319511363636364,0.9905168350168352,1.3645785454545458,1.4883539999999993,1.385207070707071,1.2391454545454543,1.2638752913752909,1.2767227272727266,1.3553366998754657,1.3971547785547778,1.349039194805194,1.6153716363636357,1.2729172727272722,1.379374692874692,1.2944628942486085,1.2896348973607037,1.36800909090909,5.168896103896105,1.4583503833515878,1.3584634090909082,1.3146039234449751,1.4484463003952568,2.785782296650717,1.9526699043062183,1.7740711229946513,1.5055151515151508,1.4073822979797972,1.0566719901719903,0.9374158249158248,1.8517780821917795,1.5731650863636348,1.6731952727272723,1.215707792207792,1.573818454545454,1.456585227272728,1.2836410658307205
AR,1.1909263548387092,1.5384483489736065,0.0,1.337837769585253,1.2723245322580643,1.8406139760132323,0.7117456209677412,1.525863403225805,0.9471562754342426,1.1561438387096776,1.0011892857142848,1.2863194375876577,0.5820424565756822,0.7992832580645163,1.2657402727272722,1.0647629892473114,1.2581704408602137,0.8776821964809368,0.6021651524926683,1.566932243215565,0.9989293519061572,1.3603653126550852,0.9414863548387092,0.6489954153778161,1.334397277915632,0.8159260967741929,1.25811058064516,1.063545715542522,1.4071515510026145,1.5134572264647792,1.3075942903225797,1.1738371075268812,4.81881483410138,0.5920807419354833,0.6563424585253455,0.8334830441426144,0.7593257405329585,2.2664664227504208,1.6673160390492343,0.7742541309297913,1.2087646911045935,0.720156625448028,1.2602894952048815,1.4466903930704882,1.843790985859478,1.6211225678885628,0.599858522580646,1.3097772908346126,0.8279330570719596,1.833989661290322,1.6216053848720786
AW,1.0620904377880176,1.5152905844155844,1.337837769585253,0.0,0.9850035714285704,1.1362101648351637,1.4905661160714272,1.6354553571428565,1.4086156483516474,1.0247777950310557,1.1291797619047612,0.9991400559006198,1.146758175824175,1.5611667419354835,1.170862316017315,0.7636523809523802,1.3704212962962958,1.354393909090909,1.2599572597402593,1.293974206349206,1.313109415584415,1.3386991758241749,1.2252321428571415,1.1675337866927582,1.2233570512820495,1.2497355714285705,1.7841529999999983,0.9735014935064928,1.1761607142857131,1.034931122448979,1.141960637480799,1.2485234126984115,4.922839285714288,1.1502957401032696,1.2380753571428564,1.2641706390977436,1.4068060310559,2.850160714285713,1.3617884586466151,1.3021216386554608,1.2005464285714282,1.1329248015873012,1.0704000965250955,1.305427910052909,1.2470284246575334,1.2469517746753236,1.0865843142857134,1.25191865079365,1.5536966813186806,1.5219196428571424,1.1048368226600973
BB,0.7672415322580646,1.3025284090909093,1.2723245322580643,0.9850035714285704,0.0,1.0049743589743572,1.2359212500000003,1.449875,1.2324276384615378,0.4905804347826079,0.898955952380952,0.9319535652173894,1.1505748461538452,1.335820161290323,1.332630833333332,0.6661416666666662,1.1542851851851854,1.0788965909090908,1.0966087272727272,0.91538115079365,0.9006636363636361,1.3202416666666656,0.8891999999999997,0.9555283904109576,0.822495192307692,1.0293839285714284,1.2483725000000003,0.4952834090909084,0.9354945945945938,0.8682247448979583,0.6615135752688164,0.952584722222221,4.464589285714286,1.039595481927711,1.1559849999999998,0.9747717105263152,1.154789260869565,2.4198243421052625,1.5587978947368395,1.3934294117647053,0.8793924242424235,0.9396369444444442,0.9273297297297292,1.1629518518518516,1.1561167808219155,1.1468696318181788,1.1720404999999998,0.8364736111111112,1.3464836923076924,1.1696875000000002,1.0347017241379288
BM,1.279740694789081,1.5989125874125871,1.8406139760132323,1.1362101648351637,1.0049743589743572,0.0,1.9825358333333316,1.9281586538461533,1.636131805128204,1.1300899665551822,1.5627923076923065,0.967996597547379,1.5713222820512809,2.069094236559139,1.4060659673659666,1.2107326923076909,1.756259259259258,1.8622146946386935,1.7410775710955704,1.3854371184371177,1.5916146853146842,1.6323333333333323,1.412686666666665,1.6439078292939928,1.4022589743589735,1.6996319340659327,2.0341812820512795,1.1250763869463856,1.239194040194039,0.960652014652014,1.3742911497105037,1.4548846153846138,4.632987179487178,1.6824108124806914,1.7507745879120866,1.6999062348178129,1.917269166109252,2.885686909581645,1.322985465587043,1.7234859728506773,1.4852757575757565,1.6035030128205112,1.3114310464310452,1.5900341880341866,1.0890775904460823,1.065877906876455,1.4713831589743571,1.4539255189255176,2.107492025641025,1.597238782051281,0.9717780725022094
BO,1.112893245967741,1.4961949431818178,0.7117456209677412,1.4905661160714272,1.2359212500000003,1.9825358333333316,0.0,1.3171068749999997,1.0836672615384602,1.2201294836956509,0.8425061309523796,1.5216776766304327,0.8562430961538456,0.6678688971774202,1.3383586174242403,1.0498763541666658,1.1283063657407395,0.4497106022727266,0.4750806704545445,1.3243666121031736,0.7972911647727263,1.3957245512820504,0.98174125,0.6097764297945207,1.1802506249999982,0.5731620089285713,1.1174891875000004,1.0840823579545449,1.4093999493243234,1.6429146428571424,1.0893568749999991,1.1874654166666654,4.954602410714287,0.527429112951806,0.5482122767857143,0.6466842598684207,0.6067926576086952,2.286369342105262,1.7404864802631557,0.9029567647058808,1.0799375378787863,0.6493506944444439,1.1455327364864851,1.4115204861111108,1.9665824700342445,1.834471292045453,0.9573365875000004,1.0299933333333329,0.70700120673077,1.7443256249999997,1.737680808189653
BQ,1.481538306451613,1.5164147727272723,1.525863403225805,1.6354553571428565,1.449875,1.9281586538461533,1.3171068749999997,0.0,1.5654518846153842,1.589386413043478,1.3478553571428562,1.810314978260868,1.6032195769230753,1.2670045645161283,1.9090317424242411,1.4009291666666666,1.3375162037037036,1.3846466818181806,1.2741312272727263,1.5650922619047611,1.4161238636363636,1.366046474358974,1.5403224999999998,1.2268622945205463,1.6535253205128193,1.1840464999999991,1.4169295,1.5036970454545435,1.7164645270270265,1.8560165816326528,1.4624845430107514,1.760384722222221,5.3149017857142855,1.3910944277108424,1.2273478571428555,1.2142156578947354,1.256991195652173,3.1259243421052627,2.15537644736842,1.6925401470588215,1.449145075757574,1.2914616666666654,1.4622449324324325,1.4033124999999995,2.185408390410956,2.102645768181816,1.7410570999999997,1.3834414682539675,1.230485961538461,1.648,1.7953900862068957
BR,0.9757652377171202,1.5189276559440554,0.9471562754342426,1.4086156483516474,1.2324276384615378,1.636131805128204,1.0836672615384602,1.5654518846153842,0.0,1.1515227458193968,1.032953783150182,1.2166837979933105,1.0745906923076916,1.1108507344913154,1.0272677291375278,1.0866574256410253,1.2360106655270642,0.9687785832167828,0.8667012433566427,1.451088484004884,0.9673024811188794,1.4413246256410246,0.9430982153846144,0.8071908636459422,1.242888225641024,0.8809530901098892,1.3306016615384595,1.0299316419580418,1.0896320407484394,1.4455610568288846,1.303946676923076,1.1321625743589732,4.818544039560436,0.8905991675625573,0.8983579329670327,0.871479096356275,1.0396547351170553,2.545912749797569,1.4923288639676109,1.01660899638009,1.2192232993006993,0.9374640538461524,1.1027711675675669,1.4796784717948703,1.602888876712327,1.4561804178321665,1.1151847538461537,1.225427092063491,1.1537003846153848,1.7167576384615375,1.5967527177718817
BS,0.7253590462833089,1.333945454545454,1.1561438387096776,1.0247777950310557,0.4905804347826079,1.1300899665551822,1.2201294836956509,1.589386413043478,1.1515227458193968,0.0,0.7942902691511371,0.9588622608695644,1.086782872909699,1.26628587377279,1.2513656653491434,0.6123452898550722,1.11070032206119,1.030530972332015,1.0091492252964422,0.7766968253968246,0.8671999999999986,1.3383637681159417,0.8336273913043476,0.8754781834425248,0.6942468227424738,0.9497418260869556,1.232069217391302,0.4152375889328057,0.8667643948296104,0.885151286601597,0.676100093501635,0.8895816425120767,4.484262111801242,0.9972698271346252,1.0240049223602476,0.9125331350114404,1.0703733043478254,2.4220194508009136,1.4029359496567502,1.207510741687979,0.7922237154150191,0.8362218961352653,0.9366727379553452,1.1638404186795483,1.1154914830256095,1.1736433472332013,1.0659468869565218,0.8403224982746713,1.3064181036789293,1.325564673913043,1.0371986506746609
BZ,0.8344755760368655,1.199904761904762,1.0011892857142848,1.1291797619047612,0.898955952380952,1.5627923076923065,0.8425061309523796,1.3478553571428562,1.032953783150182,0.7942902691511371,0.0,1.1560734409937874,1.00034842124542,0.8296395422427032,1.393543116883116,0.7979178571428561,0.949939153439153,0.8202029264069249,0.7549072900432892,0.9927285714285704,0.8558164502164488,1.2002032967032956,0.9980852380952374,0.7151461252446173,0.7941743589743583,0.6332675238095229,1.1102058571428548,0.7094747619047604,1.121281724581724,1.1873829931972788,0.8729924731182788,1.151261904761904,4.631647619047616,0.710045903614457,0.7122420238095228,0.6453478696741844,0.7534947826086948,2.315398746867166,1.5302444862155375,1.0980427450980386,0.9142233766233764,0.7314982936507926,0.8267167310167305,1.1907052910052904,1.4047453359425954,1.376142125757574,1.1056824761904758,0.8135539682539674,0.8687951098901089,1.4706422619047612,1.3723220032840706
CA,1.059765206171107,1.3837871620553357,1.2863194375876577,0.9991400559006198,0.9319535652173894,0.967996597547379,1.5216776766304327,1.810314978260868,1.2166837979933105,0.9588622608695644,1.1560734409937874,0.0,1.1625800568561877,1.5964358036465631,1.1203963451910404,0.9429434057971,1.3476070273752,1.325932118577075,1.2199401106719363,1.3783443174603165,1.24272471146245,1.4661714024526191,1.0734935652173905,1.1492455961882069,1.127544399108138,1.235925913043478,1.662315434782606,0.8732763794466396,1.044299981198589,0.8625010363797687,1.227671938288918,1.1437376231884042,4.626880894409938,1.143704058669461,1.265383152173913,1.257706594965675,1.4265697391304342,2.625932054919907,1.1924105400457654,1.3168445217391296,1.2149960737812917,1.1131756545893712,1.153472719153936,1.2793670917874385,1.0847007814175091,0.5262618950592879,1.1296297565217386,1.1900634340924758,1.6478021036789288,1.3338975869565208,1.082408998500748
CL,1.1037982406947888,1.5762210419580407,0.5820424565756822,1.146758175824175,1.1505748461538452,1.5713222820512809,0.8562430961538456,1.6032195769230753,1.0745906923076916,1.086782872909699,1.00034842124542,1.1625800568561877,0.0,1.0911970099255583,0.9359068787878788,0.9315222564102564,1.2453165042735033,1.0167153776223774,0.6835400489510485,1.4404575054945046,1.157899797202796,1.6866742307692295,1.0407114615384612,0.7885863003161216,1.2800213076923064,0.8764494835164829,1.4764349999999975,1.015253559440559,1.250503802494802,1.299804105180534,1.240375600496277,1.1856705042735034,4.564924384615386,0.6376202789620022,0.8043930164835165,0.8673935101214577,1.0109285050167225,2.29388592307692,1.3154116558704447,0.6288653981900454,1.1757590932400934,0.6555685683760685,1.1253204802494796,1.4454819002848995,1.5642074004214954,1.381119175874125,0.3767683846153838,1.214548706959706,1.1652301538461536,1.6314388076923068,1.4254146976127302
CO,1.1025139354838702,1.604485196480938,0.7992832580645163,1.5611667419354835,1.335820161290323,2.069094236559139,0.6678688971774202,1.2670045645161283,1.1108507344913154,1.26628587377279,0.8296395422427032,1.5964358036465631,1.0911970099255583,0.0,1.620284766373412,1.1082027849462366,1.0313661457586605,0.6518708856304982,0.564548539589443,1.3637889482846894,0.844732703812316,1.119049318444995,1.0209009677419372,0.5752993566062746,1.2336213382961112,0.4804476866359443,0.6317390967741916,1.1176654134897352,1.4247766207497812,1.6808594628044764,1.081158064516128,1.270820028673835,4.957112092165896,0.7358895989117766,0.5733361036866356,0.5189027911714764,0.4803111640953716,2.2820540033955834,2.068755215619693,1.1837846413662236,1.1143017419354833,0.7181113853046588,1.2539863121185697,1.3597783321385897,2.0365454555899247,1.9312316714076248,1.1634714451612924,0.9886376344086008,0.1651995607940444,1.94094014516129,1.8483376952169064
CR,1.2871530987292268,1.796116969696969,1.2657402727272722,1.170862316017315,1.332630833333332,1.4060659673659666,1.3383586174242403,1.9090317424242411,1.0272677291375278,1.2513656653491434,1.393543116883116,1.1203963451910404,0.9359068787878788,1.620284766373412,0.0,1.1199125757575747,1.6277733333333324,1.304682181818182,1.0915589696969694,1.599161587301587,1.5064696969696965,1.9205532400932388,1.2885803030303014,1.1977045620589457,1.3908232167832155,1.285690103896103,1.954453515151513,1.2027172727272717,1.226883144963144,1.3595633271490404,1.4409261974584535,1.4004393939393929,4.786723030303027,1.0312651128148964,1.1936302489177482,1.3352334290271128,1.4739484558629772,2.772253333333331,0.9092551993620408,0.9471955614973264,1.3231090909090903,1.0368196212121206,1.3600512203112194,1.6685915151515145,1.3520048401826483,1.2331281954545443,0.8904310060606045,1.5484084848484831,1.692048137529136,1.5625090151515146,1.3380857471264354
CW,0.7457556451612903,1.319511363636364,1.0647629892473114,0.7636523809523802,0.6661416666666662,1.2107326923076909,1.0498763541666658,1.4009291666666666,1.0866574256410253,0.6123452898550722,0.7979178571428561,0.9429434057971,0.9315222564102564,1.1082027849462366,1.1199125757575747,0.0,1.0685472222222214,0.8945142727272718,0.8774193030303032,0.988882936507936,0.9205568181818172,1.2580365384615373,0.9119916666666662,0.793950936073058,0.7962070512820503,0.8313468095238089,1.2639929999999988,0.5812856060606052,0.963978603603603,0.989534523809524,0.826046505376343,0.9932638888888882,4.654558333333332,0.8582075301204812,0.9300594047619036,0.7942278070175436,0.9583801014492752,2.504541666666666,1.42815342105263,1.0794655882352933,0.8902477272727269,0.788545277777777,0.8626200450450441,1.2223361111111108,1.2835334474885836,1.2108822075757557,0.8729843333333329,0.8916099206349202,1.130202974358974,1.3895041666666668,0.9984514367816072
DM,0.8630639187574668,0.9905168350168352,1.2581704408602137,1.3704212962962958,1.1542851851851854,1.756259259259258,1.1283063657407395,1.3375162037037036,1.2360106655270642,1.11070032206119,0.949939153439153,1.3476070273752,1.2453165042735033,1.0313661457586605,1.6277733333333324,1.0685472222222214,0.0,1.039467030303029,1.0813550909090903,1.0068677248677242,0.9158562289562284,1.1357549857549845,1.077515185185185,0.980535317097918,1.0984999999999985,0.9297037142857126,1.0396668518518508,0.9949832659932646,0.9708388388388388,1.333956916099773,0.8949330943847064,1.210070370370369,4.826806878306879,1.1313292280232026,1.1053566269841255,0.7971301364522406,0.929045201288243,2.6328479532163733,1.927024152046782,1.469701503267972,1.1328535353535345,1.0660549074074055,0.8817837837837837,0.8238148148148146,1.8023108574327733,1.603008520707069,1.4201263999999991,0.6906031746031742,1.0051397008547,1.5447337962962973,1.3758825031928474
DO,0.9164106275659808,1.3645785454545458,0.8776821964809368,1.354393909090909,1.0788965909090908,1.8622146946386935,0.4497106022727266,1.3846466818181806,0.9687785832167828,1.030530972332015,0.8202029264069249,1.325932118577075,1.0167153776223774,0.6518708856304982,1.304682181818182,0.8945142727272718,1.039467030303029,0.0,0.5384649090909089,1.176507497835497,0.6030407272727258,1.2756590396270375,0.8360287272727279,0.4440629215442084,1.0954947039627023,0.4484830389610381,0.9850268181818164,0.9012409090909084,1.198042673218672,1.4238297588126156,0.9747857908113378,1.0269931313131306,4.95049283116883,0.6133025892661551,0.5673284350649347,0.534685933014353,0.6426208853754936,2.249202296650715,1.795044296650717,1.0436856684491975,0.9505589090909085,0.5656885606060607,0.999374663390662,1.2242380740740726,1.8345183910336225,1.6666845590909074,1.0488747636363651,0.9023871168831158,0.6764251678321679,1.6338774090909085,1.5643794357366752
EC,0.9378800997067442,1.4883539999999993,0.6021651524926683,1.2599572597402593,1.0966087272727272,1.7410775710955704,0.4750806704545445,1.2741312272727263,0.8667012433566427,1.0091492252964422,0.7549072900432892,1.2199401106719363,0.6835400489510485,0.564548539589443,1.0915589696969694,0.8774193030303032,1.0813550909090903,0.5384649090909089,0.0,1.253881417027417,0.7979725454545443,1.3492390862470856,0.8255234545454553,0.4407582092154415,1.0782989930069924,0.4168911428571419,0.9987337272727256,0.8454730909090906,1.1601251154791152,1.425866775510204,1.0908865943303994,1.0173465858585855,4.8241875584415554,0.4280327907995621,0.330542733766234,0.4743632057416261,0.5462763636363632,2.347710114832533,1.575779368421052,0.7460945882352932,0.9785690303030296,0.3914067323232317,1.0428590958230954,1.3583199932659926,1.6869223486924034,1.5376405681818175,0.7830167272727274,1.0021317835497825,0.6385249720279714,1.6259107727272717,1.5491312978056415
GD,0.7476612903225803,1.385207070707071,1.566932243215565,1.293974206349206,0.91538115079365,1.3854371184371177,1.3243666121031736,1.5650922619047611,1.451088484004884,0.7766968253968246,0.9927285714285704,1.3783443174603165,1.4404575054945046,1.3637889482846894,1.599161587301587,0.988882936507936,1.0068677248677242,1.176507497835497,1.253881417027417,0.0,1.0657187590187582,1.3777826617826607,1.1666539682539676,1.1566652989780384,0.856498046398046,1.1208863809523806,1.3627070634920622,0.7795591774891764,0.8381776061776058,1.1479251700680275,0.6706057347670243,1.2485460317460313,4.711198412698414,1.3066053165041116,1.3402792460317448,1.0756573433583954,1.2228166059351266,2.6856733500417707,1.7667277443609006,1.6291805788982248,1.0366832611832606,1.1893151984126973,0.9441389961389952,1.2721428571428566,1.540671732985431,1.564479660678209,1.486452952380952,0.6914920634920633,1.3701680256410251,1.568338293650794,1.2547137383689102
GF,0.8687307917888558,1.2391454545454543,0.9989293519061572,1.313109415584415,0.9006636363636361,1.5916146853146842,0.7972911647727263,1.4161238636363636,0.9673024811188794,0.8671999999999986,0.8558164502164488,1.24272471146245,1.157899797202796,0.844732703812316,1.5064696969696965,0.9205568181818172,0.9158562289562284,0.6030407272727258,0.7979725454545443,1.0657187590187582,0.0,1.0889512820512808,0.5504045454545455,0.6303500498131986,1.0546717948717934,0.6688201298701281,0.8863898181818168,0.8172099999999985,1.143298525798525,1.3181649350649347,0.7934208211143686,0.7336252525252516,4.862841558441559,0.8379608981380053,0.7070143181818169,0.6281058373205731,0.7776488458498009,2.1544550239234432,1.9143069377990427,1.1825713368983943,0.9471212121212108,0.7863530050505035,1.0542420147420135,1.0731397306397297,1.7061663760896622,1.5857923590909069,1.1439306181818174,0.8167352092352089,0.8537078531468523,1.64802840909091,1.4546862068965514
GL,1.2670442514474758,1.2638752913752909,1.3603653126550852,1.3386991758241749,1.3202416666666656,1.6323333333333323,1.3957245512820504,1.366046474358974,1.4413246256410246,1.3383637681159417,1.2002032967032956,1.4661714024526191,1.6866742307692295,1.119049318444995,1.9205532400932388,1.2580365384615373,1.1357549857549845,1.2756590396270375,1.3492390862470856,1.3777826617826607,1.0889512820512808,0.0,1.3135269230769215,1.132014481910781,1.4349256410256388,1.1865728278388266,1.1739226153846138,1.320421188811188,1.3929896049896031,1.3158895866038711,1.2912018196856887,1.4202641025641012,5.312316849816848,1.282440963855421,1.2452933424908414,1.1933039946018882,1.2224134247491625,2.7878906882591084,2.2171340485829947,1.76570277526395,1.4025442890442874,1.4015970299145286,1.1727082467082452,1.0322820512820503,2.030519318580961,1.842702265617714,1.7514914256410246,1.2222002442002424,1.1144114102564089,1.9174631410256415,1.3972360742705552
GP,0.9650535483870966,1.2767227272727266,0.9414863548387092,1.2252321428571415,0.8891999999999997,1.412686666666665,0.98174125,1.5403224999999998,0.9430982153846144,0.8336273913043476,0.9980852380952374,1.0734935652173905,1.0407114615384612,1.0209009677419372,1.2885803030303014,0.9119916666666662,1.077515185185185,0.8360287272727279,0.8255234545454553,1.1666539682539676,0.5504045454545455,1.3135269230769215,0.0,0.7646736986301363,1.0001215384615376,0.8210879999999992,1.102356,0.7738136363636356,1.1134991891891883,1.2292675510204074,0.9321134408602144,0.4182477777777763,4.773324285714284,0.9054356626506024,0.8202489285714285,0.7669321052631584,0.9270813913043482,2.152816842105263,1.6427157894736826,1.0489911764705873,0.9394990909090906,0.8051563888888883,1.077733783783783,1.2137177777777777,1.4684001369862996,1.318758186363634,0.9292327999999996,0.9537579365079366,1.0259296153846162,1.5718024999999995,1.4012613793103428
GT,0.8093634158197066,1.3553366998754657,0.6489954153778161,1.1675337866927582,0.9555283904109576,1.6439078292939928,0.6097764297945207,1.2268622945205463,0.8071908636459422,0.8754781834425248,0.7151461252446173,1.1492455961882069,0.7885863003161216,0.5752993566062746,1.1977045620589457,0.793950936073058,0.980535317097918,0.4440629215442084,0.4407582092154415,1.1566652989780384,0.6303500498131986,1.132014481910781,0.7646736986301363,0.0,0.990435008781172,0.3097351389432475,0.8819456438356138,0.7745356662515553,1.0605250388744891,1.2415658792284034,0.839774728236852,0.9704685692541848,4.832303189823871,0.4577428750618914,0.4074934393346374,0.3745878514780083,0.4919570541989275,2.359168211968273,1.713297995674116,0.9146223045930691,0.9345068534661678,0.4445836339421607,0.8939035579415018,1.0640225621511905,1.6561869863013692,1.5076763025529258,0.8230111068493161,0.8767769667318968,0.6083460094836662,1.556557226027397,1.443380363722247
GY,0.8457715467328362,1.3971547785547778,1.334397277915632,1.2233570512820495,0.822495192307692,1.4022589743589735,1.1802506249999982,1.6535253205128193,1.242888225641024,0.6942468227424738,0.7941743589743583,1.127544399108138,1.2800213076923064,1.2336213382961112,1.3908232167832155,0.7962070512820503,1.0984999999999985,1.0954947039627023,1.0782989930069924,0.856498046398046,1.0546717948717934,1.4349256410256388,1.0001215384615376,0.990435008781172,0.0,0.9868580293040284,1.306734666666664,0.6900538228438222,0.9434239085239076,1.1402600209314486,0.7620636062861855,1.1564299145299135,4.511186080586081,1.0975957157862222,1.0869928296703286,1.0025784345479063,1.057584684503901,2.4529650472334663,1.483772887989203,1.2691328808446432,0.876323076923077,1.0434939102564091,0.943486832986832,1.2509866096866082,1.2341614330874595,1.2577555523310011,1.2418354871794868,0.860899999999999,1.2441178717948709,1.3762336538461528,1.2658883289124652
HN,0.8182994377880172,1.349039194805194,0.8159260967741929,1.2497355714285705,1.0293839285714284,1.6996319340659327,0.5731620089285713,1.1840464999999991,0.8809530901098892,0.9497418260869556,0.6332675238095229,1.235925913043478,0.8764494835164829,0.4804476866359443,1.285690103896103,0.8313468095238089,0.9297037142857126,0.4484830389610381,0.4168911428571419,1.1208863809523806,0.6688201298701281,1.1865728278388266,0.8210879999999992,0.3097351389432475,0.9868580293040284,0.0,0.7567788571428553,0.8136854545454535,1.114999467181466,1.3393700816326526,0.8544911551459283,1.0273814920634907,4.834146571428568,0.5139059518072283,0.3737369285714279,0.3270836240601492,0.524222795031055,2.3925262706766905,1.7301073684210513,0.9101696302521002,0.9348666060606052,0.4183525317460318,0.9625540463320452,1.1119625714285706,1.722608003913893,1.5758600045454532,0.945834571428572,0.8148563492063484,0.546245219780219,1.618791214285714,1.5121508078817718
HT,1.1379315806451602,1.6153716363636357,1.25811058064516,1.7841529999999983,1.2483725000000003,2.0341812820512795,1.1174891875000004,1.4169295,1.3306016615384595,1.232069217391302,1.1102058571428548,1.662315434782606,1.4764349999999975,0.6317390967741916,1.954453515151513,1.2639929999999988,1.0396668518518508,0.9850268181818164,0.9987337272727256,1.3627070634920622,0.8863898181818168,1.1739226153846138,1.102356,0.8819456438356138,1.306734666666664,0.7567788571428553,0.0,1.149520545454544,1.4250269999999985,1.686894326530611,1.0382726021505355,1.324218999999998,4.894678285714284,1.1718022771084324,0.92430207142857,0.75511589473684,0.8689278260869551,2.401100842105262,2.3632893684210483,1.532116352941174,1.246390969696967,0.9806507222222204,1.3723441351351335,1.311370074074073,2.188247493150681,2.0276442772727243,1.534935,0.8906786349206331,0.6336275384615383,2.0716045,1.8770801724137904
JM,0.6184010263929612,1.2729172727272722,1.063545715542522,0.9735014935064928,0.4952834090909084,1.1250763869463856,1.0840823579545449,1.5036970454545435,1.0299316419580418,0.4152375889328057,0.7094747619047604,0.8732763794466396,1.015253559440559,1.1176654134897352,1.2027172727272717,0.5812856060606052,0.9949832659932646,0.9012409090909084,0.8454730909090906,0.7795591774891764,0.8172099999999985,1.320421188811188,0.7738136363636356,0.7745356662515553,0.6900538228438222,0.8136854545454535,1.149520545454544,0.0,0.844914422604422,0.9459198701298698,0.6842465982404682,0.8821077777777773,4.410171558441558,0.8752440635268344,0.8967187337662331,0.8350872248803818,0.972571367588932,2.3326032057416244,1.468985071770334,1.131319465240641,0.7202451515151513,0.741120479797979,0.873074963144962,1.2019893939393929,1.1289651930261513,1.0942818227272717,0.9915692727272724,0.7943702886002877,1.166686972027971,1.2631352272727263,1.041943667711597
KN,0.6657162162162162,1.379374692874692,1.4071515510026145,1.1761607142857131,0.9354945945945938,1.239194040194039,1.4093999493243234,1.7164645270270265,1.0896320407484394,0.8667643948296104,1.121281724581724,1.044299981198589,1.250503802494802,1.4247766207497812,1.226883144963144,0.963978603603603,0.9708388388388388,1.198042673218672,1.1601251154791152,0.8381776061776058,1.143298525798525,1.3929896049896031,1.1134991891891883,1.0605250388744891,0.9434239085239076,1.114999467181466,1.4250269999999985,0.844914422604422,0.0,1.0055041367898503,0.8962537053182208,1.159776876876876,4.539511583011583,1.1991419081732322,1.2908401640926628,1.0703474253200558,1.2855562138660384,2.773142247510668,1.4947373968705526,1.4141653736089022,1.0397822276822268,1.1051125450450432,0.776324324324324,1.2114984984984978,1.326182562014067,1.2785692632678112,1.2460558486486473,0.9336825396825392,1.4698082307692304,1.3521807432432438,0.9517297297297288
KY,0.9074025674786048,1.2944628942486085,1.5134572264647792,1.034931122448979,0.8682247448979583,0.960652014652014,1.6429146428571424,1.8560165816326528,1.4455610568288846,0.885151286601597,1.1873829931972788,0.8625010363797687,1.299804105180534,1.6808594628044764,1.3595633271490404,0.989534523809524,1.333956916099773,1.4238297588126156,1.425866775510204,1.1479251700680275,1.3181649350649347,1.3158895866038711,1.2292675510204074,1.2415658792284034,1.1402600209314486,1.3393700816326526,1.686894326530611,0.9459198701298698,1.0055041367898503,0.0,1.0585670397191136,1.2635691609977318,4.750071428571431,1.3396424140644208,1.44867056122449,1.2474720300751871,1.4868505891748005,2.6434650912996767,1.4081922341568192,1.5373633493397354,1.1923253555967843,1.279619007936508,0.9438119139547708,1.1816145124716553,1.231188789488398,1.0407185574211488,1.2986266285714283,1.097403628117914,1.7120301302982732,1.3029298469387751,0.9724693877551006
LC,0.6602204301075268,1.2896348973607037,1.3075942903225797,1.141960637480799,0.6615135752688164,1.3742911497105037,1.0893568749999991,1.4624845430107514,1.303946676923076,0.676100093501635,0.8729924731182788,1.227671938288918,1.240375600496277,1.081158064516128,1.4409261974584535,0.826046505376343,0.8949330943847064,0.9747857908113378,1.0908865943303994,0.6706057347670243,0.7934208211143686,1.2912018196856887,0.9321134408602144,0.839774728236852,0.7620636062861855,0.8544911551459283,1.0382726021505355,0.6842465982404682,0.8962537053182208,1.0585670397191136,0.0,1.0613899641577051,4.5475368663594455,1.0451863712916172,1.0127882142857128,0.8307894510469709,0.9394142440392692,2.517037917374078,1.74560465761177,1.4148493864642615,0.8388853372434002,0.91776843189964,0.8754719558267939,1.179675029868578,1.5351052143172768,1.4931917836265864,1.2702428387096765,0.5678356374807985,1.0851231091811406,1.5244966397849462,1.2252054134223198
MQ,1.023673118279569,1.36800909090909,1.1738371075268812,1.2485234126984115,0.952584722222221,1.4548846153846138,1.1874654166666654,1.760384722222221,1.1321625743589732,0.8895816425120767,1.151261904761904,1.1437376231884042,1.1856705042735034,1.270820028673835,1.4004393939393929,0.9932638888888882,1.210070370370369,1.0269931313131306,1.0173465858585855,1.2485460317460313,0.7336252525252516,1.4202641025641012,0.4182477777777763,0.9704685692541848,1.1564299145299135,1.0273814920634907,1.324218999999998,0.8821077777777773,1.159776876876876,1.2635691609977318,1.0613899641577051,0.0,4.896,1.1104611780455147,1.035475753968253,0.9985642105263152,1.1361834975845408,2.3411315789473663,1.7333378362573086,1.2233866666666664,0.9900808080808072,0.9767702777777768,1.1129372372372364,1.290559259259258,1.5242896499238945,1.3541963994949475,1.0821926222222216,1.1229682539682535,1.2773217350427348,1.6164180555555543,1.4045789272030644
MS,4.624972350230415,5.168896103896105,4.81881483410138,4.922839285714288,4.464589285714286,4.632987179487178,4.954602410714287,5.3149017857142855,4.818544039560436,4.484262111801242,4.631647619047616,4.626880894409938,4.564924384615386,4.957112092165896,4.786723030303027,4.654558333333332,4.826806878306879,4.95049283116883,4.8241875584415554,4.711198412698414,4.862841558441559,5.312316849816848,4.773324285714284,4.832303189823871,4.511186080586081,4.834146571428568,4.894678285714284,4.410171558441558,4.539511583011583,4.750071428571431,4.5475368663594455,4.896,0.0,4.739014285714286,4.884728928571427,4.819629022556391,4.872300285714285,4.025244360902256,4.5938984210526295,4.7158158823529375,4.452563636363636,4.6875840079365085,4.866376447876449,5.027732804232806,4.219405479452053,4.534346904545451,4.607586400000001,4.698595238095236,4.99665313186813,5.016776785714285,4.949810344827586
MX,0.951540963855421,1.4583503833515878,0.5920807419354833,1.1502957401032696,1.039595481927711,1.6824108124806914,0.527429112951806,1.3910944277108424,0.8905991675625573,0.9972698271346252,0.710045903614457,1.143704058669461,0.6376202789620022,0.7358895989117766,1.0312651128148964,0.8582075301204812,1.1313292280232026,0.6133025892661551,0.4280327907995621,1.3066053165041116,0.8379608981380053,1.282440963855421,0.9054356626506024,0.4577428750618914,1.0975957157862222,0.5139059518072283,1.1718022771084324,0.8752440635268344,1.1991419081732322,1.3396424140644208,1.0451863712916172,1.1104611780455147,4.739014285714286,0.0,0.4551063984509467,0.6090644134432467,0.6689309387113673,2.4057175649968263,1.4270829245402663,0.7766872175761869,1.0160308265790423,0.4661136713520742,1.023538391403451,1.1961391343150374,1.6115240683281065,1.4417316565717406,0.7355491084337359,1.0440916293746407,0.814853046339203,1.6132390060240964,1.5013505608641444
NI,1.025614573732718,1.3584634090909082,0.6563424585253455,1.2380753571428564,1.1559849999999998,1.7507745879120866,0.5482122767857143,1.2273478571428555,0.8983579329670327,1.0240049223602476,0.7122420238095228,1.265383152173913,0.8043930164835165,0.5733361036866356,1.1936302489177482,0.9300594047619036,1.1053566269841255,0.5673284350649347,0.330542733766234,1.3402792460317448,0.7070143181818169,1.2452933424908414,0.8202489285714285,0.4074934393346374,1.0869928296703286,0.3737369285714279,0.92430207142857,0.8967187337662331,1.2908401640926628,1.44867056122449,1.0127882142857128,1.035475753968253,4.884728928571427,0.4551063984509467,0.0,0.4884526503759391,0.6044401211180122,2.3604657706766896,1.6476087406015023,0.774758760504201,1.0194090800865796,0.3584430158730156,1.04198192084942,1.1789307010582002,1.7221656898238733,1.5927364655844145,0.8671916428571433,1.059556626984126,0.6221945659340655,1.6586671428571422,1.5496677463054171
PA,0.7720726315789468,1.3146039234449751,0.8334830441426144,1.2641706390977436,0.9747717105263152,1.6999062348178129,0.6466842598684207,1.2142156578947354,0.871479096356275,0.9125331350114404,0.6453478696741844,1.257706594965675,0.8673935101214577,0.5189027911714764,1.3352334290271128,0.7942278070175436,0.7971301364522406,0.534685933014353,0.4743632057416261,1.0756573433583954,0.6281058373205731,1.1933039946018882,0.7669321052631584,0.3745878514780083,1.0025784345479063,0.3270836240601492,0.75511589473684,0.8350872248803818,1.0703474253200558,1.2474720300751871,0.8307894510469709,0.9985642105263152,4.819629022556391,0.6090644134432467,0.4884526503759391,0.0,0.4610821418764294,2.3188357894736806,1.8110026315789465,0.9798515789473682,0.987284880382774,0.4805422076023378,0.934118463726884,1.0847190253411294,1.792030295602018,1.628327047129186,0.9329178105263172,0.7843558228905584,0.5927866761133591,1.5996372368421043,1.501961524500906
PE,0.957361281907432,1.4484463003952568,0.7593257405329585,1.4068060310559,1.154789260869565,1.917269166109252,0.6067926576086952,1.256991195652173,1.0396547351170553,1.0703733043478254,0.7534947826086948,1.4265697391304342,1.0109285050167225,0.4803111640953716,1.4739484558629772,0.9583801014492752,0.929045201288243,0.6426208853754936,0.5462763636363632,1.2228166059351266,0.7776488458498009,1.2224134247491625,0.9270813913043482,0.4919570541989275,1.057584684503901,0.524222795031055,0.8689278260869551,0.972571367588932,1.2855562138660384,1.4868505891748005,0.9394142440392692,1.1361834975845408,4.872300285714285,0.6689309387113673,0.6044401211180122,0.4610821418764294,0.0,2.3151271899313475,1.8991385537757437,1.086027058823529,1.062922316205532,0.7264656256038641,1.0926975464159807,1.2640895297906594,1.893423260273972,1.7660802756916991,1.0699876521739131,0.9418289772256716,0.5374271337792635,1.7542657173913037,1.6683713073463255
PM,2.5826239388794554,2.785782296650717,2.2664664227504208,2.850160714285713,2.4198243421052625,2.885686909581645,2.286369342105262,3.1259243421052627,2.545912749797569,2.4220194508009136,2.315398746867166,2.625932054919907,2.29388592307692,2.2820540033955834,2.772253333333331,2.504541666666666,2.6328479532163733,2.249202296650715,2.347710114832533,2.6856733500417707,2.1544550239234432,2.7878906882591084,2.152816842105263,2.359168211968273,2.4529650472334663,2.3925262706766905,2.401100842105262,2.3326032057416244,2.773142247510668,2.6434650912996767,2.517037917374078,2.3411315789473663,4.025244360902256,2.4057175649968263,2.3604657706766896,2.3188357894736806,2.3151271899313475,0.0,2.822187894736839,2.4252570588235263,2.4834368421052613,2.375939897660817,2.7123854907539107,2.5901442495126688,2.690124657534245,2.6728277657894703,2.243686399999999,2.472467000835421,2.250175688259108,2.856944078947369,2.9962413793103435
PR,1.5637216808149392,1.9526699043062183,1.6673160390492343,1.3617884586466151,1.5587978947368395,1.322985465587043,1.7404864802631557,2.15537644736842,1.4923288639676109,1.4029359496567502,1.5302444862155375,1.1924105400457654,1.3154116558704447,2.068755215619693,0.9092551993620408,1.42815342105263,1.927024152046782,1.795044296650717,1.575779368421052,1.7667277443609006,1.9143069377990427,2.2171340485829947,1.6427157894736826,1.713297995674116,1.483772887989203,1.7301073684210513,2.3632893684210483,1.468985071770334,1.4947373968705526,1.4081922341568192,1.74560465761177,1.7333378362573086,4.5938984210526295,1.4270829245402663,1.6476087406015023,1.8110026315789465,1.8991385537757437,2.822187894736839,0.0,1.1772121052631586,1.58322014354067,1.4430605409356716,1.6133768278805103,1.960066413255359,1.1785602235039645,1.0819901571770325,1.3180817052631562,1.8672494987468653,2.129156287449391,1.690873552631576,1.5715227767695068
PY,1.2437406072106243,1.7740711229946513,0.7742541309297913,1.3021216386554608,1.3934294117647053,1.7234859728506773,0.9029567647058808,1.6925401470588215,1.01660899638009,1.207510741687979,1.0980427450980386,1.3168445217391296,0.6288653981900454,1.1837846413662236,0.9471955614973264,1.0794655882352933,1.469701503267972,1.0436856684491975,0.7460945882352932,1.6291805788982248,1.1825713368983943,1.76570277526395,1.0489911764705873,0.9146223045930691,1.2691328808446432,0.9101696302521002,1.532116352941174,1.131319465240641,1.4141653736089022,1.5373633493397354,1.4148493864642615,1.2233866666666664,4.7158158823529375,0.7766872175761869,0.774758760504201,0.9798515789473682,1.086027058823529,2.4252570588235263,1.1772121052631586,0.0,1.1874919607843126,0.6519864869281038,1.3336861685214605,1.669404357298474,1.6422157775987103,1.461831510962566,0.6027225882352938,1.3845092436974775,1.2565540769230754,1.8896116176470583,1.6315501014198768
SR,0.94459413489736,1.5055151515151508,1.2087646911045935,1.2005464285714282,0.8793924242424235,1.4852757575757565,1.0799375378787863,1.449145075757574,1.2192232993006993,0.7922237154150191,0.9142233766233764,1.2149960737812917,1.1757590932400934,1.1143017419354833,1.3231090909090903,0.8902477272727269,1.1328535353535345,0.9505589090909085,0.9785690303030296,1.0366832611832606,0.9471212121212108,1.4025442890442874,0.9394990909090906,0.9345068534661678,0.876323076923077,0.9348666060606052,1.246390969696967,0.7202451515151513,1.0397822276822268,1.1923253555967843,0.8388853372434002,0.9900808080808072,4.452563636363636,1.0160308265790423,1.0194090800865796,0.987284880382774,1.062922316205532,2.4834368421052613,1.58322014354067,1.1874919607843126,0.0,0.903988459595959,1.060480343980343,1.3837134680134675,1.3604623495226242,1.4222142469696963,1.1635640484848486,0.9357455988455976,1.100150463869464,1.6207928030303025,1.329869905956111
SV,0.8478434856630818,1.4073822979797972,0.720156625448028,1.1329248015873012,0.9396369444444442,1.6035030128205112,0.6493506944444439,1.2914616666666654,0.9374640538461524,0.8362218961352653,0.7314982936507926,1.1131756545893712,0.6555685683760685,0.7181113853046588,1.0368196212121206,0.788545277777777,1.0660549074074055,0.5656885606060607,0.3914067323232317,1.1893151984126973,0.7863530050505035,1.4015970299145286,0.8051563888888883,0.4445836339421607,1.0434939102564091,0.4183525317460318,0.9806507222222204,0.741120479797979,1.1051125450450432,1.279619007936508,0.91776843189964,0.9767702777777768,4.6875840079365085,0.4661136713520742,0.3584430158730156,0.4805422076023378,0.7264656256038641,2.375939897660817,1.4430605409356716,0.6519864869281038,0.903988459595959,0.0,0.9404293618618604,1.2748823148148138,1.5779686948249607,1.4179285237373729,0.7808447444444446,0.9427324206349196,0.7712915769230766,1.5097133333333324,1.412839837164749
