ISO_CODE,AO,BF,BI,BJ,BW,CD,CF,CG,CI,CM,CV,DJ,DZ,EG,ER,ET,GA,GH,GM,GN,GQ,GW,KE,KM,LR,LS,LY,MA,MG,ML,MR,MU,MW,MZ,NA,NE,NG,RE,RW,SC,SL,SN,SO,SS,ST,SZ,TD,TG,TN,TZ,UG,YT,ZA,ZM,ZW
AO,0.0,3.2103590909090816,3.279101785714279,2.7490849350649187,4.321470826645248,2.6800319047618943,4.030222597402574,2.7872858730158487,2.755268354037256,2.8551555357142733,2.7019262857142823,3.611034523809497,3.014499047619036,3.7983662471042376,3.806500836236901,2.842032708333323,2.961715714285695,3.059481031746019,3.329286428571409,2.799622857142837,4.346978461538424,3.544338956043931,2.8871228571428427,3.590080714285688,3.0721471957671773,3.232266082949286,4.175698928571433,2.968756321428572,2.855300238095235,2.7093927678571377,3.3031778968253804,4.1638437619047615,3.085808896103868,2.410343214285708,2.996446904761891,3.231924130434764,2.931926842857129,3.346272083333321,3.2476795918367163,4.657589523809505,3.8861805811137895,2.742972053571416,3.477079047619028,4.314199285714279,3.659720788177305,3.431515634920604,3.3614352197801933,2.8404126728110457,3.63375826961769,3.1352169047618843,2.930494408866977,3.819971112956783,2.428466563025196,2.890711031746011,3.008236428571414
BF,3.2103590909090816,0.0,2.3216256313131294,1.628184949494945,5.243121632050834,1.954057373737361,3.0864363636363508,1.8577020202019967,1.7060851756697322,1.863102840909087,3.751806101010108,2.87467474747472,2.6898963535353486,3.95143259295658,2.983077802414381,2.1394661805555506,1.9856363636363457,2.8539244949494886,2.500309595959588,1.7589918181818087,3.388331468531462,2.97517055167054,2.3824497880210465,2.604101659451644,2.498618013468,2.7208159009449173,3.833083560606068,2.6053179318181856,2.3067142857142806,1.6645821906565563,2.3138493686868644,4.8286846464646604,2.448266919191907,2.372544429292927,3.206275959595948,1.9005627140974848,2.372203879797971,3.6455769570707055,2.3961318697175757,4.945515151515158,3.446173240883395,1.761654160353531,2.7711116666666578,3.781495252525257,3.283779380006956,2.9154752525252325,2.4523453768453654,1.7619047898338094,4.407936621140975,2.330963585858573,2.5329123510971647,3.162025698848945,2.272830697563865,2.8334871212121104,2.4380616693248207
BI,3.279101785714279,2.3216256313131294,0.0,1.7782225000000045,5.185375140449427,1.62897833333333,2.8571434090908894,1.6964975000000009,1.9301353260869525,1.8253037500000016,3.638185499999994,2.502526944444414,2.6709090714285657,4.098168635135128,2.827864573170722,1.8708522916666688,1.9977829545454555,2.66651805555555,1.8128263888888785,1.7973780555555507,3.3110441666666524,2.6949667307692167,2.2565648239436613,2.30690249999999,1.8454560185185167,2.286177661290311,3.977733999999997,2.6884083750000043,2.491632261904761,1.9558393749999967,1.9229483333333384,5.266038833333327,1.9411934090909069,2.327156999999999,2.912875833333328,1.8445779347826097,2.198687199999997,4.088575416666651,1.7419964795918412,5.070886590909063,3.250328771186437,1.9978006250000016,2.4549924999999906,3.2459424999999893,3.237834396551704,2.476731944444427,2.398423269230758,1.5574512096774256,4.749485809859144,1.9681494047619,2.3945774999999885,3.2059265697674237,2.2244722647058786,2.7069802777777627,2.13972960526316
BJ,2.7490849350649187,1.628184949494945,1.7782225000000045,0.0,5.1518089785495205,1.1846643181817995,2.4477063636363434,1.2505806782106546,1.0468928260869403,1.226504659090904,3.459358727272743,2.2958861616161323,2.2837015194805077,3.6976245552825424,2.113712439024367,1.5106513068181688,1.483516666666655,2.405232474747459,1.819546767676754,1.3253172727272555,2.5691095804195543,2.148795594405575,1.8960632906529904,1.7827205194804971,1.7881274074073858,2.1997485337243217,3.65521254545455,2.266982806818186,2.1677503463203363,1.3273721022727218,1.661566439393933,4.963273878787881,1.7064104545454295,1.787390136363634,2.8346169696969623,1.534314031620544,1.7790680909090866,3.615659734848485,1.6942873654916408,4.600057272727263,3.328156286594752,1.1993317613636278,2.3706553030302926,3.5421418181818263,2.566067115987438,2.265300808080784,1.7904175524475332,0.9314143988269716,4.464564250960291,1.7584826190476015,2.1524985266457457,2.399787928118373,1.6505181711229768,2.472038939393922,1.8802792822966383
BW,4.321470826645248,5.243121632050834,5.185375140449427,5.1518089785495205,0.0,5.079172340823959,6.264737385086812,5.091009523809497,5.156018434294074,5.0104328792134565,5.041128449438197,5.6936876404494186,5.00359220813268,5.365876835712098,6.124875171279772,4.808134360955037,5.248940721824965,3.842008866000819,5.13059325842695,5.01476671660423,6.724552434456901,6.044449611063066,4.275777338186418,6.077168780096275,4.72746323345816,4.3262520115983865,5.125082050561792,5.10249457865166,4.301565714285707,4.950916706460644,5.242086064294617,4.472195865168541,4.77112035240039,4.742698466292118,3.806366516853912,5.3330338544210925,4.419099130337054,5.026020856741561,5.057237376748441,6.298045318352055,4.392292058655478,5.168726987359522,4.697570674157286,4.963968764044936,6.113963231305664,4.902173720349546,5.621072428694877,5.203365132294301,5.040069689824331,4.557335882825029,3.9419122898101406,6.027038019336269,4.389534647719752,3.809124463171017,4.208770727380237
CD,2.6800319047618943,1.954057373737361,1.62897833333333,1.1846643181817995,5.079172340823959,0.0,2.535462499999976,1.154773849206319,1.2635410144927348,1.2276104166666575,3.592851333333342,2.2574405555555224,2.329242309523789,3.8278985540540367,2.291945873983716,1.498596874999985,1.5609592424242185,2.25049574074072,1.8702911111110911,1.3877661111110846,2.7780423717948466,2.337045769230744,1.8426615140844864,1.9635267857142544,1.713011296296264,2.0490662903225525,3.735172999999997,2.2695584166666647,2.2162760714285508,1.4031952083333277,1.5897599999999807,5.107175166666684,1.5940846212120905,1.819502166666662,2.760648333333317,1.630516231884036,1.7654987666666575,3.826819583333328,1.7180324149659656,4.789981969696965,3.164739774011283,1.2301220833333215,2.3991666666666567,3.45191166666667,2.7817531609195134,2.2166583333333048,1.7538746153845866,1.2043755376343908,4.476691701877924,1.6651471428571225,2.078082643678133,2.665941201550368,1.7168320784313498,2.299343055555532,1.6924520614034873
CF,4.030222597402574,3.0864363636363508,2.8571434090908894,2.4477063636363434,6.264737385086812,2.535462499999976,0.0,2.552362049062024,2.6091825494070844,2.631643863636357,4.325453454545455,2.8847737373737057,3.50217955411254,4.804166545454519,3.312187139689558,2.7983577840908898,2.7928666666666446,3.7282768181817945,2.8540494949494835,2.7009033333333035,3.730389277389259,2.9461853146852968,3.254993341869371,2.7268876623376426,3.011825757575739,3.352321994134875,4.75097595454545,3.427582840909083,3.411779393939378,2.7671683522727184,2.8435077020201867,5.912057575757593,3.015547727272702,3.047698681818167,3.9710557575757393,2.761730434782585,3.234408099999984,4.761595265151491,2.842248794063063,5.1945454545454615,4.500328967642505,2.689287045454534,3.4117596969696686,4.201710909090899,3.6611373040752144,3.2805126262625985,2.690099999999983,2.4296017595307697,5.505474379001253,3.1050935281385,3.501268526645732,3.3494964059196373,3.0044125454545183,3.816068939393901,3.2169777990430446
CG,2.7872858730158487,1.8577020202019967,1.6964975000000009,1.2505806782106546,5.091009523809497,1.154773849206319,2.552362049062024,0.0,1.3881715355417246,1.408319057539661,3.418350222222235,2.3700079365079016,2.333297571428552,3.836554694980677,2.50744750290356,1.7220813194444249,1.3042630591630398,2.488189973544946,1.935399206349187,1.404727777777752,2.961490964590925,2.406406593406564,2.0153821640956626,2.121767460317427,1.850905026454998,2.236792575524807,3.7849958968253863,2.288808142857138,2.2116095238095044,1.4448070337301355,1.741407738095222,4.910382476190474,1.837854797979768,1.94348529365077,2.7563658730158576,1.5960942028985343,1.9485046777777573,3.58578442460316,1.8564562358276444,4.732628427128401,3.179567984934073,1.3390534226190232,2.54542706349204,3.491368412698419,2.882276573617916,2.411872222222188,1.9119448107447812,1.1414799283154011,4.441364701542574,2.015706111111081,2.247555008210151,2.7329659283868284,1.7617280018673884,2.513010079365049,2.0088390476190248
CI,2.755268354037256,1.7060851756697322,1.9301353260869525,1.0468928260869403,5.156018434294074,1.2635410144927348,2.6091825494070844,1.3881715355417246,0.0,1.18338377717391,3.516141608695654,2.377642729468565,2.234595958592119,3.5960516721504003,2.327706654294765,1.5628618206521596,1.538604776021059,2.3540099516908057,1.9517936956521529,1.434166884057954,2.7074749888516885,2.3460970066889293,1.835253609920373,1.9978546894409568,1.9838242914653528,2.172016809256632,3.617877891304357,2.170756592391312,2.1380223913043395,1.3728528532608713,1.8032180555555424,4.939695956521749,1.8394324110671616,1.726923804347827,2.830379927536216,1.7005441304347624,1.752754030434778,3.4956571195651995,1.8398390727595173,4.5208951581027454,3.327255051584357,1.133131548913042,2.410269710144922,3.533021086956522,2.63695963268362,2.244676739130397,1.9965119565217049,1.233845084151456,4.325165771586019,1.721222981366438,2.1290583283358138,2.434647184024232,1.5950315421994703,2.491559371980656,1.932958249427894
CM,2.8551555357142733,1.863102840909087,1.8253037500000016,1.226504659090904,5.0104328792134565,1.2276104166666575,2.631643863636357,1.408319057539661,1.18338377717391,0.0,3.665756625000002,2.4897542361110925,2.2861823095237983,3.702293293918902,2.4485790701219563,1.4397347916666623,1.6865121969696817,2.1971806018518363,1.85540951388888,1.4405694444444246,2.7888784455128226,2.4978496634615355,1.732776258802808,2.142189107142852,1.8867513425925748,2.0345098790322447,3.645500624999996,2.173441500000003,2.139091607142837,1.412338124999999,1.7586738194444378,5.101218166666653,1.7450664772727125,1.7712093750000004,2.7360320833333183,1.7972179347825965,1.6486520750000009,3.769801874999994,1.691036479591832,4.62758568181818,3.134610169491501,1.2488756249999988,2.271095624999986,3.3949568750000005,2.856823836206896,2.165979305555546,2.1294478365384557,1.3042210483870913,4.440900739436593,1.5512624107142792,1.8955062931034248,2.776408909883719,1.7656431397058725,2.272859652777752,1.7824017105263048
CV,2.7019262857142823,3.751806101010108,3.638185499999994,3.459358727272743,5.041128449438197,3.592851333333342,4.325453454545455,3.418350222222235,3.516141608695654,3.665756625000002,0.0,3.6309355555555416,3.58079747619048,4.403824756756752,4.407986439024405,3.466716041666669,3.416773696969699,3.839279740740742,3.523666888888907,3.461910222222222,4.937257948717956,3.9202880000000095,3.5609656338028177,4.007539714285718,3.5669901481481605,3.5886945806451647,4.65411600000001,3.571289875000006,3.423096952380968,3.4569041250000083,3.853030166666681,4.561221333333344,3.63792227272728,3.0516975000000044,3.33359133333334,3.6517958260869583,3.6903809000000063,3.743758750000009,3.686700081632671,4.982938545454549,4.359954847457632,3.450673750000004,3.8436073333333214,4.172212000000004,4.12566496551725,3.8154002222222263,3.822572923076932,3.4663486451613075,4.296686507042249,3.934895571428573,3.5813835862068912,4.161869116279076,3.081932235294115,3.6627352222222176,3.679051157894753
DJ,3.611034523809497,2.87467474747472,2.502526944444414,2.2958861616161323,5.6936876404494186,2.2574405555555224,2.8847737373737057,2.3700079365079016,2.377642729468565,2.4897542361110925,3.6309355555555416,0.0,3.0168601428571176,4.288792408408383,3.20936693766934,2.376903819444422,2.4961757575757275,3.2717794444444133,2.365377777777755,2.432696666666631,3.5879470085469736,2.8828230769230507,2.912194460093865,2.4836039682539366,2.546287037037008,2.8187928315411908,4.213313444444425,2.8844794027777607,2.939550793650769,2.434522986111088,2.5168041666666445,5.300693333333338,2.60914015151512,2.779654499999975,3.4078022222222017,2.3621077294685717,2.8116408555555337,4.146778472222197,2.4670954648525814,4.861994949494945,3.891292655367215,2.2843484027777574,2.799182222222193,3.4996644444444294,3.536898084291155,2.9165166666666327,2.3187282051281817,2.194938351254448,4.883437417840352,2.795696269841236,3.013620153256666,3.1918658914728337,2.5533199215685967,3.2782183333332973,2.761706783625709
DZ,3.014499047619036,2.6898963535353486,2.6709090714285657,2.2837015194805077,5.00359220813268,2.329242309523789,3.50217955411254,2.333297571428552,2.234595958592119,2.2861823095237983,3.58079747619048,3.0168601428571176,0.0,2.773204325611313,3.518368407665483,2.4407269702380847,2.439712134199122,2.752205068783061,2.765137825396814,2.143917761904747,3.901730252747231,3.307232904761882,2.4017788309858994,3.073152619047598,2.6326633809523647,2.8350684592933777,2.6884939761904816,1.6276813749999937,2.475225857142852,2.2943550892857107,2.3005617063491983,4.713944142857135,2.652542277056259,2.4693727857142744,2.8492494761904674,2.535166888198746,2.5196912809523666,3.740602035714285,2.838314863945562,4.786177441558431,3.588591035512493,2.1892918749999883,2.729079333333325,3.681383761904763,3.606110165845628,3.0406280158729952,2.948359908424889,2.3721755253456127,3.1412354533869813,2.6452163809523683,2.4885063793103237,3.2838403200442774,2.1891719971988635,2.7501129841269645,2.608211751879688
EG,3.7983662471042376,3.95143259295658,4.098168635135128,3.6976245552825424,5.365876835712098,3.8278985540540367,4.804166545454519,3.836554694980677,3.5960516721504003,3.702293293918902,4.403824756756752,4.288792408408383,2.773204325611313,0.0,4.646602543177289,3.646719318693677,3.8636265618345424,3.626716381381368,4.057932054054041,3.567066618618602,5.1179014442134045,4.541146453222426,3.308647010277864,4.365903915057887,3.852368188188168,3.838123914559698,2.8545728648648674,2.948303942567553,3.703875984555976,3.6548698817567424,3.729259406906893,5.153151153153143,3.792266631449608,3.560219554054041,3.5151270630630487,3.946003656874253,3.50901137567566,4.597880015765747,4.058996927744054,5.511611546273519,4.518275980760396,3.617006320945933,3.750540414414406,4.427975243243236,4.687575899347584,4.0941256276276015,4.294566790020762,3.860188768962499,3.8034240022839576,3.7315490849420665,3.4486580130475124,4.579290937774955,3.101589087440367,3.663949252252236,3.573764904694155
ER,3.806500836236901,2.983077802414381,2.827864573170722,2.113712439024367,6.124875171279772,2.291945873983716,3.312187139689558,2.50744750290356,2.327706654294765,2.4485790701219563,4.407986439024405,3.20936693766934,3.518368407665483,4.646602543177289,0.0,2.0539995477642083,2.827937767923104,3.2892141147244542,2.475449728997281,2.6090957994579544,2.2152176360225093,2.4718287054408927,2.727706904843662,2.132092857142845,2.735569060523914,2.874252714398091,4.718915170731716,3.4386166707317094,3.2957944018582865,2.599589161585369,2.434362228997276,6.109183186991876,2.450050388026581,2.742343036585361,3.682143414634136,2.703746659597007,2.664132448780489,4.724125254065012,2.0784254355400527,5.316016999260904,4.290973832162019,2.3905975609756176,3.145451382113788,4.43708853658536,2.875269974768707,2.6589340108400883,2.486400187617254,2.1043188040912426,5.758979323256571,2.291699715447123,3.065318183347308,3.083325014180357,2.468672952654199,3.377908414634104,2.5077311938382363
ET,2.842032708333323,2.1394661805555506,1.8708522916666688,1.5106513068181688,4.808134360955037,1.498596874999985,2.7983577840908898,1.7220813194444249,1.5628618206521596,1.4397347916666623,3.466716041666669,2.376903819444422,2.4407269702380847,3.646719318693677,2.0539995477642083,0.0,2.011897859848469,1.8804350231481333,1.4514257638888757,1.5494193749999825,2.7174112660256204,2.458194150641007,1.4985486238262744,2.115882946428551,1.6585729861110952,1.817098904569874,3.5422842916666744,2.3491932500000066,2.1432241369047533,1.558385416666667,1.7138360416666594,5.160402374999998,1.4831800946969471,1.5706059583333347,2.519360624999985,1.753882472826073,1.3082078249999955,4.022491458333325,1.3242960331632565,4.5974717234848255,2.869557023305068,1.5692145833333324,1.7788289583333232,3.057097291666673,2.6953795761494046,1.9352879861110877,2.136599823717929,1.421437856182782,4.619292526408426,1.2576188392857024,1.621096199712625,2.86267616763564,1.592068840686257,2.0163709027777603,1.4186102960526228
GA,2.961715714285695,1.9856363636363457,1.9977829545454555,1.483516666666655,5.248940721824965,1.5609592424242185,2.7928666666666446,1.3042630591630398,1.538604776021059,1.6865121969696817,3.416773696969699,2.4961757575757275,2.439712134199122,3.8636265618345424,2.827937767923104,2.011897859848469,0.0,2.728318434343415,2.170202020202003,1.666082121212106,3.2066272727272382,2.598274592074571,2.274808629961569,2.3006158008657773,2.066288047138023,2.514855620723343,3.796733454545448,2.2827377310606,2.329531168831154,1.6952189204545292,2.0471897727272643,4.932056484848489,2.169271969696944,2.125240924242411,2.8382712121211977,1.7857206851119831,2.240118115151501,3.6269350378787752,2.136522758194174,4.755375757575729,3.40140765279916,1.57820363636362,2.6701196969696745,3.7256693939394,3.088898014629016,2.631159090909064,2.1670923076922914,1.452566373411524,4.436589547588544,2.37799980519478,2.5009377638453243,2.89129006342492,1.8987450588235095,2.629195101010076,2.2792844338117857
GH,3.059481031746019,2.8539244949494886,2.66651805555555,2.405232474747459,3.842008866000819,2.25049574074072,3.7282768181817945,2.488189973544946,2.3540099516908057,2.1971806018518363,3.839279740740742,3.2717794444444133,2.752205068783061,3.626716381381368,3.2892141147244542,1.8804350231481333,2.728318434343415,0.0,2.424790555555536,2.347050185185165,3.890187849002821,3.4380002991452763,1.7194680046948192,3.260122089947066,2.271024629629605,2.0374159438470456,3.471759722222226,2.865192453703701,2.114441666666654,2.347406967592581,2.582914166666658,5.029723592592605,2.1256453872053584,2.090522944444436,2.5081190740740595,2.6607225845410465,1.5039325814814664,4.356776342592592,2.377624115646241,4.777654259259248,2.4358556591336877,2.3401561342592467,2.431439814814806,2.98241351851852,3.61921487228605,2.551660925925893,3.1022412393162155,2.401929683393049,4.427909486176304,1.7033984126983954,1.4111345913154352,3.6250861283376152,2.055575427015233,1.8429418518518288,1.6523645711500807
GM,3.329286428571409,2.500309595959588,1.8128263888888785,1.819546767676754,5.13059325842695,1.8702911111110911,2.8540494949494835,1.935399206349187,1.9517936956521529,1.85540951388888,3.523666888888907,2.365377777777755,2.765137825396814,4.057932054054041,2.475449728997281,1.4514257638888757,2.170202020202003,2.424790555555536,0.0,1.955315555555534,3.067805128205125,2.500602136752126,2.071123051643173,2.2434071428571274,1.8072185185185028,1.9738483870967565,3.9244866111111056,2.6926802222222204,2.469863968253958,1.998826736111096,1.8622236111111024,5.19981511111112,1.7684542929292748,2.111730611111099,2.812991111111104,1.928623429951677,1.8088430888888765,4.115947916666664,1.4159784580498738,4.931174747474768,3.2063763653483903,1.9303149999999891,2.178751666666652,3.182120000000008,3.099739655172409,2.173288888888868,2.3266619658119527,1.6226379928315258,4.98077821596242,1.7452051587301398,2.175959693486567,2.9905363049095546,2.0943348627450784,2.553237222222198,1.8764339181286445
GN,2.799622857142837,1.7589918181818087,1.7973780555555507,1.3253172727272555,5.01476671660423,1.3877661111110846,2.7009033333333035,1.404727777777752,1.434166884057954,1.4405694444444246,3.461910222222222,2.432696666666631,2.143917761904747,3.567066618618602,2.6090957994579544,1.5494193749999825,1.666082121212106,2.347050185185165,1.955315555555534,0.0,3.0997134188033777,2.570148205128173,1.874581314553973,2.294919841269807,1.8403874074073825,2.2710332616487205,3.429657499999991,2.1372242777777752,1.9901539682539504,1.1571656249999926,1.735076944444434,4.874594000000004,1.979901363636335,1.80563205555554,2.791596666666649,1.5038759420289698,1.816955199999981,3.682188749999984,1.9100561451246965,4.588488383838355,3.100988700564948,1.215369305555534,2.1630405555555483,3.368039999999993,2.877811494252833,2.459952222222185,2.0536369230768923,1.353907598566294,4.127095273865403,1.90264055555553,2.0400852490421246,2.794450878552936,1.7976282745097825,2.369787222222202,1.970461812865481
GQ,4.346978461538424,3.388331468531462,3.3110441666666524,2.5691095804195543,6.724552434456901,2.7780423717948466,3.730389277389259,2.961490964590925,2.7074749888516885,2.7888784455128226,4.937257948717956,3.5879470085469736,3.901730252747231,5.1179014442134045,2.2152176360225093,2.7174112660256204,3.2066272727272382,3.890187849002821,3.067805128205125,3.0997134188033777,0.0,2.9677358974358885,3.376177522571292,2.470558058608044,3.278991025641002,3.402245657568215,5.13006373076924,3.779805112179487,3.821682344322328,3.0980480608974363,3.0010691239316087,6.5910124102564165,3.044493181818154,3.3433373205128163,4.35790948717947,3.193653288740219,3.253866617948715,5.089841185897407,2.644476242804801,5.578088578088583,4.83620152107775,2.8260107211538528,3.736224999999959,4.920003846153832,3.296439434129083,3.2691346153845937,3.0022076923076813,2.535437717121564,6.1647631816539885,2.926966941391909,3.6618338992042,3.337348240906364,3.0594525942684423,4.002564999999956,3.2288612685559874
GW,3.544338956043931,2.97517055167054,2.6949667307692167,2.148795594405575,6.044449611063066,2.337045769230744,2.9461853146852968,2.406406593406564,2.3460970066889293,2.4978496634615355,3.9202880000000095,2.8828230769230507,3.307232904761882,4.541146453222426,2.4718287054408927,2.458194150641007,2.598274592074571,3.4380002991452763,2.500602136752126,2.570148205128173,2.9677358974358885,0.0,2.9069159046586948,2.0084730769230648,2.7433668091167878,3.0192563275434128,4.543850499999998,3.3388717115384554,3.321162124542109,2.5524834134615317,2.547772970085457,5.896280615384621,2.63923234265732,2.555098884615373,3.7586784615384494,2.6337545150501467,2.7957536153846045,4.54962580128202,2.3384819466247926,5.054205361305347,4.259117340286807,2.3276866346153806,3.2780421794871475,4.119883846153842,2.8803397877984,2.83044230769229,2.349353846153836,2.132587841191048,5.3499064247020245,2.54752979853477,3.1643189389920066,2.9987429338103646,2.624180063348389,3.464414999999968,2.8118348987854094
KE,2.8871228571428427,2.3824497880210465,2.2565648239436613,1.8960632906529904,4.275777338186418,1.8426615140844864,3.254993341869371,2.0153821640956626,1.835253609920373,1.732776258802808,3.5609656338028177,2.912194460093865,2.4017788309858994,3.308647010277864,2.727706904843662,1.4985486238262744,2.274808629961569,1.7194680046948192,2.071123051643173,1.874581314553973,3.376177522571292,2.9069159046586948,0.0,2.7687592152917198,2.0879758841940306,1.9591416810540423,3.316845640845082,2.3892732007042183,2.185572756539224,1.9421639524647865,2.2634386971830867,4.707689953051652,1.6709000832266023,1.7432278802816867,2.1907231455398923,2.2609378934476267,1.3263364056337883,3.9081138791079737,1.9827733774072824,4.490380879214668,2.925308899498666,1.8555593573943563,2.182600563380279,3.179426901408451,3.13431755220978,2.1827631768387774,2.5630418634885985,1.9416109404815824,4.362519577464773,1.5204795472836856,1.3749036134045445,3.1830597248607644,1.5260310124274916,1.7447879107981012,1.4589957005188856
KM,3.590080714285688,2.604101659451644,2.30690249999999,1.7827205194804971,6.077168780096275,1.9635267857142544,2.7268876623376426,2.121767460317427,1.9978546894409568,2.142189107142852,4.007539714285718,2.4836039682539366,3.073152619047598,4.365903915057887,2.132092857142845,2.115882946428551,2.3006158008657773,3.260122089947066,2.2434071428571274,2.294919841269807,2.470558058608044,2.0084730769230648,2.7687592152917198,0.0,2.4420497354497117,2.7607979262672586,4.333607857142857,2.963778035714284,3.0998128571428385,2.3074074107142764,2.1869152777777625,5.803815714285723,2.331937337662312,2.5731374999999894,3.6175571428571303,2.2951021739130217,2.5671922571428505,4.449579464285694,2.0061887755101893,4.983509307359307,4.063052179176729,2.0910257142857107,2.9277573809523494,4.036531428571424,2.7156820197044165,2.5955492063491823,2.100110439560428,1.7658444700460627,5.268699557344026,2.299031190476161,3.0226392610837047,2.754183554817254,2.415222470588203,3.361106587301547,2.5994546616541188
LR,3.0721471957671773,2.498618013468,1.8454560185185167,1.7881274074073858,4.72746323345816,1.713011296296264,3.011825757575739,1.850905026454998,1.9838242914653528,1.8867513425925748,3.5669901481481605,2.546287037037008,2.6326633809523647,3.852368188188168,2.735569060523914,1.6585729861110952,2.066288047138023,2.271024629629605,1.8072185185185028,1.8403874074073825,3.278991025641002,2.7433668091167878,2.0879758841940306,2.4420497354497117,0.0,2.192003643966525,3.710771796296288,2.603907217592582,2.6005444973544813,2.0786311805555377,1.896591203703689,5.225641111111127,1.8072642255891984,2.1545008703703523,2.632439259259243,2.0726239130434627,1.8265140407407243,4.124013194444435,1.825743348450478,4.733567508417508,2.7409314814814687,1.9606382407407232,2.1161172222222047,3.1143811111111197,3.142715644955275,2.3971222222221957,2.43571296296294,1.6975884707287732,4.803674700052152,1.9736992857142583,2.0460505619412226,3.157498578811349,1.924626413943329,2.305257592592571,1.906815730994136
LS,3.232266082949286,2.7208159009449173,2.286177661290311,2.1997485337243217,4.3262520115983865,2.0490662903225525,3.352321994134875,2.236792575524807,2.172016809256632,2.0345098790322447,3.5886945806451647,2.8187928315411908,2.8350684592933777,3.838123914559698,2.874252714398091,1.817098904569874,2.514855620723343,2.0374159438470456,1.9738483870967565,2.2710332616487205,3.402245657568215,3.0192563275434128,1.9591416810540423,2.7607979262672586,2.192003643966525,0.0,3.7614560967741855,2.874229112903222,2.360425898617493,2.339761915322569,2.319584363799269,5.149044344086038,1.8710201612903017,2.1522925645161157,2.4714189247311715,2.427050210378664,1.735376332258049,4.178792943548369,1.8748261356155207,4.83457829912023,2.885010989611792,2.230350362903217,2.461764838709657,2.8766212903225905,3.3099187986651653,1.834071146953389,2.650904466501227,2.1082999999999803,4.814733834620602,1.683906443932388,1.845577508342571,3.27127456864214,1.910669468690679,2.178803924731157,1.5589069609507484
LY,4.175698928571433,3.833083560606068,3.977733999999997,3.65521254545455,5.125082050561792,3.735172999999997,4.75097595454545,3.7849958968253863,3.617877891304357,3.645500624999996,4.65411600000001,4.213313444444425,2.6884939761904816,2.8545728648648674,4.718915170731716,3.5422842916666744,3.796733454545448,3.471759722222226,3.9244866111111056,3.429657499999991,5.13006373076924,4.543850499999998,3.316845640845082,4.333607857142857,3.710771796296288,3.7614560967741855,0.0,2.916592500000003,3.642803595238099,3.517307875000003,3.371884777777783,5.369864833333332,3.6617605454545368,3.5665990000000005,3.6520514999999913,3.7980856086956503,3.3895401000000014,4.937644250000008,3.956749081632652,5.700119984848498,4.226226288135574,3.529793249999997,3.436778833333327,4.148038499999999,4.741427344827587,4.019937888888888,4.270427307692307,3.7768226290322566,3.888025422535208,3.543559523809535,3.4087866551724137,4.517228465116278,3.418215441176472,3.470493611111103,3.499884710526316
MA,2.968756321428572,2.6053179318181856,2.6884083750000043,2.266982806818186,5.10249457865166,2.2695584166666647,3.427582840909083,2.288808142857138,2.170756592391312,2.173441500000003,3.571289875000006,2.8844794027777607,1.6276813749999937,2.948303942567553,3.4386166707317094,2.3491932500000066,2.2827377310606,2.865192453703701,2.6926802222222204,2.1372242777777752,3.779805112179487,3.3388717115384554,2.3892732007042183,2.963778035714284,2.603907217592582,2.874229112903222,2.916592500000003,0.0,2.48461033928571,2.2016158750000048,2.3252779861111152,4.737785166666651,2.619792602272724,2.477075999999998,3.04186187499999,2.443295059782604,2.5136696999999995,3.6573499999999872,2.79334029081633,4.795831428030282,3.561995853813541,2.0333756250000024,2.6444233333333256,3.730399750000001,3.5345589310344767,3.0012822638888825,2.827940326923076,2.358937048387099,3.3412563802816675,2.5904740595238085,2.5395527629310286,3.306168654069764,2.156924198529412,2.784027388888878,2.573072269736847
MG,2.855300238095235,2.3067142857142806,2.491632261904761,2.1677503463203363,4.301565714285707,2.2162760714285508,3.411779393939378,2.2116095238095044,2.1380223913043395,2.139091607142837,3.423096952380968,2.939550793650769,2.475225857142852,3.703875984555976,3.2957944018582865,2.1432241369047533,2.329531168831154,2.114441666666654,2.469863968253958,1.9901539682539504,3.821682344322328,3.321162124542109,2.185572756539224,3.0998128571428385,2.6005444973544813,2.360425898617493,3.642803595238099,2.48461033928571,0.0,1.9562287202380848,2.665198214285709,4.499214666666675,2.565973268398249,2.2061052142857016,2.820357619047611,2.439446293995849,2.147327809523793,3.374888630952381,2.395728843537406,4.674906406926394,2.825456852300235,2.14118541666665,2.611316428571419,3.2751204761904784,3.515245418719196,2.7902014285714056,2.758317802197783,2.2140778494623543,4.037557136150232,2.022457857142842,1.8784059770114865,3.276248726467317,2.084763350140044,2.4342340476190296,2.162584310776928
ML,2.7093927678571377,1.6645821906565563,1.9558393749999967,1.3273721022727218,4.950916706460644,1.4031952083333277,2.7671683522727184,1.4448070337301355,1.3728528532608713,1.412338124999999,3.4569041250000083,2.434522986111088,2.2943550892857107,3.6548698817567424,2.599589161585369,1.558385416666667,1.6952189204545292,2.347406967592581,1.998826736111096,1.1571656249999926,3.0980480608974363,2.5524834134615317,1.9421639524647865,2.3074074107142764,2.0786311805555377,2.339761915322569,3.517307875000003,2.2016158750000048,1.9562287202380848,0.0,1.925656319444436,4.780459708333326,1.978398011363615,1.800378624999995,2.8478681249999847,1.5355529619565105,1.9101429249999955,3.565834374999996,1.9778210586734564,4.521214412878789,3.163896578389819,1.2192349999999967,2.304205208333324,3.426463125000005,2.886263814655171,2.4217364583333207,2.0306161057692185,1.4204709879032171,4.204306857394344,1.9441881845238056,2.112985280172405,2.707901409883717,1.8211489191176384,2.347549652777761,2.052238848684203
MR,3.3031778968253804,2.3138493686868644,1.9229483333333384,1.661566439393933,5.242086064294617,1.5897599999999807,2.8435077020201867,1.741407738095222,1.8032180555555424,1.7586738194444378,3.853030166666681,2.5168041666666445,2.3005617063491983,3.729259406906893,2.434362228997276,1.7138360416666594,2.0471897727272643,2.582914166666658,1.8622236111111024,1.735076944444434,3.0010691239316087,2.547772970085457,2.2634386971830867,2.1869152777777625,1.896591203703689,2.319584363799269,3.371884777777783,2.3252779861111152,2.665198214285709,1.925656319444436,0.0,5.322388277777784,1.9619960858585688,2.2116335555555477,2.933491944444433,1.88311576086956,2.0665365888888814,4.200656249999988,1.7391175453514651,5.034020580808082,3.366182838983044,1.780773263888884,2.299265833333327,3.528195833333341,3.1466328065133946,2.445937499999981,2.298272542735028,1.5739995967741864,4.535981232394351,1.8277171825396692,2.4333930747126264,3.056156750645979,2.1266522320261263,2.7525819444444317,1.98859282163742
MU,4.1638437619047615,4.8286846464646604,5.266038833333327,4.963273878787881,4.472195865168541,5.107175166666684,5.912057575757593,4.910382476190474,4.939695956521749,5.101218166666653,4.561221333333344,5.300693333333338,4.713944142857135,5.153151153153143,6.109183186991876,5.160402374999998,4.932056484848489,5.029723592592605,5.19981511111112,4.874594000000004,6.5910124102564165,5.896280615384621,4.707689953051652,5.803815714285723,5.225641111111127,5.149044344086038,5.369864833333332,4.737785166666651,4.499214666666675,4.780459708333326,5.322388277777784,0.0,5.227973969696984,4.929251833333327,4.301581999999998,5.055515246376823,4.956868499999988,3.7100072499999968,5.2745097687075,5.642368363636382,5.41290711864407,4.847432708333327,5.0641369999999934,5.762344000000002,5.900751770114948,5.455994888888894,5.375598769230777,5.020382451612917,4.284393136150228,5.30860595238096,4.7427555862069015,5.576151658914734,4.414169725490197,4.693307000000006,5.029004842105282
MW,3.085808896103868,2.448266919191907,1.9411934090909069,1.7064104545454295,4.77112035240039,1.5940846212120905,3.015547727272702,1.837854797979768,1.8394324110671616,1.7450664772727125,3.63792227272728,2.60914015151512,2.652542277056259,3.792266631449608,2.450050388026581,1.4831800946969471,2.169271969696944,2.1256453872053584,1.7684542929292748,1.979901363636335,3.044493181818154,2.63923234265732,1.6709000832266023,2.331937337662312,1.8072642255891984,1.8710201612903017,3.6617605454545368,2.619792602272724,2.565973268398249,1.978398011363615,1.9619960858585688,5.227973969696984,0.0,1.9229725909090736,2.4237271212121074,2.123504249011834,1.6963400999999865,4.138584280303012,1.6669134044526697,4.717865909090901,3.17588108628658,1.8758490909090733,2.396327272727251,3.3436722727272827,2.966894435736652,2.0602749999999714,2.313823951048932,1.6898141495600931,4.742593617157467,1.697150649350621,1.968018260188057,3.006923942917524,1.7752379625668175,2.06283585858583,1.484652320574144
MZ,2.410343214285708,2.372544429292927,2.327156999999999,1.787390136363634,4.742698466292118,1.819502166666662,3.047698681818167,1.94348529365077,1.726923804347827,1.7712093750000004,3.0516975000000044,2.779654499999975,2.4693727857142744,3.560219554054041,2.742343036585361,1.5706059583333347,2.125240924242411,2.090522944444436,2.111730611111099,1.80563205555554,3.3433373205128163,2.555098884615373,1.7432278802816867,2.5731374999999894,2.1545008703703523,2.1522925645161157,3.5665990000000005,2.477075999999998,2.2061052142857016,1.800378624999995,2.2116335555555477,4.929251833333327,1.9229725909090736,0.0,2.5514098333333126,2.156675065217381,1.737775299999998,3.884370749999993,1.991380336734684,4.5109883181818144,3.1220807542372664,1.7596775000000011,2.3300668333333188,3.5123534999999952,2.7706029827586094,2.3112671666666507,2.549820653846143,1.7899323709677364,4.435978443661957,1.8335461190476177,1.8664902586206795,2.979201220930224,1.7224783235294068,2.2061529444444243,1.7808152894736775
NA,2.996446904761891,3.206275959595948,2.912875833333328,2.8346169696969623,3.806366516853912,2.760648333333317,3.9710557575757393,2.7563658730158576,2.830379927536216,2.7360320833333183,3.33359133333334,3.4078022222222017,2.8492494761904674,3.5151270630630487,3.682143414634136,2.519360624999985,2.8382712121211977,2.5081190740740595,2.812991111111104,2.791596666666649,4.35790948717947,3.7586784615384494,2.1907231455398923,3.6175571428571303,2.632439259259243,2.4714189247311715,3.6520514999999913,3.04186187499999,2.820357619047611,2.8478681249999847,2.933491944444433,4.301581999999998,2.4237271212121074,2.5514098333333126,0.0,2.924587391304338,2.3755740666666494,3.813185416666671,2.7339891836734647,4.614684545454534,3.3304887570621347,2.8272924999999858,2.8680916666666474,3.638533333333336,3.975343563218378,2.949464444444428,3.360908974358963,2.795032150537621,4.288025868544582,2.741118333333316,2.399371609195385,3.727354341085263,1.9460594901960624,2.237753888888871,2.176888070175432
NE,3.231924130434764,1.9005627140974848,1.8445779347826097,1.534314031620544,5.3330338544210925,1.630516231884036,2.761730434782585,1.5960942028985343,1.7005441304347624,1.7972179347825965,3.6517958260869583,2.3621077294685717,2.535166888198746,3.946003656874253,2.703746659597007,1.753882472826073,1.7857206851119831,2.6607225845410465,1.928623429951677,1.5038759420289698,3.193653288740219,2.6337545150501467,2.2609378934476267,2.2951021739130217,2.0726239130434627,2.427050210378664,3.7980856086956503,2.443295059782604,2.439446293995849,1.5355529619565105,1.88311576086956,5.055515246376823,2.123504249011834,2.156675065217381,2.924587391304338,0.0,2.0661329826086825,3.7964270833333233,1.9131719609582865,4.90791185770751,3.333688872512883,1.5592430163043385,2.370555072463751,3.481703478260874,3.0830340329834827,2.6263731884057697,2.0870284280936326,1.437120897615701,4.538230979791782,2.18755201863352,2.430115142428761,3.0086678463093786,2.0755488491048437,2.73704330917872,2.2328598169336256
NG,2.931926842857129,2.372203879797971,2.198687199999997,1.7790680909090866,4.419099130337054,1.7654987666666575,3.234408099999984,1.9485046777777573,1.752754030434778,1.6486520750000009,3.6903809000000063,2.8116408555555337,2.5196912809523666,3.50901137567566,2.664132448780489,1.3082078249999955,2.240118115151501,1.5039325814814664,1.8088430888888765,1.816955199999981,3.253866617948715,2.7957536153846045,1.3263364056337883,2.5671922571428505,1.8265140407407243,1.735376332258049,3.3895401000000014,2.5136696999999995,2.147327809523793,1.9101429249999955,2.0665365888888814,4.956868499999988,1.6963400999999865,1.737775299999998,2.3755740666666494,2.0661329826086825,0.0,4.161756283333318,1.7557468224489734,4.652784557575754,2.667037574576239,1.768375424999998,2.063849966666651,3.0417402999999985,3.056710472413784,2.072978877777764,2.543864184615378,1.7954336935483806,4.567205380281665,1.4221368047619038,1.3933494931034274,3.1173630465116235,1.716405735294112,1.8360600999999748,1.3944274052631511
RE,3.346272083333321,3.6455769570707055,4.088575416666651,3.615659734848485,5.026020856741561,3.826819583333328,4.761595265151491,3.58578442460316,3.4956571195651995,3.769801874999994,3.743758750000009,4.146778472222197,3.740602035714285,4.597880015765747,4.724125254065012,4.022491458333325,3.6269350378787752,4.356776342592592,4.115947916666664,3.682188749999984,5.089841185897407,4.54962580128202,3.9081138791079737,4.449579464285694,4.124013194444435,4.178792943548369,4.937644250000008,3.6573499999999872,3.374888630952381,3.565834374999996,4.200656249999988,3.7100072499999968,4.138584280303012,3.884370749999993,3.813185416666671,3.7964270833333233,4.161756283333318,0.0,4.087187627551017,5.382264962121192,4.783044244350259,3.54211291666666,4.485881249999977,5.170036249999977,4.754695474137905,4.428956249999976,3.993966506410251,3.703882997311828,3.9021020129107775,4.229457202380937,3.992015876436766,4.005562839147284,3.3325071323529305,4.145577083333314,4.090398837719298
RW,3.2476795918367163,2.3961318697175757,1.7419964795918412,1.6942873654916408,5.057237376748441,1.7180324149659656,2.842248794063063,1.8564562358276444,1.8398390727595173,1.691036479591832,3.686700081632671,2.4670954648525814,2.838314863945562,4.058996927744054,2.0784254355400527,1.3242960331632565,2.136522758194174,2.377624115646241,1.4159784580498738,1.9100561451246965,2.644476242804801,2.3384819466247926,1.9827733774072824,2.0061887755101893,1.825743348450478,1.8748261356155207,3.956749081632652,2.79334029081633,2.395728843537406,1.9778210586734564,1.7391175453514651,5.2745097687075,1.6669134044526697,1.991380336734684,2.7339891836734647,1.9131719609582865,1.7557468224489734,4.087187627551017,0.0,4.915462275819415,3.1357338637149703,1.8818396428571404,2.121285102040809,3.278875510204092,2.876790358902169,2.025832766439888,2.289634222919928,1.5288603028307974,5.05951445530323,1.433691326530594,2.066644855735376,2.955023588039857,1.959245589435756,2.4742504875283253,1.689769946294301
