ISO_CODE,AE,AF,AM,AZ,BD,BH,BN,BT,CN,GE,HK,ID,IL,IN,IQ,JO,JP,KG,KH,KR,KW,KZ,LA,LB,LK,MM,MN,MO,MV,MY,NP,OM,PH,PK,PS,QA,SA,SG,TH,TJ,TM,TR,TW,UZ,VN,YE
AE,0.0,5.600567108393893,5.15848720973782,6.626699358889589,4.903975471535562,3.0764344831460666,7.696149735624563,6.209138876404492,4.679915752808979,5.84488210337081,7.756457659175974,5.404376159723371,5.789846728887249,5.109470289845977,7.097452187045596,7.883812134831429,5.742028235056112,5.851729494381999,6.340823655430668,5.918027207534658,3.2092734906366984,5.662361829855529,5.890549968539323,5.542291715760695,5.045977861226088,6.431100549379046,6.710666258426958,8.620343005618004,11.93273117647051,8.357474618466027,4.5450203101591535,3.577775434654027,6.33079686335093,4.290623757435524,7.588477784911715,2.715144345906891,3.311698565308913,4.932914815782574,9.58660033528084,6.098824648137169,9.705422546816406,9.407149679519884,10.012836696037803,5.188627474352684,9.011437745641176,5.39092131086142
AF,5.600567108393893,0.0,6.6708502941176215,7.8230932352940785,5.76976475098034,6.196370588235282,9.609149705882288,7.139391656346702,6.707255666666647,6.933975211764754,10.015152069716732,7.4271864850678275,7.665964857684981,7.1678065026143205,7.035051411764657,8.885741296296255,7.785350578823473,7.60604254901954,7.360789768627401,7.725617999999971,6.406114568627453,7.565129341736658,6.998457729411769,7.250227845786911,7.068510758513896,7.631424080495303,7.804554294117636,10.63131338235294,12.85537617647055,10.173775445012735,5.755718511029376,6.1453120278637074,8.628727132352905,5.898312470588205,8.252892899159633,5.890262584033606,6.126467444852875,7.349285314637463,11.095907898823484,7.629571253869915,11.487066764705764,11.15681115374329,12.236949653250706,7.0279357161124825,10.58533391987827,7.048657408963555
AM,5.15848720973782,6.6708502941176215,0.0,4.950664901960772,5.390400166666636,5.222106666666659,8.517726274509728,6.086378859649083,3.5621359999999687,4.441142933333352,8.683499444444394,4.732787871794843,5.967139569892463,6.001262396296252,6.623263039215687,7.911286296296233,4.62718183999998,4.759403333333285,5.660657333333262,5.74083799999998,4.668286999999981,4.494560714285691,5.536809466666665,5.601549639639566,6.0252303508771865,5.855368350877155,5.807748999999978,9.142824166666715,12.688505294117576,9.374616463768104,5.609463854166635,4.321838070175386,6.495054289215657,5.374654647058802,7.133918809523799,5.309481309523793,4.234762062499961,6.618496124030992,9.915080359999957,4.817791929824513,8.370276428571414,8.480684992424235,10.66984012280694,3.8949059420289447,8.78261415517238,4.30302523809522
AZ,6.626699358889589,7.8230932352940785,4.950664901960772,0.0,7.36040287254895,7.039782058823529,9.73597176470582,7.713917306501521,5.596732901960747,5.565387552941178,9.757355370370323,6.396644976470529,7.35308198292217,8.070554613289694,7.795837588235253,9.104586775599085,6.560454214117593,6.262745196078377,6.90759534901954,7.449690294117594,6.487985254901937,6.069313417366911,7.023404917647038,6.944348251192302,7.828246811145474,7.511446256965882,7.332201529411756,10.505490147058872,13.961412941176407,10.427333560102271,7.155682138480341,6.336712538699652,8.218805455882304,7.207079764705842,8.307006554621836,6.606587584033575,6.078989672794035,7.967424938440457,11.202620832941127,6.666369504643907,9.136967759103555,6.999011993315468,12.191496616099036,5.619853145780014,10.28763475152126,6.131146106442543
BD,4.903975471535562,5.76976475098034,5.390400166666636,7.36040287254895,0.0,5.072910033333348,9.915402358823496,7.234921871929784,4.361473899999951,6.803367966666696,10.139819285185142,5.611762351282023,7.952751478494584,4.98460268148146,8.266370860784269,9.7456076703703,5.420252406666649,6.087151899999966,7.341889566666634,6.53145808823527,5.018275299999961,5.87146763333331,6.911370966666672,7.461228638738684,5.126504805263116,7.056490478947317,7.599916833333325,10.639903400000009,13.627098845097974,10.887610546376765,5.3180833208332965,3.92435596315784,7.23126155392152,4.029550284313713,9.102621947619005,5.570708771428534,4.27494416249998,7.438847884496048,11.194525686666642,5.879262966666636,9.31399604285711,10.013979859090885,11.713101215789438,5.4302680999999735,10.072589011494234,5.084724014285693
BH,3.0764344831460666,6.196370588235282,5.222106666666659,7.039782058823529,5.072910033333348,0.0,8.03904547058814,6.601977947368379,5.009819000000031,6.292025400000031,8.377280444444438,5.8888769384615545,6.292998451612897,5.656710033333371,7.458846000000001,8.057594185185147,6.134091759999999,6.008791333333311,6.831725533333299,6.356123411764721,3.48057433333335,6.01370252380955,6.254684199999999,5.959151486486471,5.394970263157905,6.996448000000019,7.301516999999979,8.802704499999976,11.982287470588128,8.985868391304333,5.300287270833326,3.5537559473684843,6.7944057500000286,4.659315529411785,7.82431614285712,3.449697785714266,3.781976562499998,5.817934953488396,9.95362352,6.372904684210513,10.016801380952398,9.751011022727296,10.171344947368407,5.31944317391303,9.262188155172431,5.654294142857176
BN,7.696149735624563,9.609149705882288,8.517726274509728,9.73597176470582,9.915402358823496,8.03904547058814,0.0,6.733883746129951,8.610169254901923,8.72035376470582,9.448016459694882,8.184642236199048,8.56204661290321,9.960913198474874,9.80764841176467,10.724764901960704,9.430270134117585,8.5884655882352,8.343307505882226,8.804817470588207,8.042499372549017,9.1413023249299,8.157117905882291,8.892898680445082,9.273767182662542,7.684353767801772,9.30816552941172,8.970653382352832,11.455152941176332,6.82122936061378,7.830703535539143,8.681080650154728,9.441952779411707,9.113260470588177,10.287779159663792,7.75889086134449,8.167189540441065,6.239521244870003,10.171083616470495,9.129498916408568,13.132217787114673,12.69671837566838,11.614534176470514,8.332507544756934,10.951371311359008,9.253185154061532
BT,6.209138876404492,7.139391656346702,6.086378859649083,7.713917306501521,7.234921871929784,6.601977947368379,6.733883746129951,0.0,6.114817964912274,6.688270189473711,9.371715799220214,6.420310038866389,7.664527427843786,7.468466775243626,7.804304801857555,9.392957543859584,7.055776082105217,6.735144473684164,6.281917473684122,7.4658425232198065,6.32083575438595,7.077662907268139,6.322331031578919,7.524989957325671,7.519924736842076,5.784575736842069,7.299224526315756,9.293912763157891,11.188384984520004,8.374445592677315,5.085769950657852,6.412062105263105,7.893434229876155,6.8415767523219415,8.831002631578913,6.394944981202983,5.971979042763102,6.417333684210511,10.476360970526256,6.707768421052583,10.7422979949874,10.777110235645898,11.5026933157894,6.304033066361505,10.274773752268592,6.650059072681685
CN,4.679915752808979,6.707255666666647,3.5621359999999687,5.596732901960747,4.361473899999951,5.009819000000031,8.610169254901923,6.114817964912274,0.0,5.064546133333372,8.367561074074052,3.708267810256364,6.44324115053762,4.119600285185156,7.264563784313712,8.701063851851826,2.518227986666632,3.840512333333284,5.969757199999982,4.608747078431334,3.827747999999971,3.3265131428571206,4.927772266666679,6.0514296756756405,4.897266771929798,5.372040508771883,5.590369333333348,9.239378833333369,13.910495843137191,9.677265478260829,5.274534895833311,2.8366004912280363,5.17951834803918,4.220931274509768,7.987667999999989,5.166472357142832,2.970993520833313,5.903060108527128,9.682562239999973,3.839151859649068,6.741205238095226,8.002654280303018,10.049928052631495,3.147587101449239,8.477483005747091,2.8166683809523656
GE,5.84488210337081,6.933975211764754,4.441142933333352,5.565387552941178,6.803367966666696,6.292025400000031,8.72035376470582,6.688270189473711,5.064546133333372,0.0,8.711664007407368,6.073811600000008,6.455910729032273,7.361084603703698,7.026456105882377,8.191277599999973,6.242636120000013,6.281867666666714,6.244980000000004,6.915500058823556,5.910585066666692,6.206816761904836,6.603276000000027,5.705175048648666,7.031174645614078,6.827053736842131,5.785226799999992,9.392850699999949,12.225607505882191,9.606794034782606,6.1596438541666565,5.910228294736874,6.926074838235311,6.65039423529414,7.533640628571435,5.520257157142877,5.768745637499992,6.988273748837227,10.35932467999998,6.460508589473735,10.239218971428498,9.4212240045455,10.930375947368384,5.712090904347881,9.88513476896556,5.896193390476262
HK,7.756457659175974,10.015152069716732,8.683499444444394,9.757355370370323,10.139819285185142,8.377280444444438,9.448016459694882,9.371715799220214,8.367561074074052,8.711664007407368,0.0,8.597447100284867,7.226371254480263,9.703309596296222,9.249136226579456,9.100934259259256,8.757909949629536,8.501274814814742,9.293017074074008,7.188310265795158,7.922830999999969,8.604583095238054,7.914282674074021,7.917665640640581,9.387702290448305,9.380478974658804,9.535655740740731,5.820592314814814,14.052821775599025,8.088615186795463,8.664788530092537,8.699228138401525,8.61552550054465,9.269527342047894,9.25841478835974,7.868222235449727,8.113583284722141,6.486659418604622,8.305522706666613,9.517416423001864,12.483599867724706,12.198483904882073,6.481072549707559,8.183463937197995,8.52323968007657,8.773033677248593
ID,5.404376159723371,7.4271864850678275,4.732787871794843,6.396644976470529,5.611762351282023,5.8888769384615545,8.184642236199048,6.420310038866389,3.708267810256364,6.073811600000008,8.597447100284867,0.0,6.6955828997518,5.455810152421625,7.361157091402659,8.888429772079755,3.946757030769205,4.523737974358927,5.968356148717919,5.493453609049735,4.7479786512820175,4.073259102564058,5.099544892307696,6.555070234927171,5.944193748178075,5.742842859109286,6.852254261538461,9.457916884615406,13.73971500723976,8.86600703946483,5.636712458012788,4.2445339773278725,5.938357224660614,5.301870228054258,8.192185268131828,5.653123816483471,3.9540606951922967,6.116696653667198,8.979476763076928,4.975620223481741,7.739759508424867,8.59770217657339,9.907401362752982,4.10456263210698,8.631075321750618,3.9082773758241434
IL,5.789846728887249,7.665964857684981,5.967139569892463,7.35308198292217,7.952751478494584,6.292998451612897,8.56204661290321,7.664527427843786,6.44324115053762,6.455910729032273,7.226371254480263,6.6955828997518,0.0,8.062524238112246,6.499880026565449,6.372947401433677,7.221216559999927,6.658545161290281,7.066575447311785,6.284242819734311,5.528857301075243,6.730120929339465,6.733084561290305,4.977136787271119,7.59717643746464,7.68367817657042,7.943647935483858,7.929861532258092,12.400668624288336,8.195988969144446,6.8798260450268645,6.624460382003349,7.415443090607166,7.223074711574912,6.0837252764976935,5.67623579493086,5.740282256048314,6.10207295198797,8.753910722580603,7.404217037351407,10.84560572196606,9.858202748533694,8.966734336162924,6.162657440392692,8.609583306451587,6.551301559139773
IN,5.109470289845977,7.1678065026143205,6.001262396296252,8.070554613289694,4.98460268148146,5.656710033333371,9.960913198474874,7.468466775243626,4.119600285185156,7.361084603703698,9.703309596296222,5.455810152421625,8.062524238112246,0.0,9.019419660348555,10.156426055555508,4.34167720222219,5.217715248148118,8.129129514814782,6.259043918300611,5.02666799629626,4.921139165608438,6.991763122222209,7.889463390490436,5.02346330389858,7.504066293762126,7.433974811111117,10.538385844444417,14.59629169172107,11.097697062318792,6.031156536574041,3.7926935148147902,6.278323207080592,4.536877413725456,9.685762475661315,6.009222274074025,4.235289829166656,7.164366662790614,10.922866076296293,5.82812349727091,8.226661603703624,9.676545521717133,10.475394344054507,5.206779619484676,10.174840959131505,4.765101787830671
IQ,7.097452187045596,7.035051411764657,6.623263039215687,7.795837588235253,8.266370860784269,7.458846000000001,9.80764841176467,7.804304801857555,7.264563784313712,7.026456105882377,9.249136226579456,7.361157091402659,6.499880026565449,9.019419660348555,0.0,5.954302342047897,8.18245816470583,7.815080705882318,7.102708803921516,7.67852576470586,6.784050686274508,7.846758467787087,7.174483047058804,5.996798100158941,8.863904382868913,7.826381987616064,8.562998941176454,10.16538226470588,12.768688294117627,9.649300984654692,7.11705021200975,7.452971879256933,9.172698514705834,8.088836176470565,5.840347386554589,6.8094287773108855,6.513291511029365,7.727816214774246,10.22901085411763,8.312759489164046,11.575664467787044,10.918317696524031,11.469189436532472,7.184108698209704,9.679575502028367,6.888187072829123
JO,7.883812134831429,8.885741296296255,7.911286296296233,9.104586775599085,9.7456076703703,8.057594185185147,10.724764901960704,9.392957543859584,8.701063851851826,8.191277599999973,9.100934259259256,8.888429772079755,6.372947401433677,10.156426055555508,5.954302342047897,0.0,9.516485263703643,8.937181666666586,8.545098844444384,8.433863078431315,7.369098148148139,9.026505820105749,7.882342503703661,5.876830370370326,9.710582163742671,9.347391307992158,9.800515481481469,9.913825092592566,13.231052745097942,9.88825145249594,8.543332372685144,8.644771033138346,10.039738608387768,9.150853915032638,5.574951851851815,7.476829378306901,7.699092937499919,8.470392075796667,10.268971315555508,9.5170785380116,12.919363650793482,11.689439327441034,11.057663042884911,8.38296086956516,10.094290374840313,8.290682275132216
JP,5.742028235056112,7.785350578823473,4.62718183999998,6.560454214117593,5.420252406666649,6.134091759999999,9.430270134117585,7.055776082105217,2.518227986666632,6.242636120000013,8.757909949629536,3.946757030769205,7.221216559999927,4.34167720222219,8.18245816470583,9.516485263703643,0.0,3.34335975999999,6.831947773333292,4.554948503529378,4.833606333333292,2.635134512380961,5.649877480000016,6.974893441080989,5.191073825263095,5.983342063157853,6.693845840000012,9.784616219999954,14.843877677646928,10.395995559999898,6.214403782499954,3.700761265263105,4.781144518235259,5.068592087058787,8.880159685714201,6.332524088571363,3.835450362499997,6.613926034418515,9.650519599999974,4.401618974736831,6.046520851428568,8.360725537272705,9.324390955789424,3.44446634956521,8.942681797931014,3.031918954285715
KG,5.851729494381999,7.60604254901954,4.759403333333285,6.262745196078377,6.087151899999966,6.008791333333311,8.5884655882352,6.735144473684164,3.840512333333284,6.281867666666714,8.501274814814742,4.523737974358927,6.658545161290281,5.217715248148118,7.815080705882318,8.937181666666586,3.34335975999999,0.0,6.758001133333214,5.042122901960736,5.130962333333298,2.3902892857142555,5.470593533333338,6.844918333333204,5.510671140350821,6.276626982456085,7.010059333333317,9.152395833333316,14.099484215686124,9.967141260869512,6.196476770833282,4.296312368420982,5.769605730392122,5.343002705882308,8.503716428571389,6.196483452380916,4.255018895833323,6.39606151162786,9.299344493333292,4.221534122806998,6.879275952380898,8.508087749999962,9.471309649122722,2.95453514492752,9.050591867816037,3.807773095238071
KH,6.340823655430668,7.360789768627401,5.660657333333262,6.90759534901954,7.341889566666634,6.831725533333299,8.343307505882226,6.281917473684122,5.969757199999982,6.244980000000004,9.293017074074008,5.968356148717919,7.066575447311785,8.129129514814782,7.102708803921516,8.545098844444384,6.831947773333292,6.758001133333214,0.0,7.284842388235237,6.150008666666615,6.715577942857052,5.722234399999953,6.484890940540461,7.269445915789415,5.552347757894705,6.96036386666663,9.666421033333284,12.861540462744996,8.645770568115905,6.054608612499953,6.465552982456066,7.970642046078421,6.925047356862715,8.06467232380943,6.374178252380921,6.013383295833298,6.727392812403063,9.809429279999966,7.044332126315671,10.453821142857,10.223398010606026,11.496335624561352,6.02817377971006,9.248063729885027,6.405916895238027
KR,5.918027207534658,7.725617999999971,5.74083799999998,7.449690294117594,6.53145808823527,6.356123411764721,8.804817470588207,7.4658425232198065,4.608747078431334,6.915500058823556,7.188310265795158,5.493453609049735,6.284242819734311,6.259043918300611,7.67852576470586,8.433863078431315,4.554948503529378,5.042122901960736,7.284842388235237,0.0,5.36419103921567,4.8693218067226764,5.63696224705884,6.581583836247962,6.598656915376644,6.567808501547952,7.4906348235294065,8.61106455882357,13.982933117647027,9.134777235294097,6.408194677696054,5.294261823529368,6.577756249999972,6.203080588235257,8.151340478991573,6.394745836134438,4.848063371323524,5.939258283173685,8.750588037647047,5.921350616099031,8.75579528571425,9.297612201871647,8.727345863777053,4.827132411764672,8.236118603448247,5.028545022408939
KW,3.2092734906366984,6.406114568627453,4.668286999999981,6.487985254901937,5.018275299999961,3.48057433333335,8.042499372549017,6.32083575438595,3.827747999999971,5.910585066666692,7.922830999999969,4.7479786512820175,5.528857301075243,5.02666799629626,6.784050686274508,7.369098148148139,4.833606333333292,5.130962333333298,6.150008666666615,5.36419103921567,0.0,4.794142952380936,5.442331599999987,5.37639077477472,5.06042238596491,6.0613032105262805,6.660649333333333,8.594311833333393,12.480197803921564,8.688475014492713,5.02995568749999,2.913729403508743,6.044226897058795,4.507729078431352,7.084641428571407,3.3322389761904496,2.196280145833298,5.2463246511628085,9.411558746666632,5.392585649122785,8.707125523809507,8.84500650757574,9.713687280701713,4.383709420289815,8.556880385057436,4.244689238095215
KZ,5.662361829855529,7.565129341736658,4.494560714285691,6.069313417366911,5.87146763333331,6.01370252380955,9.1413023249299,7.077662907268139,3.3265131428571206,6.206816761904836,8.604583095238054,4.073259102564058,6.730120929339465,4.921139165608438,7.846758467787087,9.026505820105749,2.635134512380961,2.3902892857142555,6.715577942857052,4.8693218067226764,4.794142952380936,0.0,5.425013295238136,6.673059999999929,5.382418521303222,6.086134889724274,6.743438666666688,9.559868690476222,14.507413137254773,10.17414486956517,6.223599419642817,3.9258091729322855,5.216237982492983,5.1495350308123,8.523155238095201,6.127384166666644,3.933330657738104,6.564488438538191,9.337301118095215,4.203021403508753,6.258361904761873,8.146321743506476,9.458669411027527,2.7511651345755515,9.020251894088643,3.181629999999988
LA,5.890549968539323,6.998457729411769,5.536809466666665,7.023404917647038,6.911370966666672,6.254684199999999,8.157117905882291,6.322331031578919,4.927772266666679,6.603276000000027,7.914282674074021,5.099544892307696,6.733084561290305,6.991763122222209,7.174483047058804,7.882342503703661,5.649877480000016,5.470593533333338,5.722234399999953,5.63696224705884,5.442331599999987,5.425013295238136,0.0,6.568935999999942,6.679021536842113,5.371754052631584,6.782964399999995,8.73402329999997,13.290294376470465,8.565519321739092,5.795365170833292,5.493192589473654,6.944843144117621,6.35318869411765,7.56736445714283,6.1117306142856815,5.194060762499996,5.847745227906938,8.211558399999957,5.952734021052648,9.071600342857153,9.697595368181837,9.960739399999964,4.887089234782614,8.504084189655183,5.290982571428589
LB,5.542291715760695,7.250227845786911,5.601549639639566,6.944348251192302,7.461228638738684,5.959151486486471,8.892898680445082,7.524989957325671,6.0514296756756405,5.705175048648666,7.917665640640581,6.555070234927171,4.977136787271119,7.889463390490436,5.996798100158941,5.876830370370326,6.974893441080989,6.844918333333204,6.484890940540461,6.581583836247962,5.37639077477472,6.673059999999929,6.568935999999942,0.0,7.304135964912267,7.241166024182004,7.455024594594559,8.994448040540536,12.488445421303688,8.83265000705048,6.321199974662097,6.221951578947312,7.597164259538918,6.879629608902976,5.861486332046279,5.485094623552101,5.571519059121533,6.60548240100563,9.599137233513453,7.405564694167735,10.270985379665346,9.635146042383262,10.177348837837782,6.173820975323045,9.33606214492072,6.2300685328184615
LK,5.045977861226088,7.068510758513896,6.0252303508771865,7.828246811145474,5.126504805263116,5.394970263157905,9.273767182662542,7.519924736842076,4.897266771929798,7.031174645614078,9.387702290448305,5.944193748178075,7.59717643746464,5.02346330389858,8.863904382868913,9.710582163742671,5.191073825263095,5.510671140350821,7.269445915789415,6.598656915376644,5.06042238596491,5.382418521303222,6.679021536842113,7.304135964912267,0.0,7.112930438596444,7.659849192982456,10.025829429824649,13.740123983488164,10.19825052479021,5.667570378289458,4.200752807017472,6.331704451238362,4.136038756449915,9.34951288220552,5.637866296992476,4.656655985745589,6.84410879232964,10.254007829473666,6.281258070175373,8.786763984962352,9.94321923564588,10.246263526315756,5.476476003051065,10.033063751058634,5.156791679197959
MM,6.431100549379046,7.631424080495303,5.855368350877155,7.511446256965882,7.056490478947317,6.996448000000019,7.684353767801772,5.784575736842069,5.372040508771883,6.827053736842131,9.380478974658804,5.742842859109286,7.68367817657042,7.504066293762126,7.826381987616064,9.347391307992158,5.983342063157853,6.276626982456085,5.552347757894705,6.567808501547952,6.0613032105262805,6.086134889724274,5.371754052631584,7.241166024182004,7.112930438596444,0.0,6.965230526315792,10.231046236842122,12.39187641176462,8.235163068649836,5.913170200657859,6.065060157894683,7.63782213390091,6.7739593219814,8.782457135338271,6.68995170300751,5.733687167763147,6.631795296205555,9.665760905263152,6.435087736842052,9.650935145363308,10.374839572966476,11.610361684210512,5.522105535469063,9.76899202087113,5.850667255639067
MN,6.710666258426958,7.804554294117636,5.807748999999978,7.332201529411756,7.599916833333325,7.301516999999979,9.30816552941172,7.299224526315756,5.590369333333348,5.785226799999992,9.535655740740731,6.852254261538461,7.943647935483858,7.433974811111117,8.562998941176454,9.800515481481469,6.693845840000012,7.010059333333317,6.96036386666663,7.4906348235294065,6.660649333333333,6.743438666666688,6.782964399999995,7.455024594594559,7.659849192982456,6.965230526315792,0.0,10.113261500000055,13.889799117647083,10.211162173912992,6.682773687499969,6.4631081052631165,6.448895544117657,7.138175058823529,9.05549928571429,6.700431928571404,6.434378562499983,7.357115953488346,11.16496027999997,6.8692647894736885,10.20127176190487,10.398218022727242,11.303177684210512,6.291626086956504,10.474402844827576,6.532681142857156
MO,8.620343005618004,10.63131338235294,9.142824166666715,10.505490147058872,10.639903400000009,8.802704499999976,8.970653382352832,9.293912763157891,9.239378833333369,9.392850699999949,5.820592314814814,9.457916884615406,7.929861532258092,10.538385844444417,10.16538226470588,9.913825092592566,9.784616219999954,9.152395833333316,9.666421033333284,8.61106455882357,8.594311833333393,9.559868690476222,8.73402329999997,8.994448040540536,10.025829429824649,10.231046236842122,10.113261500000055,0.0,13.558675147058729,8.74601006521739,9.523735729166702,9.405275131578962,9.109419338235307,9.839557794117702,10.170090357142945,8.69820285714287,8.887926562499954,7.621797965116286,9.346111579999972,9.775881184210537,13.269046547619146,12.729675113636398,8.269633552631548,8.768851630434748,9.477796448275866,9.586469404761932
MV,11.93273117647051,12.85537617647055,12.688505294117576,13.961412941176407,13.627098845097974,11.982287470588128,11.455152941176332,11.188384984520004,13.910495843137191,12.225607505882191,14.052821775599025,13.73971500723976,12.400668624288336,14.59629169172107,12.768688294117627,13.231052745097942,14.843877677646928,14.099484215686124,12.861540462744996,13.982933117647027,12.480197803921564,14.507413137254773,13.290294376470465,12.488445421303688,13.740123983488164,12.39187641176462,13.889799117647083,13.558675147058729,0.0,12.455734086956502,11.64006308210782,13.04981278637776,14.56600457352932,13.428202529411786,12.946497815125989,11.563775357142818,12.775009878676384,12.053177879616834,15.099417268235175,14.146310990711914,18.20599285714265,16.881677661764645,16.457408690402378,13.707898209718554,15.276273927991827,14.081537647058711
MY,8.357474618466027,10.173775445012735,9.374616463768104,10.427333560102271,10.887610546376765,8.985868391304333,6.82122936061378,8.374445592677315,9.677265478260829,9.606794034782606,8.088615186795463,8.86600703946483,8.195988969144446,11.097697062318792,9.649300984654692,9.88825145249594,10.395995559999898,9.967141260869512,8.645770568115905,9.134777235294097,8.688475014492713,10.17414486956517,8.565519321739092,8.83265000705048,10.19825052479021,8.235163068649836,10.211162173912992,8.74601006521739,12.455734086956502,0.0,8.411300200181108,9.667491963386691,10.217112379155989,10.133931058823512,9.843036832298106,8.273482326086919,9.06664600271732,6.477987563195118,8.991530615652122,10.579486347826023,14.041982492753538,13.213695078063235,10.249264574370684,9.458415391304312,10.052978994752609,10.05213233540371
NP,4.5450203101591535,5.755718511029376,5.609463854166635,7.155682138480341,5.3180833208332965,5.300287270833326,7.830703535539143,5.085769950657852,5.274534895833311,6.1596438541666565,8.664788530092537,5.636712458012788,6.8798260450268645,6.031156536574041,7.11705021200975,8.543332372685144,6.214403782499954,6.196476770833282,6.054608612499953,6.408194677696054,5.02995568749999,6.223599419642817,5.795365170833292,6.321199974662097,5.667570378289458,5.913170200657859,6.682773687499969,9.523735729166702,11.64006308210782,8.411300200181108,0.0,4.85596547697365,7.127281295343123,5.152877677696049,7.963476651785673,4.814280907738069,4.7864270833332965,5.615652502422424,9.817029482499962,6.258333283991177,9.7649504017857,9.897465176136322,10.820484128289408,5.614790747282549,9.304536141522965,5.804606532738057
OM,3.577775434654027,6.1453120278637074,4.321838070175386,6.336712538699652,3.92435596315784,3.5537559473684843,8.681080650154728,6.412062105263105,2.8366004912280363,5.910228294736874,8.699228138401525,4.2445339773278725,6.624460382003349,3.7926935148147902,7.452971879256933,8.644771033138346,3.700761265263105,4.296312368420982,6.465552982456066,5.294261823529368,2.913729403508743,3.9258091729322855,5.493192589473654,6.221951578947312,4.200752807017472,6.065060157894683,6.4631081052631165,9.405275131578962,13.04981278637776,9.667491963386691,4.85596547697365,0.0,5.5613831277089325,3.5310542291021343,7.951997744360895,4.006698327067653,2.1678139243420835,5.977153145654801,9.883406875789415,4.557853684210436,7.655749122806884,8.603567405502346,9.98433489473682,3.760193684210473,9.094571329401036,3.2893466917292864
PH,6.33079686335093,8.628727132352905,6.495054289215657,8.218805455882304,7.23126155392152,6.7944057500000286,9.441952779411707,7.893434229876155,5.17951834803918,6.926074838235311,8.61552550054465,5.938357224660614,7.415443090607166,6.278323207080592,9.172698514705834,10.039738608387768,4.781144518235259,5.769605730392122,7.970642046078421,6.577756249999972,6.044226897058795,5.216237982492983,6.944843144117621,7.597164259538918,6.331704451238362,7.63782213390091,6.448895544117657,9.109419338235307,14.56600457352932,10.217112379155989,7.127281295343123,5.5613831277089325,0.0,6.569011632352911,9.67637484243694,6.838587523109226,5.528402150735279,6.7170517588918885,10.014388314705858,6.75726198529408,8.671919639355664,9.80701977005344,8.58995594504643,5.6590340594628925,9.892483901115584,5.424104163165243
PK,4.290623757435524,5.898312470588205,5.374654647058802,7.207079764705842,4.029550284313713,4.659315529411785,9.113260470588177,6.8415767523219415,4.220931274509768,6.65039423529414,9.269527342047894,5.301870228054258,7.223074711574912,4.536877413725456,8.088836176470565,9.150853915032638,5.068592087058787,5.343002705882308,6.925047356862715,6.203080588235257,4.507729078431352,5.1495350308123,6.35318869411765,6.879629608902976,4.136038756449915,6.7739593219814,7.138175058823529,9.839557794117702,13.428202529411786,10.133931058823512,5.152877677696049,3.5310542291021343,6.569011632352911,0.0,8.676105126050373,5.0288810042016605,3.708410944852932,6.651503157318693,10.221311211764688,5.61590866563463,8.821031411764647,9.460971089572151,10.588821575851348,4.863057115089487,9.664882287018242,4.85917098599437
PS,7.588477784911715,8.252892899159633,7.133918809523799,8.307006554621836,9.102621947619005,7.82431614285712,10.287779159663792,8.831002631578913,7.987667999999989,7.533640628571435,9.25841478835974,8.192185268131828,6.0837252764976935,9.685762475661315,5.840347386554589,5.574951851851815,8.880159685714201,8.503716428571389,8.06467232380943,8.151340478991573,7.084641428571407,8.523155238095201,7.56736445714283,5.861486332046279,9.34951288220552,8.782457135338271,9.05549928571429,10.170090357142945,12.946497815125989,9.843036832298106,7.963476651785673,7.951997744360895,9.67637484243694,8.676105126050373,0.0,7.123525357142839,7.2087074732142,8.21942717607972,10.588707359999969,9.082761654135304,12.338065238095218,11.11667173701293,11.2941517819548,7.835238322981342,10.11024751477829,7.607589523809506
QA,2.715144345906891,5.890262584033606,5.309481309523793,6.606587584033575,5.570708771428534,3.449697785714266,7.75889086134449,6.394944981202983,5.166472357142832,5.520257157142877,7.868222235449727,5.653123816483471,5.67623579493086,6.009222274074025,6.8094287773108855,7.476829378306901,6.332524088571363,6.196483452380916,6.374178252380921,6.394745836134438,3.3322389761904496,6.127384166666644,6.1117306142856815,5.485094623552101,5.637866296992476,6.68995170300751,6.700431928571404,8.69820285714287,11.563775357142818,8.273482326086919,4.814280907738069,4.006698327067653,6.838587523109226,5.0288810042016605,7.123525357142839,0.0,3.825259258928496,5.22501022425249,9.695547099999976,6.553025281954854,10.145490119047604,9.53701111363632,10.15372524436088,5.515392499999946,9.14460575369452,5.765243690476179
SA,3.311698565308913,6.126467444852875,4.234762062499961,6.078989672794035,4.27494416249998,3.781976562499998,8.167189540441065,5.971979042763102,2.970993520833313,5.768745637499992,8.113583284722141,3.9540606951922967,5.740282256048314,4.235289829166656,6.513291511029365,7.699092937499919,3.835450362499997,4.255018895833323,6.013383295833298,4.848063371323524,2.196280145833298,3.933330657738104,5.194060762499996,5.571519059121533,4.656655985745589,5.733687167763147,6.434378562499983,8.887926562499954,12.775009878676384,9.06664600271732,4.7864270833332965,2.1678139243420835,5.528402150735279,3.708410944852932,7.2087074732142,3.825259258928496,0.0,5.573566547965029,9.283193377500012,4.4389320098684015,7.769564258928512,8.313218335227262,9.62816262171051,3.572915850543464,8.434981984913767,3.283522723214303
SG,4.932914815782574,7.349285314637463,6.618496124030992,7.967424938440457,7.438847884496048,5.817934953488396,6.239521244870003,6.417333684210511,5.903060108527128,6.988273748837227,6.486659418604622,6.116696653667198,6.10207295198797,7.164366662790614,7.727816214774246,8.470392075796667,6.613926034418515,6.39606151162786,6.727392812403063,5.939258283173685,5.2463246511628085,6.564488438538191,5.847745227906938,6.60548240100563,6.84410879232964,6.631795296205555,7.357115953488346,7.621797965116286,12.053177879616834,6.477987563195118,5.615652502422424,5.977153145654801,6.7170517588918885,6.651503157318693,8.21942717607972,5.22501022425249,5.573566547965029,0.0,8.608325926511553,7.246272851897126,10.622656101882418,10.497307719344557,8.830505252141892,6.124675116279037,8.677233020449044,6.67994284606864
TH,9.58660033528084,11.095907898823484,9.915080359999957,11.202620832941127,11.194525686666642,9.95362352,10.171083616470495,10.476360970526256,9.682562239999973,10.35932467999998,8.305522706666613,8.979476763076928,8.753910722580603,10.922866076296293,10.22901085411763,10.268971315555508,9.650519599999974,9.299344493333292,9.809429279999966,8.750588037647047,9.411558746666632,9.337301118095215,8.211558399999957,9.599137233513453,10.254007829473666,9.665760905263152,11.16496027999997,9.346111579999972,15.099417268235175,8.991530615652122,9.817029482499962,9.883406875789415,10.014388314705858,10.221311211764688,10.588707359999969,9.695547099999976,9.283193377500012,8.608325926511553,0.0,10.537507145263126,12.833680474285682,13.194954557272716,9.242028063157854,9.284925935652124,9.250324854482727,9.631978763809483
TJ,6.098824648137169,7.629571253869915,4.817791929824513,6.666369504643907,5.879262966666636,6.372904684210513,9.129498916408568,6.707768421052583,3.839151859649068,6.460508589473735,9.517416423001864,4.975620223481741,7.404217037351407,5.82812349727091,8.312759489164046,9.5170785380116,4.401618974736831,4.221534122806998,7.044332126315671,5.921350616099031,5.392585649122785,4.203021403508753,5.952734021052648,7.405564694167735,6.281258070175373,6.435087736842052,6.8692647894736885,9.775881184210537,14.146310990711914,10.579486347826023,6.258333283991177,4.557853684210436,6.75726198529408,5.61590866563463,9.082761654135304,6.553025281954854,4.4389320098684015,7.246272851897126,10.537507145263126,0.0,7.90775338345861,9.288702077751186,11.073590999999908,3.505962356979385,9.68047669419236,4.306224786967403
TM,9.705422546816406,11.487066764705764,8.370276428571414,9.136967759103555,9.31399604285711,10.016801380952398,13.132217787114673,10.7422979949874,6.741205238095226,10.239218971428498,12.483599867724706,7.739759508424867,10.84560572196606,8.226661603703624,11.575664467787044,12.919363650793482,6.046520851428568,6.879275952380898,10.453821142857,8.75579528571425,8.707125523809507,6.258361904761873,9.071600342857153,10.270985379665346,8.786763984962352,9.650935145363308,10.20127176190487,13.269046547619146,18.20599285714265,14.041982492753538,9.7649504017857,7.655749122806884,8.671919639355664,8.821031411764647,12.338065238095218,10.145490119047604,7.769564258928512,10.622656101882418,12.833680474285682,7.90775338345861,0.0,10.706803858225022,12.775916724310685,7.113244616977132,12.53503814039406,6.747385238095187
TR,9.407149679519884,11.15681115374329,8.480684992424235,6.999011993315468,10.013979859090885,9.751011022727296,12.69671837566838,10.777110235645898,8.002654280303018,9.4212240045455,12.198483904882073,8.59770217657339,9.858202748533694,9.676545521717133,10.918317696524031,11.689439327441034,8.360725537272705,8.508087749999962,10.223398010606026,9.297612201871647,8.84500650757574,8.146321743506476,9.697595368181837,9.635146042383262,9.94321923564588,10.374839572966476,10.398218022727242,12.729675113636398,16.881677661764645,13.213695078063235,9.897465176136322,8.603567405502346,9.80701977005344,9.460971089572151,11.11667173701293,9.53701111363632,8.313218335227262,10.497307719344557,13.194954557272716,9.288702077751186,10.706803858225022,0.0,13.46943820454541,8.151632046442677,12.139159599529728,8.146471795454545
TW,10.012836696037803,12.236949653250706,10.66984012280694,12.191496616099036,11.713101215789438,10.171344947368407,11.614534176470514,11.5026933157894,10.049928052631495,10.930375947368384,6.481072549707559,9.907401362752982,8.966734336162924,10.475394344054507,11.469189436532472,11.057663042884911,9.324390955789424,9.471309649122722,11.496335624561352,8.727345863777053,9.713687280701713,9.458669411027527,9.960739399999964,10.177348837837782,10.246263526315756,11.610361684210512,11.303177684210512,8.269633552631548,16.457408690402378,10.249264574370684,10.820484128289408,9.98433489473682,8.58995594504643,10.588821575851348,11.2941517819548,10.15372524436088,9.62816262171051,8.830505252141892,9.242028063157854,11.073590999999908,12.775916724310685,13.46943820454541,0.0,9.82459499999992,9.980468777676922,9.89302467919794
UZ,5.188627474352684,7.0279357161124825,3.8949059420289447,5.619853145780014,5.4302680999999735,5.31944317391303,8.332507544756934,6.304033066361505,3.147587101449239,5.712090904347881,8.183463937197995,4.10456263210698,6.162657440392692,5.206779619484676,7.184108698209704,8.38296086956516,3.44446634956521,2.95453514492752,6.02817377971006,4.827132411764672,4.383709420289815,2.7511651345755515,4.887089234782614,6.173820975323045,5.476476003051065,5.522105535469063,6.291626086956504,8.768851630434748,13.707898209718554,9.458415391304312,5.614790747282549,3.760193684210473,5.6590340594628925,4.863057115089487,7.835238322981342,5.515392499999946,3.572915850543464,6.124675116279037,9.284925935652124,3.505962356979385,7.113244616977132,8.151632046442677,9.82459499999992,0.0,8.446721813343277,3.30194809523809
VN,9.011437745641176,10.58533391987827,8.78261415517238,10.28763475152126,10.072589011494234,9.262188155172431,10.951371311359008,10.274773752268592,8.477483005747091,9.88513476896556,8.52323968007657,8.631075321750618,8.609583306451587,10.174840959131505,9.679575502028367,10.094290374840313,8.942681797931014,9.050591867816037,9.248063729885027,8.236118603448247,8.556880385057436,9.020251894088643,8.504084189655183,9.33606214492072,10.033063751058634,9.76899202087113,10.474402844827576,9.477796448275866,15.276273927991827,10.052978994752609,9.304536141522965,9.094571329401036,9.892483901115584,9.664882287018242,10.11024751477829,9.14460575369452,8.434981984913767,8.677233020449044,9.250324854482727,9.68047669419236,12.53503814039406,12.139159599529728,9.980468777676922,8.446721813343277,0.0,8.793640321018026
YE,5.39092131086142,7.048657408963555,4.30302523809522,6.131146106442543,5.084724014285693,5.654294142857176,9.253185154061532,6.650059072681685,2.8166683809523656,5.896193390476262,8.773033677248593,3.9082773758241434,6.551301559139773,4.765101787830671,6.888187072829123,8.290682275132216,3.031918954285715,3.807773095238071,6.405916895238027,5.028545022408939,4.244689238095215,3.181629999999988,5.290982571428589,6.2300685328184615,5.156791679197959,5.850667255639067,6.532681142857156,9.586469404761932,14.081537647058711,10.05213233540371,5.804606532738057,3.2893466917292864,5.424104163165243,4.85917098599437,7.607589523809506,5.765243690476179,3.283522723214303,6.67994284606864,9.631978763809483,4.306224786967403,6.747385238095187,8.146471795454545,9.89302467919794,3.30194809523809,8.793640321018026,0.0
