ISO_CODE,AO,BF,BI,BJ,BW,CD,CF,CG,CI,CM,CV,DJ,DZ,EG,ER,ET,GA,GH,GM,GN,GQ,GW,KE,KM,LR,LS,LY,MA,MG,ML,MR,MU,MW,MZ,NA,NE,NG,RE,RW,SC,SL,SN,SO,SS,ST,SZ,TD,TG,TN,TZ,UG,YT,ZA,ZM,ZW
AO,0.0,16.86844742063485,10.389275000000048,9.582080357142829,24.20573456260023,8.985582857142825,12.902801071428591,9.460754325396774,11.119209270186335,10.172952767857142,12.823549500000054,11.750014166666666,12.97418773809519,19.18993526833979,14.424094015679444,9.692867827380882,9.923776742424211,12.022661468253904,10.75113988095239,10.754030912698422,15.73785962454213,12.464209587912094,13.26939751006028,12.250561785714282,10.203299775132267,12.724756762672827,24.598566392857112,14.865303732142882,12.27543726190478,10.41111821428574,10.600225317460325,29.642299023809425,10.746143668831149,9.149344428571467,17.79372226190479,10.990557499999996,10.855899821428537,25.069582559523734,10.536195255102054,23.203563170995523,13.377512608958853,10.012571116071449,10.962803214285715,14.17183464285718,13.14919964285712,11.432438373015858,11.87746101648352,9.573264182027652,22.289059220321874,12.014029880952364,12.028914741379284,14.804657649501658,10.986292710083994,12.884853293650794,11.478424642857128
BF,16.86844742063485,0.0,15.091394419191856,12.406798181818155,26.863068278288484,13.966484848484724,17.238336363636243,14.269061471861384,12.29440416556871,13.584423396464668,20.301323474747434,16.706098484848376,17.376550672438565,22.353291557466545,19.89818612958856,15.383028011363486,14.026747979797909,15.72462031986518,15.919805303030143,13.184941060606125,20.13549953379953,18.082088966588856,16.45135290795267,17.529502669552535,15.577957912457798,17.221731247963433,24.84910102272717,19.064349167929265,16.074883578643522,12.174804078282817,15.120857196969537,31.369330949495083,16.194878535353393,15.959071914141507,21.060403131313123,12.770652283706518,14.682329813636304,28.272726452020127,15.599116821273888,27.482740404040584,18.135081698339334,13.285158424873767,15.564064393939391,17.8441785353535,19.82634308603271,16.819369696969602,17.07577109557095,13.815435174323833,25.597867737942643,15.502831111111044,15.96462267502613,19.129162391355354,17.406020505644626,17.09497590909089,15.79839766081859
BI,10.389275000000048,15.091394419191856,0.0,7.666800681818162,25.03102132022465,6.999305000000011,9.871522954545428,7.709589880952333,9.975535543478305,8.124183750000034,14.258957500000056,8.872188055555487,13.415420166666546,20.11455193243254,12.142338353658602,7.048218541666636,8.817014469696938,10.72507027777768,7.515855833333338,8.396475833333295,13.874694679487265,9.97851211538455,12.044470387323846,9.438134642857117,6.983396574074032,10.62358427419352,25.14865474999989,15.181042750000012,11.486190357142869,8.413801249999977,8.031766666666657,30.95957150000024,8.237077954545388,9.65409900000006,17.56476416666668,7.642078369565225,8.810495649999988,26.954147083333144,7.0481997448979445,23.714140833333275,11.163521737288194,8.683132187500046,7.912990833333368,10.991247499999988,12.103843534482753,9.56380027777773,9.72179288461534,7.0141678225806565,24.38270728873217,9.517203928571428,10.323011465517252,13.90103784883725,11.033870676470546,12.44965250000001,9.59118223684204
BJ,9.582080357142829,12.406798181818155,7.666800681818162,0.0,25.503315546476014,5.823712500000002,9.919243636363571,6.681356190476151,7.054754130434776,6.784461363636384,14.977643636363709,9.443594444444397,13.178748173160065,19.83517438574942,11.313517649667313,6.929698958333248,7.607665151515087,10.266440286195186,7.733526818181791,8.046910858585818,12.389893473193377,9.745406573426497,11.403269487836011,8.934555454545366,7.987390235690197,10.147168445747765,24.71642652272716,14.745393852272786,11.31699930735929,6.992207386363634,7.77102345959595,30.969566181818468,7.716943181818105,9.681815136363706,17.64570333333337,6.838116640316164,8.23348013181815,26.50232882575748,7.058349090909078,23.89617090909093,12.398485701078563,6.693380653409084,8.68046484848485,12.373971363636338,11.97217072100305,9.313532727272666,8.640274545454455,5.164033225806435,23.907516888604288,9.18322627705624,10.60199009404388,12.91940156448196,10.796456390374289,11.724446919191903,8.949512057416229
BW,24.20573456260023,26.863068278288484,25.03102132022465,25.503315546476014,0.0,25.970725739700114,27.9858985699692,25.89018145175668,24.82409134098672,24.84204405898864,24.98889006741566,27.742664107365563,23.36648975708923,25.16737363346498,31.809727678815893,26.70704176264056,25.141784252638608,21.907402532251275,26.465478370786297,23.851502977528,31.74488035148348,29.69123604148641,21.87743382022459,29.60392945425345,24.63116974615057,23.00279427328732,27.691372530898693,24.660527480336963,21.58660447298013,24.43659514044941,26.683692431335796,26.61264474906375,26.480398646577992,22.14040187078643,20.406831385767745,25.031089081582657,22.948443938763944,27.61703658707856,27.191493579454164,29.388387436159245,21.512551818701198,25.496919996488607,24.012982397003647,23.37963578651677,30.503665323517804,25.125233083645263,29.679766292134683,26.71291480608911,23.96141035132129,23.44881974852858,20.53005346764814,29.315074915076917,21.98249520885662,20.16903011860175,23.063336510940267
CD,8.985582857142825,13.966484848484724,6.999305000000011,5.823712500000002,25.970725739700114,0.0,9.290279090909031,5.313887063492023,8.255368478260856,6.728329583333329,15.029265833333278,8.660336111111077,13.463260476190394,20.100755013513467,10.313128008129931,5.4295022916666325,7.686969318181748,10.225357314814694,7.121543333333342,7.873344722222159,11.795732179487022,9.14121929487172,11.626511830985825,8.147410714285675,7.434747870370373,10.155083198924622,25.235001749999856,15.176912875000037,11.603319642857157,7.118780416666698,7.209435000000009,31.900482499999995,7.029622272727221,9.1984156666667,18.022649999999945,7.308987173913043,8.096521616666656,27.519812083333264,6.244794795918373,24.15163734848464,11.79598418079082,7.043406562500008,8.056438333333348,11.93696583333328,11.43366054597686,8.758610833333265,7.732013076923046,5.409052311827978,24.50172355633787,8.772030833333295,10.398977499999935,12.966170775193604,10.753988127450926,11.93602833333325,8.15162907894736
CF,12.902801071428591,17.238336363636243,9.871522954545428,9.919243636363571,27.9858985699692,9.290279090909031,0.0,9.568858152958104,12.079984525691698,10.846052727272763,16.82550290909085,9.729308585858654,15.947440069263935,22.205430921376,13.68878403547679,9.307358503787771,11.204371212121188,14.108943080807942,9.88276994949502,11.668648939393965,14.695315151515194,10.044851748251745,14.781760140844924,10.089603246753304,10.54605959595964,12.999310557184776,27.255246749999746,17.91863231818179,14.341340606060577,11.24600000000002,10.257189267676692,32.70422618181841,10.762293181818146,12.935062863636483,20.667855151515106,10.627627075098742,11.886003131818152,28.56717291666647,9.660685714285776,23.88944242424237,15.015389676425364,11.213828323863687,11.338701666666706,13.634883181818156,12.496900626959333,10.820981818181886,10.036140559440575,9.006231818181847,26.232302624839928,12.568530909090878,14.117198808777442,13.83324397463014,13.01751665775392,15.705720353535414,12.16980066985636
CG,9.460754325396774,14.269061471861384,7.709589880952333,6.681356190476151,25.89018145175668,5.313887063492023,9.568858152958104,0.0,8.65164898895786,7.074800009920603,14.53086057142854,8.773876984126929,13.26156063492055,19.75957652552556,11.500915021292917,6.643312946428471,6.694488528138436,10.78301097883585,7.386776587301571,8.122249444444371,12.731219902319744,9.732258241758132,12.362908166778316,8.843842063491952,7.671168783068754,10.662105069124369,24.86675568650778,15.019823994047638,11.559864444444406,7.774549464285665,7.374052579365047,31.011321841270146,8.398962662337546,9.63514546825401,18.06986539682544,7.848924120082809,8.579645759523757,26.40602073412698,7.182727210884315,23.592145021645184,12.072982351358624,7.488179449404736,8.506026269841204,12.429924206349112,11.627893377120836,9.239334920634825,8.55724273504262,5.4330314132104105,24.033967290408977,10.13526444444439,11.195823218390755,12.810813990402265,10.933906127917757,12.72576595238096,9.604132598161955
CI,11.119209270186335,12.29440416556871,9.975535543478305,7.054754130434776,24.82409134098672,8.255368478260856,12.079984525691698,8.65164898895786,0.0,7.383861820652173,15.31968691304344,11.710652294685968,13.142950262939884,18.49966850528786,14.223851320254406,9.844903070652109,8.847172602107992,11.235359452495896,10.736968164251223,8.552755314009653,14.918024743589646,12.623901153846088,11.808119874464095,12.011904503105535,10.439211924315613,12.623392727910211,23.105301554347854,14.584759831521785,11.394247815734982,7.960288586956516,10.310513079710118,28.690095840579765,11.033954782608625,10.689416413043537,17.4520912318841,8.8918810869565,9.544052636956469,25.159598170289797,10.506548061224484,23.101971982872172,13.986609885777488,7.506175774456521,10.828604565217388,14.0568104347826,14.067518253373244,11.500166207729412,11.688571555183875,8.547460918653568,21.881050168401597,11.26518632505173,11.726163800599672,14.026122542972654,11.697604439897685,12.551053236714967,11.188808043478202
CM,10.172952767857142,13.584423396464668,8.124183750000034,6.784461363636384,24.84204405898864,6.728329583333329,10.846052727272763,7.074800009920603,7.383861820652173,0.0,14.7776495,10.604393958333322,12.702911488095127,18.86417765202704,12.72586597560983,7.522395208333312,7.812067481060588,9.499401620370334,8.552020277777782,7.383512638888827,13.976679583333397,11.498565865384665,11.08635232394358,10.533140625000032,8.451805671296276,11.007342177419364,23.377266124999885,14.28162087499997,11.050301041666645,7.6119187500000285,8.774811111111116,30.33386733333333,9.192733181818168,9.812518875000062,17.712208958333363,8.045927065217384,7.3970587,26.1568912499998,8.235735854591866,23.248026174242412,11.951307086864423,6.924569687500009,8.681536041666678,11.96054687500004,13.078416163793143,9.678485416666678,10.468146057692325,7.114883487903245,22.861832059858955,9.52125669642854,9.957429116379268,14.114850668604712,11.385244477941107,11.289673541666671,9.596183684210493
CV,12.823549500000054,20.301323474747434,14.258957500000056,14.977643636363709,24.98889006741566,15.029265833333278,16.82550290909085,14.53086057142854,15.31968691304344,14.7776495,0.0,15.64185533333333,15.179921523809472,20.05244516216216,20.54775658536581,15.657016541666588,14.124370363636306,16.323938999999903,15.011056555555514,14.834171444444548,21.477278871794816,17.212151692307632,16.78862949295769,17.343008857142788,14.0386219259259,16.881019096774164,24.703648749999815,16.10182000000005,14.84335257142858,14.765926750000071,15.621220499999884,28.13663333333345,16.233408818181747,13.79558350000011,19.35097533333329,15.333628086956471,15.29048014999994,24.05812508333321,15.932813142857098,23.03081878787876,16.289334644067868,14.927676312500012,14.72615833333332,16.447756999999882,17.705082206896464,16.16834533333331,17.282867692307633,15.013367935483837,22.21627523943644,16.873530380952374,15.294192827586244,18.571298697674287,14.510000176470587,16.96473500000004,16.674481684210484
DJ,11.750014166666666,16.706098484848376,8.872188055555487,9.443594444444397,27.742664107365563,8.660336111111077,9.729308585858654,8.773876984126929,11.710652294685968,10.604393958333322,15.64185533333333,0.0,14.47947926984114,21.187246759759773,12.349114769647713,8.215526319444303,10.25974848484839,13.314512777777631,8.54097500000005,10.977606111111095,13.718442307692325,9.174361111111152,14.059507887323802,8.464092063492096,9.686468518518533,12.167800179211488,26.28918091666647,16.5134735138889,13.739843015872976,10.232264722222212,8.724073611111061,31.87827622222252,9.801931565656531,12.084926500000094,19.8040377777778,9.575698067632809,11.440258261111032,27.464943749999986,8.614655895691646,24.09269747474765,14.372465630885184,10.057502187500011,9.955907222222216,12.552501666666638,12.39555000000004,9.890905555555603,8.803117521367554,8.261930465949849,25.29483054773067,11.624194920634851,13.65170808429118,13.01634250646,12.38592381045742,15.05950277777781,11.63601584795312
DZ,12.97418773809519,17.376550672438565,13.415420166666546,13.178748173160065,23.36648975708923,13.463260476190394,15.947440069263935,13.26156063492055,13.142950262939884,12.702911488095127,15.179921523809472,14.47947926984114,0.0,13.75574036164731,18.98057233449467,13.832336910714211,12.65529218181804,13.299365920634877,13.979750777777662,12.46558595238085,20.274744615384517,16.901010652014513,14.138232205231292,16.489471238095092,13.265644783068655,15.45103318893996,17.991322821428604,10.85409388690471,12.842737238095156,12.675075309523685,12.784033071428494,26.571100761904685,15.052247086579952,12.395782833333271,17.488077714285676,13.389862426500944,12.773754378571358,23.22613001190477,14.987000829931851,22.59546036363628,15.107591021791649,12.466720431547506,12.037289571428484,14.793291761904667,18.023328233168996,14.973238412698253,16.347950219780067,13.898693376343996,16.48504469885975,14.361856095238023,13.198925064039347,17.15590749058678,12.876546249299672,14.792975285714231,14.467951368420952
EG,19.18993526833979,22.353291557466545,20.11455193243254,19.83517438574942,25.16737363346498,20.100755013513467,22.205430921376,19.75957652552556,18.49966850528786,18.86417765202704,20.05244516216216,21.187246759759773,13.75574036164731,0.0,25.465796372445773,20.62605453265768,19.06339499836201,19.07793265065062,20.72568169369379,18.83330255255255,26.453938679833843,23.3360875446986,18.55407789303383,23.307273664092776,19.69761839539541,21.453824358326127,16.828373831081098,15.676267422297247,18.319999983269,18.89157782432434,19.65363262012021,26.042826369369475,21.54711904668308,18.775877770270263,21.5246934324324,19.86925840540548,18.78171485270262,23.979795885135143,21.42961482129078,25.820720059787178,21.06822579157124,18.42286436993241,18.71897184684686,21.075831405405523,24.002506179869595,21.065118669669687,23.063482542619614,20.5843045919791,16.678586757898653,20.287589664092685,18.66944391332709,23.0093640056569,18.086625888712152,19.89300094294291,20.473481145092503
ER,14.424094015679444,19.89818612958856,12.142338353658602,11.313517649667313,31.809727678815893,10.313128008129931,13.68878403547679,11.500915021292917,14.223851320254406,12.72586597560983,20.54775658536581,12.349114769647713,18.98057233449467,25.465796372445773,0.0,8.486865665650264,13.372471951219438,15.794557845528228,10.536592208672074,14.5568888482385,9.481186991869873,9.813150093808575,16.86215347646845,8.461114111498233,12.246718066847295,13.84290188827697,30.811127884146053,20.49123464329264,17.36735744483151,13.344068628048833,11.149669139566257,37.16464715447155,10.272475886917864,14.97328176829286,23.66305609756092,12.97889008483542,13.399022957317047,32.536634908536406,8.59909357889493,28.291354028085824,17.415804836709423,12.484921028963514,12.90548869918698,17.29856939024378,12.174776703111856,11.704033062330645,8.943064352720409,9.71441994492525,30.304545121951143,13.09188009291512,16.085141312026884,15.814649461145864,15.573052500717248,17.8193811517615,12.839847881899711
ET,9.692867827380882,15.383028011363486,7.048218541666636,6.929698958333248,26.70704176264056,5.4295022916666325,9.307358503787771,6.643312946428471,9.844903070652109,7.522395208333312,15.657016541666588,8.215526319444303,13.832336910714211,20.62605453265768,8.486865665650264,0.0,8.887159109848396,10.08780340277769,5.480170069444385,8.935515902777665,10.614766330128056,8.242648028846002,11.557961921948229,7.017989910714156,7.071814050925812,9.127562291666548,26.005674041666797,15.675023833333352,11.934165505952304,8.015669791666653,6.650489097222152,32.921685125000266,6.248231647727176,9.45342370833338,18.78878937500001,8.072670715579632,7.516736741666681,28.522501458333284,4.345718295068008,24.585692443181944,11.414101260593078,7.794229479166659,7.113873124999945,11.57455562499994,10.664105610632,7.585667847222095,7.060151137820379,5.625314079301006,25.51003822476515,7.90355032738089,10.260893254310275,13.0208210319766,10.823858325980318,12.355012430555472,7.80051253289465
GA,9.923776742424211,14.026747979797909,8.817014469696938,7.607665151515087,25.141784252638608,7.686969318181748,11.204371212121188,6.694488528138436,8.847172602107992,7.812067481060588,14.124370363636306,10.25974848484839,12.65529218181804,19.06339499836201,13.372471951219438,8.887159109848396,0.0,11.339175505050411,9.233119949494922,8.825186313131253,14.494441142191056,11.41003484848477,12.541947725138629,10.812629870129788,8.640724747474692,11.920390371456444,23.89312667424233,14.570631458333333,11.30233138528136,8.81568439393932,8.396911489898912,29.34665496969707,10.076543181818062,10.060099833333338,17.364691515151527,8.964621475625792,9.51140769848478,24.58998200757569,9.049882591218235,22.70586818181815,12.70453443759636,8.370724308712086,9.585144393939348,13.186615909090854,12.949984587251754,10.73304292929286,10.71949265734257,7.287707429129944,22.74620886043525,11.125677186147144,11.569551044932044,13.554504545454527,11.008011727272653,12.88294722222224,10.739870031897846
GH,12.022661468253904,15.72462031986518,10.72507027777768,10.266440286195186,21.907402532251275,10.225357314814694,14.108943080807942,10.78301097883585,11.235359452495896,9.499401620370334,16.323938999999903,13.314512777777631,13.299365920634877,19.07793265065062,15.794557845528228,10.08780340277769,11.339175505050411,0.0,11.03536259259248,10.637392962962872,17.384371353276133,14.732786225071049,10.337923059467862,13.949875317460124,10.20741055555547,11.12301030465937,23.190127324074016,15.427777657407448,10.559223042328002,10.56108351851844,11.655478981481403,29.732505592592663,11.23525080808069,10.847980574074072,17.379319074074022,10.87768408212548,6.493135161111073,26.66579708333324,11.006922029478377,23.64960190235677,10.1130536440677,10.25570135416666,10.266326111111066,10.465255555555464,16.15964600893978,11.38339796296282,14.00563736467217,10.704106397849383,22.446896053729617,8.959711402116358,8.125724719029318,16.536178548664765,12.021423250544618,10.728698148148064,9.777988177387831
GM,10.75113988095239,15.919805303030143,7.515855833333338,7.733526818181791,26.465478370786297,7.121543333333342,9.88276994949502,7.386776587301571,10.736968164251223,8.552020277777782,15.011056555555514,8.54097500000005,13.979750777777662,20.72568169369379,10.536592208672074,5.480170069444385,9.233119949494922,11.03536259259248,0.0,9.558487777777763,11.956169017093975,8.804816025641006,12.311274671361412,8.128048015873015,7.50157685185189,9.173042204301098,26.01994030555534,15.833915236111174,12.255484206349184,9.07184374999996,7.386931944444466,32.111512333333515,7.355147474747458,10.348241055555611,18.525167222222187,8.194589975845439,8.591140338888852,27.53963819444423,5.654406746031771,24.331679545454357,11.819001553672368,8.623152951388903,8.172347222222244,11.371683333333316,11.676565038314196,8.047330555555575,8.346907905982897,6.427693458781371,25.21761366979649,9.02196134920634,11.335219559386935,13.311605749353994,10.942112562091411,13.026260000000038,8.822971140350823
GN,10.754030912698422,13.184941060606125,8.396475833333295,8.046910858585818,23.851502977528,7.873344722222159,11.668648939393965,8.122249444444371,8.552755314009653,7.383512638888827,14.834171444444548,10.977606111111095,12.46558595238085,18.83330255255255,14.5568888482385,8.935515902777665,8.825186313131253,10.637392962962872,9.558487777777763,0.0,15.543768333333356,12.482717905982916,11.788506971830897,11.885358174603171,8.827280185185135,12.07045299283158,22.62631797222204,14.279324694444448,11.117199920634942,6.704765277777706,8.996885833333321,29.26331477777785,10.780326767676785,9.7131332777778,17.29444944444449,7.349997125603823,8.835833216666597,25.323379583333328,10.046227585034009,23.08482247474739,11.939890499058386,7.808167534722174,8.817697777777772,11.706221111111152,14.12279787356324,11.175160555555532,11.94400645299146,8.460606218637997,21.808041322378656,10.472237539682554,10.470990747126468,14.611836524547826,11.681985215686234,11.68583777777776,10.758638040935672
GQ,15.73785962454213,20.13549953379953,13.874694679487265,12.389893473193377,31.74488035148348,11.795732179487022,14.695315151515194,12.731219902319744,14.918024743589646,13.976679583333397,21.477278871794816,13.718442307692325,20.274744615384517,26.453938679833843,9.481186991869873,10.614766330128056,14.494441142191056,17.384371353276133,11.956169017093975,15.543768333333356,0.0,11.326625641025592,17.94197618273735,10.27352326007322,14.111831339031284,15.100539205955354,31.20286692948686,21.563665573717827,18.42798769230761,14.4979293910257,12.604490705128,37.195153641025655,12.078793764568644,16.061138551282212,24.146730769230714,14.160080546265108,14.900229724358915,32.57446009615371,10.492166928309736,28.40078088578101,18.654744328552844,14.059179703525745,14.84482974358972,18.473972692307647,13.911202917771869,13.413887179487189,10.704905128205082,11.387190694789012,30.90763244853731,14.66444014652005,17.59936845269667,16.264794871794955,16.494730420814374,18.29247158119657,14.31384877192965
GW,12.464209587912094,18.082088966588856,9.97851211538455,9.745406573426497,29.69123604148641,9.14121929487172,10.044851748251745,9.732258241758132,12.623901153846088,11.498565865384665,17.212151692307632,9.174361111111152,16.901010652014513,23.3360875446986,9.813150093808575,8.242648028846002,11.41003484848477,14.732786225071049,8.804816025641006,12.482717905982916,11.326625641025592,0.0,15.289547703141803,6.826395054944984,10.465734188034196,12.472481141439202,28.645433288461295,18.68331706730764,15.519875018314975,11.715304038461568,9.661125961538364,34.46260205128213,9.636565909090816,13.142035576923188,21.56733564102565,10.919937625417944,12.225509688461466,29.970866506410253,7.977710204081601,25.281607459207617,15.629205345502006,11.022541802884662,11.541027179487177,14.515084999999797,10.32665490716175,10.218117094017083,7.618007692307602,8.334205583126558,28.00335431202592,12.159701794871712,14.68071320954906,13.42477781753134,13.250150366515747,16.429932863247885,12.07922194331971
KE,13.26939751006028,16.45135290795267,12.044470387323846,11.403269487836011,21.87743382022459,11.626511830985825,14.781760140844924,12.362908166778316,11.808119874464095,11.08635232394358,16.78862949295769,14.059507887323802,14.138232205231292,18.55407789303383,16.86215347646845,11.557961921948229,12.541947725138629,10.337923059467862,12.311274671361412,11.788506971830897,17.94197618273735,15.289547703141803,0.0,14.71108494969803,12.040165138236723,12.245154734211647,23.19817109507037,15.71277935563377,12.446048859825549,11.70444959507036,12.644360676838708,27.982302244131407,11.58678135083214,11.226593964788696,15.82129248826287,11.904340710348944,9.144632128873182,25.490914994131437,11.99276496407008,22.785934780196357,14.167675409405478,11.614289344190082,11.0505548591549,12.985201478873169,16.59713951918394,11.832944804381723,14.850731993499336,12.298253148568756,21.84129830985916,9.938037840375566,9.20785810101988,16.46040695381582,10.751169457332164,10.598751103286322,10.006596152705642
KM,12.250561785714282,17.529502669552535,9.438134642857117,8.934555454545366,29.60392945425345,8.147410714285675,10.089603246753304,8.843842063491952,12.011904503105535,10.533140625000032,17.343008857142788,8.464092063492096,16.489471238095092,23.307273664092776,8.461114111498233,7.017989910714156,10.812629870129788,13.949875317460124,8.128048015873015,11.885358174603171,10.27352326007322,6.826395054944984,14.71108494969803,0.0,9.709201322751309,11.797253225806438,28.66422003571403,18.31925678571423,14.599361428571363,11.057643214285736,8.834902182539631,34.51473304761919,8.764545129870028,12.57527307142869,21.50522285714282,10.412139130434662,11.35232726428568,29.736489583333128,7.000894897959162,25.342484632034587,15.304780992736124,10.178562366071466,10.59142571428572,14.558566428571252,10.552298275862045,9.640888095238084,6.986348901098848,7.500886175115229,28.081144426559344,11.171899047618975,13.988418669950727,12.860596511627929,13.131578915966305,15.867887380952412,11.028769097744233
LR,10.203299775132267,15.577957912457798,6.983396574074032,7.987390235690197,24.63116974615057,7.434747870370373,10.54605959595964,7.671168783068754,10.439211924315613,8.451805671296276,14.0386219259259,9.686468518518533,13.265644783068655,19.69761839539541,12.246718066847295,7.071814050925812,8.640724747474692,10.20741055555547,7.50157685185189,8.827280185185135,14.111831339031284,10.465734188034196,12.040165138236723,9.709201322751309,0.0,10.3806651135006,24.562252583333272,15.223596986111088,11.774034708994677,9.325056805555525,8.21962824074073,30.712384592592837,8.509824158249135,9.652209833333348,17.295587037037006,8.844388647342965,8.017960120370313,26.868221064814698,7.468272108843538,23.143566329966355,10.203795794099207,9.273482442129623,7.5500598148147855,11.264057592592584,12.452902043422725,9.536022222222226,10.003208831908818,7.140395519713253,24.06410969744381,9.933857989417971,10.040206743294965,14.350336261843257,10.79338984967312,12.347857962962944,9.708844990253349
LS,12.724756762672827,17.221731247963433,10.62358427419352,10.147168445747765,23.00279427328732,10.155083198924622,12.999310557184776,10.662105069124369,12.623392727910211,11.007342177419364,16.881019096774164,12.167800179211488,15.45103318893996,21.453824358326127,13.84290188827697,9.127562291666548,11.920390371456444,11.12301030465937,9.173042204301098,12.07045299283158,15.100539205955354,12.472481141439202,12.245154734211647,11.797253225806438,10.3806651135006,0.0,25.85758112096753,17.067154633064526,12.309134193548378,11.395559596774213,10.921574327956906,31.47912907526908,9.255137170087917,10.63731459677425,16.81654913978495,11.03839137447395,9.925268866128972,27.6458860887095,9.095293153390369,24.880396969696957,12.46043608529254,11.518975292338752,10.841880591397874,11.564691129032244,14.76549410456065,8.62819175627237,12.098752357320098,9.789772580645153,25.311724348023517,9.42196990783405,11.0439249388209,15.970444786196644,10.93644648387091,12.043693136200712,8.46787144312386
LY,24.598566392857112,24.84910102272717,25.14865474999989,24.71642652272716,27.691372530898693,25.235001749999856,27.255246749999746,24.86675568650778,23.105301554347854,23.377266124999885,24.703648749999815,26.28918091666647,17.991322821428604,16.828373831081098,30.811127884146053,26.005674041666797,23.89312667424233,23.190127324074016,26.01994030555534,22.62631797222204,31.20286692948686,28.645433288461295,23.19817109507037,28.66422003571403,24.562252583333272,25.85758112096753,0.0,19.78008024999995,22.5480301309523,23.24815549999995,24.38228758333325,29.18821441666664,26.81207229545436,23.374818249999905,25.11294758333321,24.23615761956505,23.42992069999997,28.429274166666584,27.04555049489781,29.85552858333308,24.261345877118497,23.67677581249989,23.19136024999987,24.213700249999786,28.736746456896263,26.253170583333183,28.52070148076904,25.82475884677406,20.56388304577456,24.87626910714287,22.84907995689645,28.232994215115987,23.65255789705887,23.78248497222212,24.954792328947228
MA,14.865303732142882,19.064349167929265,15.181042750000012,14.745393852272786,24.660527480336963,15.176912875000037,17.91863231818179,15.019823994047638,14.584759831521785,14.28162087499997,16.10182000000005,16.5134735138889,10.85409388690471,15.676267422297247,20.49123464329264,15.675023833333352,14.570631458333333,15.427777657407448,15.833915236111174,14.279324694444448,21.563665573717827,18.68331706730764,15.71277935563377,18.31925678571423,15.223596986111088,17.067154633064526,19.78008024999995,0.0,14.020403964285704,13.857210375000022,14.747272527777852,27.175571499999847,16.765203625000037,14.476204375000028,18.542598666666628,14.995758684782626,14.763867125000044,23.71485529166655,16.610128426020445,24.13626298106043,16.754127864406776,14.085855187499972,13.952590541666694,16.882544375000023,19.523523827586175,16.89937154166667,18.22148191346149,15.478954879032283,17.919388732394285,16.386118279761966,15.164152090517256,18.802967877906948,14.496086955882314,16.342935402777794,16.348533625000034
MG,12.27543726190478,16.074883578643522,11.486190357142869,11.31699930735929,21.58660447298013,11.603319642857157,14.341340606060577,11.559864444444406,11.394247815734982,11.050301041666645,14.84335257142858,13.739843015872976,12.842737238095156,18.319999983269,17.36735744483151,11.934165505952304,11.30233138528136,10.559223042328002,12.255484206349184,11.117199920634942,18.42798769230761,15.519875018314975,12.446048859825549,14.599361428571363,11.774034708994677,12.309134193548378,22.5480301309523,14.020403964285704,0.0,10.901125595238108,12.221324722222194,27.436257333333437,13.307240194805155,10.510012166666696,16.875703809523817,11.848871821946105,10.777371497619036,23.36176803571424,12.673764081632642,21.96976095238096,10.950190589184825,11.161693913690453,10.539360476190474,12.073260238095244,16.49451461412145,12.50585809523804,15.06693890109886,11.904452795698912,20.875704138162234,11.094579047619035,10.548820131362888,15.532650254706478,12.130585089635836,12.877413253968264,11.817708320802009
ML,10.41111821428574,12.174804078282817,8.413801249999977,6.992207386363634,24.43659514044941,7.118780416666698,11.24600000000002,7.774549464285665,7.960288586956516,7.6119187500000285,14.765926750000071,10.232264722222212,12.675075309523685,18.89157782432434,13.344068628048833,8.015669791666653,8.81568439393932,10.56108351851844,9.07184374999996,6.704765277777706,14.4979293910257,11.715304038461568,11.70444959507036,11.057643214285736,9.325056805555525,11.395559596774213,23.24815549999995,13.857210375000022,10.901125595238108,0.0,8.231773611111116,30.034836666666752,9.784529090909077,9.837058500000028,17.517969583333322,6.434599782608663,9.066678249999995,25.867897499999845,8.846450331632655,23.83002613636376,12.51995199152548,7.066629687500016,8.857939583333316,12.131943750000053,13.65132133620692,10.563972361111112,10.623209807692342,7.536038830645167,22.284541901408307,9.781391547619034,10.845813318965517,14.087230319767484,11.559110249999929,11.722561527777772,9.882985657894729
MR,10.600225317460325,15.120857196969537,8.031766666666657,7.77102345959595,26.683692431335796,7.209435000000009,10.257189267676692,7.374052579365047,10.310513079710118,8.774811111111116,15.621220499999884,8.724073611111061,12.784033071428494,19.65363262012021,11.149669139566257,6.650489097222152,8.396911489898912,11.655478981481403,7.386931944444466,8.996885833333321,12.604490705128,9.661125961538364,12.644360676838708,8.834902182539631,8.21962824074073,10.921574327956906,24.38228758333325,14.747272527777852,12.221324722222194,8.231773611111116,0.0,31.7169533888892,8.355471843434277,10.33578255555563,18.32729305555553,8.089125060386499,9.427373038888865,27.315867361111035,6.911294189342425,24.463184469697072,12.662040089453814,8.728364409722246,8.255244722222224,12.275508055555452,12.128425526819784,9.398018055555488,9.0519184829059,6.633515098566291,24.143216005477157,9.565389246031724,11.822342519157056,13.85328814599466,11.566239761437856,13.225111388888894,9.531657412280603
MU,29.642299023809425,31.369330949495083,30.95957150000024,30.969566181818468,26.61264474906375,31.900482499999995,32.70422618181841,31.011321841270146,28.690095840579765,30.33386733333333,28.13663333333345,31.87827622222252,26.571100761904685,26.042826369369475,37.16464715447155,32.921685125000266,29.34665496969707,29.732505592592663,32.111512333333515,29.26331477777785,37.195153641025655,34.46260205128213,27.982302244131407,34.51473304761919,30.712384592592837,31.47912907526908,29.18821441666664,27.175571499999847,27.436257333333437,30.034836666666752,31.7169533888892,0.0,32.60454912121231,28.87825116666671,27.77832266666672,30.687823101449396,30.10494521666668,23.31702491666661,33.20018078911579,29.638271757576067,30.88233963841829,30.101326312499975,29.65474266666669,31.31905300000029,34.49080087356332,31.663739111111354,35.08054779487186,31.967401182795896,23.60697257276988,31.32372038095252,29.19993291954027,31.68587280620179,27.18118033333341,29.014207222222307,30.92556259649137
MW,10.746143668831149,16.194878535353393,8.237077954545388,7.716943181818105,26.480398646577992,7.029622272727221,10.762293181818146,8.398962662337546,11.033954782608625,9.192733181818168,16.233408818181747,9.801931565656531,15.052247086579952,21.54711904668308,10.272475886917864,6.248231647727176,10.076543181818062,11.23525080808069,7.355147474747458,10.780326767676785,12.078793764568644,9.636565909090816,11.58678135083214,8.764545129870028,8.509824158249135,9.255137170087917,26.81207229545436,16.765203625000037,13.307240194805155,9.784529090909077,8.355471843434277,32.60454912121231,0.0,10.274772772727331,18.36954409090904,9.04544733201576,9.079073713636337,28.45561344696956,5.914433348794016,25.115356818181866,12.874076463790471,9.1313412784091,9.086218787878773,12.33273636363625,11.979486598745972,8.229244191919124,8.619631993006895,7.133055351906149,25.997936216389192,8.970165216450166,11.083356974921564,14.216315591966092,11.145203839572083,12.175914141414124,7.896085382775033
MZ,9.149344428571467,15.959071914141507,9.65409900000006,9.681815136363706,22.14040187078643,9.1984156666667,12.935062863636483,9.63514546825401,10.689416413043537,9.812518875000062,13.79558350000011,12.084926500000094,12.395782833333271,18.775877770270263,14.97328176829286,9.45342370833338,10.060099833333338,10.847980574074072,10.348241055555611,9.7131332777778,16.061138551282212,13.142035576923188,11.226593964788696,12.57527307142869,9.652209833333348,10.63731459677425,23.374818249999905,14.476204375000028,10.510012166666696,9.837058500000028,10.33578255555563,28.87825116666671,10.274772772727331,0.0,15.58268483333338,10.44656954347832,9.530883349999987,25.359877583333297,10.234885438775605,22.324381924242463,12.0044017881357,10.329002312500055,9.307799500000062,12.32281650000008,13.804537189655306,10.390214055555608,12.779558115384743,9.855652048387151,22.301008246478805,9.893501119047658,10.099414672413827,15.091748802325736,10.2532653823529,10.72872750000001,9.972838973684231
NA,17.79372226190479,21.060403131313123,17.56476416666668,17.64570333333337,20.406831385767745,18.022649999999945,20.667855151515106,18.06986539682544,17.4520912318841,17.712208958333363,19.35097533333329,19.8040377777778,17.488077714285676,21.5246934324324,23.66305609756092,18.78878937500001,17.364691515151527,17.379319074074022,18.525167222222187,17.29444944444449,24.146730769230714,21.56733564102565,15.82129248826287,21.50522285714282,17.295587037037006,16.81654913978495,25.11294758333321,18.542598666666628,16.875703809523817,17.517969583333322,18.32729305555553,27.77832266666672,18.36954409090904,15.58268483333338,0.0,17.603557391304335,16.899759049999968,25.301712083333264,18.988721156462564,25.1441445454546,18.32085604519776,17.964811145833313,17.20173666666668,18.61346500000002,22.63332655172408,18.075401111111123,21.55554974358974,18.390246881720405,23.319128591549216,17.60475952380955,16.310749885057497,21.63425015503872,13.846487392156812,15.603518333333358,16.196965263157892
NE,10.990557499999996,12.770652283706518,7.642078369565225,6.838116640316164,25.031089081582657,7.308987173913043,10.627627075098742,7.848924120082809,8.8918810869565,8.045927065217384,15.333628086956471,9.575698067632809,13.389862426500944,19.86925840540548,12.97889008483542,8.072670715579632,8.964621475625792,10.87768408212548,8.194589975845439,7.349997125603823,14.160080546265108,10.919937625417944,11.904340710348944,10.412139130434662,8.844388647342965,11.03839137447395,24.23615761956505,14.995758684782626,11.848871821946105,6.434599782608663,8.089125060386499,30.687823101449396,9.04544733201576,10.44656954347832,17.603557391304335,0.0,8.899692315217356,26.48288396739114,8.31537085181899,23.9822688405795,12.58225405305819,7.855192839673909,9.140194999999984,11.770521956521671,13.570986881559037,10.423049033816362,10.075058361203885,7.099151472650799,23.53108524188601,9.87212130434778,11.0744677811094,14.20136183013128,11.843591117646977,12.26830553140097,9.699793432494175
NG,10.855899821428537,14.682329813636304,8.810495649999988,8.23348013181815,22.948443938763944,8.096521616666656,11.886003131818152,8.579645759523757,9.544052636956469,7.3970587,15.29048014999994,11.440258261111032,12.773754378571358,18.78171485270262,13.399022957317047,7.516736741666681,9.51140769848478,6.493135161111073,8.591140338888852,8.835833216666597,14.900229724358915,12.225509688461466,9.144632128873182,11.35232726428568,8.017960120370313,9.925268866128972,23.42992069999997,14.763867125000044,10.777371497619036,9.066678249999995,9.427373038888865,30.10494521666668,9.079073713636337,9.530883349999987,16.899759049999968,8.899692315217356,0.0,26.600930099999964,8.499534925510194,22.59264633484838,10.444436075423672,8.483914037500009,8.424285283333303,10.452713149999967,13.78304901206891,9.40227066111108,11.384024011538443,8.401735627419317,22.672365766901294,8.194128735714273,7.828449967241323,14.89028348255808,10.645686079411655,9.973414683333283,8.314484576315756
RE,25.069582559523734,28.272726452020127,26.954147083333144,26.50232882575748,27.61703658707856,27.519812083333264,28.56717291666647,26.40602073412698,25.159598170289797,26.1568912499998,24.05812508333321,27.464943749999986,23.22613001190477,23.979795885135143,32.536634908536406,28.522501458333284,24.58998200757569,26.66579708333324,27.53963819444423,25.323379583333328,32.57446009615371,29.970866506410253,25.490914994131437,29.736489583333128,26.868221064814698,27.6458860887095,28.429274166666584,23.71485529166655,23.36176803571424,25.867897499999845,27.315867361111035,23.31702491666661,28.45561344696956,25.359877583333297,25.301712083333264,26.48288396739114,26.600930099999964,0.0,28.40281585884341,28.2105710227273,27.697348481638382,25.66779239583319,26.45360041666653,28.080949583333407,30.08557033045957,27.694679861111062,29.912820352564022,27.192539852150464,22.313878515258207,27.62572720238091,26.083163749999947,26.672175532945595,23.38032075980394,26.266950416666702,27.571523749999912
RW,10.536195255102054,15.599116821273888,7.0481997448979445,7.058349090909078,27.191493579454164,6.244794795918373,9.660685714285776,7.182727210884315,10.506548061224484,8.235735854591866,15.932813142857098,8.614655895691646,14.987000829931851,21.42961482129078,8.59909357889493,4.345718295068008,9.049882591218235,11.006922029478377,5.654406746031771,10.046227585034009,10.492166928309736,7.977710204081601,11.99276496407008,7.000894897959162,7.468272108843538,9.095293153390369,27.04555049489781,16.610128426020445,12.673764081632642,8.846450331632655,6.911294189342425,33.20018078911579,5.914433348794016,10.234885438775605,18.988721156462564,8.31537085181899,8.499534925510194,28.40281585884341,0.0,25.222651700680217,12.12438294707715,8.484060631377579,7.872787551020411,11.946519081632603,10.81231773399012,7.547124036281177,7.262911616954445,5.699067906517438,26.411141382581167,7.990980408163239,10.85134389866285,13.322418224964435,11.200378882352869,12.797392142857086,8.02839615467237
