ISO_CODE,AO,BF,BI,BJ,BW,CD,CF,CG,CI,CM,CV,DJ,DZ,EG,ER,ET,GA,GH,GM,GN,GQ,GW,KE,KM,LR,LS,LY,MA,MG,ML,MR,MU,MW,MZ,NA,NE,NG,RE,RW,SC,SL,SN,SO,SS,ST,SZ,TD,TG,TN,TZ,UG,YT,ZA,ZM,ZW
AO,0.0,7.220714657287169,4.299483214285705,4.000496915584403,7.188880036115568,3.30683744047618,4.725304448051933,3.0426701190475858,5.31307041925465,5.143536026785717,4.883050357142864,3.8638401984126673,5.258752166666646,6.5942244150579015,5.141909695121934,3.729240803571417,3.797751893939371,6.470916865079356,3.517510436507918,4.147728055555538,4.758121712454184,4.138658324175799,6.558435105633795,4.070687499999972,3.810463320105798,4.3312378456221,7.718599821428592,5.789014446428587,5.934352261904762,4.009557142857143,3.249753809523793,7.707798452380963,3.704708474025952,3.6251547142857135,5.379137023809515,4.543560698757748,5.837719592857128,6.850082738095231,4.072899132653051,8.70594646103896,5.376576604116208,4.842140624999994,4.896714880952374,6.249433214285714,4.586220086206869,4.326832976190453,4.585017060439534,3.464566347926248,7.761382027162982,6.253515357142849,6.412352918719175,4.890434460132873,3.698011592436955,5.770666785714266,5.052280921052616
BF,7.220714657287169,0.0,6.496662575757555,4.862976161616166,7.914466314833742,6.080647108585867,7.161991919191933,6.308896103896091,4.88742660298637,4.500549643308072,7.596856848484863,7.103692424242431,6.554972376623355,7.359785615888588,8.777657033752151,6.707049488636335,5.929534848484834,6.446789814814811,6.696233838383847,5.191122121212109,8.481869386169382,8.067926728826725,6.0517869042538015,7.718428860028868,6.280376262626261,7.274174291300087,7.495518709595987,6.34095140656564,6.714160620490629,5.200865328282825,6.270001388888896,8.014112444444462,6.341636616161615,6.777820823232336,6.270722979797967,5.02747476943347,5.998425656060599,8.08172146464644,5.951394867037728,8.535975757575768,7.072037990070182,4.981314381313116,6.415283131313132,7.007212575757586,8.203156913967268,7.184887373737389,7.988172649572659,5.78430848810688,7.944338106416276,6.579556991341988,5.871180682688928,8.174158186516335,6.819946304218658,5.68325005050503,6.397553790536954
BI,4.299483214285705,6.496662575757555,0.0,3.3804954545454566,6.775318146067409,3.5517345833333422,4.139093181818155,3.468011666666656,4.487775869565202,4.455443437499999,4.784764999999988,3.587652222222188,4.839051238095236,6.674229999999979,5.579090609756065,3.614275625000003,4.003045909090883,5.869259259259242,3.31329277777777,3.2223938888888704,5.0657669230768905,4.443418076923046,6.1494861971830925,4.056999999999977,2.959899814814811,4.149201935483853,7.439150750000019,5.478782624999994,5.219279523809526,3.4354362500000017,3.4046452777777803,7.673373666666643,3.547420909090902,3.891662499999991,5.05814666666664,3.301532391304327,4.84178825,7.1936291666666206,3.24072663265306,8.588840606060577,4.465623050847444,4.528449374999997,4.094439999999984,4.723139999999972,5.014155689655133,4.625038888888857,4.464911923076897,3.3905632258064413,7.538795774647878,5.121186190476186,5.596821379310304,5.0155870930232185,3.464944588235287,5.006116666666635,4.6452539473684125
BJ,4.000496915584403,4.862976161616166,3.3804954545454566,0.0,6.700733810010189,3.022802689393932,4.113098181818167,2.9635901298701146,3.660637924901154,3.0026614488636287,5.149171272727272,3.8011748484848256,4.676072307359302,6.378485668304649,5.227886651884669,3.6826494886363537,3.33591363636362,5.417395471380449,3.3502774747474686,3.071874646464634,5.102936317016282,4.546453566433539,5.564363469910365,4.122300259740237,3.3196415824915717,4.207789560117284,7.010475522727309,5.01797768181818,5.259728701298688,2.7340353409090894,2.9583763383838337,7.331814060606079,3.2981331818181667,3.623394227272727,4.6044822727272665,2.721012450592874,4.478690786363623,6.4923327272727045,2.702432022263443,7.526271515151498,4.755813158705685,3.0974217045454435,4.300035454545442,5.07874772727272,4.798009905956082,3.8318310101009896,4.379334685314662,2.2067819648093754,7.263103546734941,4.79422543290042,5.3799070846394486,5.103079154334016,3.384756673796776,4.495725101010078,4.074372248803823
BW,7.188880036115568,7.914466314833742,6.775318146067409,6.700733810010189,0.0,6.90063633426966,7.658533503575076,7.121217674335625,5.994017359550557,6.090382714185374,7.290411955056189,7.416412796504369,5.978615386302805,6.2001257743698615,9.678285612496534,6.716588438670376,6.820334269662897,5.7885668893050175,6.91821541822721,5.986767602996249,9.135784845865716,8.729042523768344,5.881272513055857,8.533361797752786,6.5305184977111805,6.05923428778542,7.168315103932586,5.8592126264044575,6.126547581594437,6.182702724719077,6.88192691947565,6.385898786516875,6.750193232890693,6.219936297752791,5.230824363295869,6.373518588177821,5.561750947752787,8.544291947565531,6.782281586792013,8.989602417432758,4.684270919824781,6.927225154494358,5.407116685393249,5.779743764044934,9.05135335141416,7.143785705368281,8.987840017286064,7.063242316056543,6.655110202563686,6.17223363563402,5.195498194498228,8.464378442644353,6.375740352941168,5.309830730337058,6.001168574807799
CD,3.30683744047618,6.080647108585867,3.5517345833333422,3.022802689393932,6.90063633426966,0.0,3.9402651893939167,2.165046646825364,4.503993134057945,4.223758437499998,5.4220084166666895,3.497632361111095,4.9904838452380735,6.626013704954933,4.5176644410568985,3.1254814583333244,3.378224886363617,6.074340416666641,2.88029763888888,3.3490512499999827,4.253432852564084,3.9146667628204974,6.089844735915494,3.4735341071428385,3.19324347222221,3.696941653225797,7.572215833333354,5.493864041666655,5.201129226190465,3.245915000000009,2.6300181944444354,7.896465416666689,3.03167920454544,3.514988749999995,5.038701249999988,3.6486882789855,5.146868599999992,6.812631249999992,3.1228508588435324,8.517837689393932,4.727315798022582,3.994082083333331,4.470507916666668,5.712542083333344,4.51884653735631,3.648265972222201,3.980685480769218,2.569040389784932,7.40493752934272,5.290172678571427,6.031734956896513,4.596453866279057,3.2963974754901724,5.348451805555536,4.456130548245599
CF,4.725304448051933,7.161991919191933,4.139093181818155,4.113098181818167,7.658533503575076,3.9402651893939167,0.0,3.5712363636363342,5.442434486165984,5.043861448863627,5.296180727272719,3.592846969696946,5.354975632034604,7.030152105651067,5.866878270509977,4.134220587121192,4.351631818181795,6.98883617845116,3.582334848484844,4.293224747474704,5.30925757575757,4.285143356643338,7.014661037131882,4.148810389610374,3.700900505050493,4.8129973607038,7.970171750000031,6.037305409090885,6.18067952380951,4.249757613636353,3.610664267676757,8.096551393939398,4.422938636363624,4.365428863636355,5.889724393939365,4.350900988142279,6.066194340909068,7.3301348484848114,3.836597217068635,8.023315151515172,5.532990909090889,5.197944772727269,4.94711499999999,5.893023181818175,5.004378996865189,4.529257070707062,4.676190209790198,3.5978394428152267,8.009392099871931,6.247601363636351,6.828663949843191,4.959915010570805,4.387272716577515,6.14155661616157,5.788604210526303
CG,3.0426701190475858,6.308896103896091,3.468011666666656,2.9635901298701146,7.121217674335625,2.165046646825364,3.5712363636363342,0.0,4.605482425810871,4.208300699404745,5.084101015873017,3.0407547619047297,4.689636682539659,6.7230427365937,4.366811962833873,3.107914434523788,2.677991991341964,6.142124735449709,2.3223349206349035,3.4150274603174284,3.919333211233173,3.454113675213647,6.184313192488246,3.0536222222221903,2.844088095238073,3.44025309779823,7.491096718253998,5.360613718253953,5.435331269841255,3.313987559523799,2.2415716269841126,7.567960063492065,2.997740728715704,3.3230725317460177,4.916929126984104,3.499395893719781,5.248901440476178,6.312587499999963,2.974785260770956,8.52932323232322,4.714400242130735,4.201954761904747,4.31431753968252,5.594982619047607,4.093550136836309,3.427686507936473,3.791452258852232,2.0690974142344936,7.611579774200737,5.5505461111110845,6.197297515051942,4.31258073089698,3.145974384687177,5.513213412698367,4.597318429406831
CI,5.31307041925465,4.88742660298637,4.487775869565202,3.660637924901154,5.994017359550557,4.503993134057945,5.442434486165984,4.605482425810871,0.0,3.644971888586935,5.592774652173913,5.214646111111082,4.845149449275339,5.636104289071666,7.2930485843053825,5.121116023550699,4.4370199670618895,5.059693961352641,4.980010314009642,3.5395486714975632,6.820166148271993,6.350338444816033,4.953632146356382,6.079113944099356,4.399042987117516,5.35282808555397,5.9934832065217645,4.798758706521727,5.224471252587984,3.395946086956513,4.552782330917852,6.430673000000015,4.738700909090878,4.827063499999985,4.823013478260851,3.755195869565188,4.658114732608682,6.889501956521729,4.7663541126885445,7.692316251646892,5.139875537951347,3.700239782608677,4.651566231884051,5.699224347826084,6.926541056971488,5.804082053140071,6.3407044983277325,4.6444413113604295,6.612975838946712,5.03869043478259,4.924702286356801,6.033828276036376,4.512659276214819,4.670021207729445,5.007256075514854
CM,5.143536026785717,4.500549643308072,4.455443437499999,3.0026614488636287,6.090382714185374,4.223758437499998,5.043861448863627,4.208300699404745,3.644971888586935,0.0,5.754291562500009,5.052471354166661,4.777669163690451,5.999937576013493,6.427839702743904,4.347107187500004,4.267411884469676,4.685769502314811,4.348726423611099,3.366543923611095,6.117349639423072,5.971226274038458,4.876745180457743,5.528641383928571,4.257025706018503,4.933811804435475,6.543731187500021,4.8577968125000055,5.6325698660714085,3.473964062500003,4.26415649305555,7.115288895833316,4.36949713068181,4.559839687499998,4.726492395833328,3.4101012907608608,4.066996262499999,6.972833020833319,3.74507987882653,7.425942869318186,4.9482224735169416,3.511080937499999,4.754147187499985,5.184715312500005,6.187122920258618,4.804072673611109,5.8744533413461495,3.826738356854838,7.165005532570405,4.615463794642849,4.410492381465488,6.328576882267432,4.617725606617642,3.831039131944415,4.300454786184201
CV,4.883050357142864,7.596856848484863,4.784764999999988,5.149171272727272,7.290411955056189,5.4220084166666895,5.296180727272719,5.084101015873017,5.592774652173913,5.754291562500009,0.0,4.730277555555544,5.146797571428559,6.623759756756736,7.514325463414634,5.398192791666657,5.078590606060588,6.720435740740731,4.885378888888906,4.792766444444427,6.996975794871785,6.037559999999995,6.590076929577464,5.948223428571421,4.383918444444455,5.657300645161286,7.337602750000027,5.842253249999992,6.344362000000001,5.079705250000011,4.669476166666677,7.367690666666681,5.537743727272742,4.402664500000005,5.450622999999994,5.083863043478264,5.858584649999992,7.001652333333303,5.1157464489796025,8.287217090909074,5.892862372881352,5.675621750000005,5.0364266666666735,6.213752999999989,6.3091997241379225,6.014788222222225,6.6429639999999885,5.0808240645161495,7.541806788732401,6.586838619047631,6.691619448275823,5.773468372093008,4.974055647058822,5.765593222222203,6.0565117894736815
DJ,3.8638401984126673,7.103692424242431,3.587652222222188,3.8011748484848256,7.416412796504369,3.497632361111095,3.592846969696946,3.0407547619047297,5.214646111111082,5.052471354166661,4.730277555555544,0.0,4.919922396825367,6.87387076576572,5.366904742547425,3.7406543749999774,3.71729292929289,6.55402648148146,2.9961111111111,4.097193333333291,4.7405337606837445,4.027638034188008,6.598561564945215,3.558157936507904,3.216344444444424,4.164781182795678,7.639251250000024,5.605552805555532,5.993073650793641,4.024694583333312,2.977443055555536,7.687430444444447,3.829230555555529,4.064021944444423,5.312322777777751,4.077098067632826,5.726302205555533,6.629737499999961,3.5379091836734475,7.896660101010126,5.313530414312599,4.79695555555554,4.463619999999977,5.438110555555547,4.755942337164735,4.175111111111085,4.311904700854686,3.259774193548359,7.617724788732372,6.160362619047604,6.718921647509513,4.295516408268711,3.612044967320233,5.799083888888846,5.116774444444429
DZ,5.258752166666646,6.554972376623355,4.839051238095236,4.676072307359302,5.978615386302805,4.9904838452380735,5.354975632034604,4.689636682539659,4.845149449275339,4.777669163690451,5.146797571428559,4.919922396825367,0.0,4.729069135135112,7.457077144018539,5.054846565476173,4.606195051948044,5.705192264550238,4.962369571428551,4.033784682539677,6.876727212454159,6.438835534798494,5.71150084037557,6.089552999999964,4.09733914814814,5.429159691244212,5.375791821428584,3.1216968333333277,5.863877285714277,4.504099535714283,4.420985865079358,6.051366047619042,5.111903670995639,4.394414880952367,4.947743523809496,4.657748051759822,4.769109583333317,6.643029642857123,4.964521938775486,7.686430203463173,5.346526581920872,5.429154940476175,3.672680142857144,5.196004857142837,6.6836298243020895,5.987043285714253,6.725768201465158,4.787204603686629,5.095455782025464,5.496194190476178,5.538670198686354,6.02962905758579,4.610620927170851,4.911872793650761,5.604070649122788
EG,6.5942244150579015,7.359785615888588,6.674229999999979,6.378485668304649,6.2001257743698615,6.626013704954933,7.030152105651067,6.7230427365937,5.636104289071666,5.999937576013493,6.623759756756736,6.87387076576572,4.729069135135112,0.0,9.32751552340141,6.854946940315291,6.224994444717418,6.316670780780758,6.794528165165128,5.679454585585571,8.740474560637512,8.284117677754637,5.989474282832117,8.189063586872551,6.066934025024991,6.915021017436761,5.010484317567569,4.403189658783767,6.636909640926628,5.9289537905405085,6.2434112507507225,5.96412725225224,6.653100471744436,6.309174337837819,5.56958203603602,6.220889206815487,5.985617058108085,7.323883774774745,6.831526516822918,8.413568510237488,6.440767324324301,6.464426756756729,5.608987945945928,6.848054378378352,8.708464923578696,7.613082657657605,8.316184268191236,6.858080290322556,5.666451953939832,6.65397479021877,5.973160876980416,7.704668245757348,6.1000118076311445,5.859226060060051,6.872586931721178
ER,5.141909695121934,8.777657033752151,5.579090609756065,5.227886651884669,9.678285612496534,4.5176644410568985,5.866878270509977,4.366811962833873,7.2930485843053825,6.427839702743904,7.514325463414634,5.366904742547425,7.457077144018539,9.32751552340141,0.0,4.411159669715418,5.611176681448583,8.404077321589835,4.413468157181583,6.056775826558205,3.0650662914321405,3.490015759849901,8.366465671590495,3.2291229965156587,5.216769963866289,5.021622816679749,10.087893067073209,8.198590137195108,7.659185098722392,5.968926524390253,4.6176266598915845,10.655651382113764,4.648000055432357,5.7818265,7.470139959349544,6.082836108165425,7.453818779268276,8.489169207317003,4.360642210054746,10.226792682926808,7.0702611823067,6.406031676829268,6.727771056910559,7.982829634146308,4.589694701429759,4.4264871273712565,4.131676360225132,4.201161408339865,10.413020546204004,7.604716533101019,8.305277443229528,5.766408111174108,5.210538261119047,7.843875921409154,6.659088446726542
ET,3.729240803571417,6.707049488636335,3.614275625000003,3.6826494886363537,6.716588438670376,3.1254814583333244,4.134220587121192,3.107914434523788,5.121116023550699,4.347107187500004,5.398192791666657,3.7406543749999774,5.054846565476173,6.854946940315291,4.411159669715418,0.0,4.13684138257574,5.746787893518492,2.8295879861111035,3.9110020138888686,4.223152451923049,4.095929214743571,5.988202919600927,3.6220937202380834,3.5581478009259127,3.6246694422042864,7.641377708333354,5.950586291666651,5.195492767857123,3.689094375000011,3.17530076388888,8.30927187499998,2.802525587121201,3.6105928750000063,5.215561041666631,4.181670208333324,4.847815591666659,6.973604791666632,2.901542410714285,8.49931267045449,4.501651218220317,4.687678750000001,4.087871458333328,5.095455624999984,4.841583915229852,3.773471041666648,3.9333445993589633,3.1403773051075152,7.882589832746457,5.184039494047598,5.378987047413743,5.105958260658883,3.5794825808823374,4.687768958333303,4.130919506578939
GA,3.797751893939371,5.929534848484834,4.003045909090883,3.33591363636362,6.820334269662897,3.378224886363617,4.351631818181795,2.677991991341964,4.4370199670618895,4.267411884469676,5.078590606060588,3.71729292929289,4.606195051948044,6.224994444717418,5.611176681448583,4.13684138257574,0.0,5.97592190235688,3.408632323232297,3.609237575757541,5.044450932400879,4.739092657342609,5.867709688433617,4.411691991341944,3.2483528619528323,4.2357072825024025,7.106046128787892,4.955592064393924,5.819220086580064,3.720168068181805,2.907343560606042,6.917419939393929,3.826643181818146,3.7343353181817993,4.674431666666633,3.4514245059288235,5.219674507575741,6.425888257575718,3.686868305503993,7.586728787878755,5.249043733949634,4.438562821969684,4.462159999999976,5.943239545454517,5.139490856844251,4.504281818181779,5.042822027971987,2.896986412512201,7.240113640631654,5.678303614718594,6.022245464994728,4.654171494009821,3.6567622139037113,5.3302338888888565,4.761467894736816
GH,6.470916865079356,6.446789814814811,5.869259259259242,5.417395471380449,5.7885668893050175,6.074340416666641,6.98883617845116,6.142124735449709,5.059693961352641,4.685769502314811,6.720435740740731,6.55402648148146,5.705192264550238,6.316670780780758,8.404077321589835,5.746787893518492,5.97592190235688,0.0,5.880090185185172,4.743311666666646,7.951072065527037,7.842794487179455,4.397842511737072,7.550053941798917,5.817347222222195,5.572941630824353,7.134152898148166,5.886859222222211,5.794843306878296,4.958369490740737,5.942230648148136,7.585197666666659,5.437558282828253,5.983297944444438,5.515807777777759,4.86983309983895,3.5562270759259125,8.336357962962955,5.700908665910799,8.768475033669995,4.947770411173862,5.3355284490740615,5.501819444444427,4.424588888888887,8.303138065134046,6.359342037037019,7.4578479059828755,6.201758691756264,7.618880795513807,3.653408042328026,3.686172113665377,7.759529987080073,5.537904429193868,3.823551851851826,4.807206910331377
GM,3.517510436507918,6.696233838383847,3.31329277777777,3.3502774747474686,6.91821541822721,2.88029763888888,3.582334848484844,2.3223349206349035,4.980010314009642,4.348726423611099,4.885378888888906,2.9961111111111,4.962369571428551,6.794528165165128,4.413468157181583,2.8295879861111035,3.408632323232297,5.880090185185172,0.0,3.7812055555555344,4.096552136752137,3.60463632478632,6.059808951486699,3.26049206349206,2.860027777777772,3.084805734767024,7.591880583333364,5.728019097222202,5.5561214285714255,3.611589166666667,2.342601388888888,7.835953333333343,2.816049747474745,3.3932764999999896,4.7175461111111,3.711135024154573,5.10769861666666,6.7374569444444194,2.4701558956916068,8.263778282828298,4.268195574387942,4.542448333333329,4.035111666666643,5.214420555555563,4.495000000000006,3.19413333333333,3.996346153846153,2.3572978494623484,7.827702723004677,5.287695793650794,5.921062298850521,4.611862661498702,3.2762244836601058,5.255496111111084,4.299202807017544
GN,4.147728055555538,5.191122121212109,3.2223938888888704,3.071874646464634,5.986767602996249,3.3490512499999827,4.293224747474704,3.4150274603174284,3.5395486714975632,3.366543923611095,4.792766444444427,4.097193333333291,4.033784682539677,5.679454585585571,6.056775826558205,3.9110020138888686,3.609237575757541,4.743311666666646,3.7812055555555344,0.0,5.775873162393103,5.130021623931572,4.974595571204982,4.900350317460264,3.088631111111077,4.452983118279528,6.303557472222235,4.509331722222214,5.030790317460296,2.5667355555555424,3.1827352777777627,6.632002666666672,3.8560367171716807,3.67386761111109,4.439551666666645,2.5413335265700274,3.871058972222202,7.068408055555524,3.766918276643968,7.845149292929254,4.14635740112992,3.6225281249999792,3.564731111111092,4.3822227777777565,5.622343754789215,4.961543333333287,5.3476013675213165,3.4606297849462138,6.593483787167449,4.338798968253945,4.634498544061272,5.304132506459899,3.751870222222201,4.057749444444422,4.176313391812849
GQ,4.758121712454184,8.481869386169382,5.0657669230768905,5.102936317016282,9.135784845865716,4.253432852564084,5.30925757575757,3.919333211233173,6.820166148271993,6.117349639423072,6.996975794871785,4.7405337606837445,6.876727212454159,8.740474560637512,3.0650662914321405,4.223152451923049,5.044450932400879,7.951072065527037,4.096552136752137,5.775873162393103,0.0,3.419989743589737,7.891558674611754,3.254053479853458,4.7907146723646585,4.831498428453241,9.664727185897473,7.521540381410238,7.597548681318656,5.597119615384615,4.328966132478622,9.860753435897392,4.4716836247086,5.44356011538461,6.972021410256361,5.728619899665541,7.105430021794861,8.10220737179481,4.404896075353208,9.99894522144522,6.712838157322864,6.210572836538462,6.361862435897425,7.519019615384589,4.501931918656048,4.405284188034172,3.815623076923071,4.138191604631899,9.645911249548528,7.256437161172131,8.01198509283811,5.304959153249821,4.794479396681709,7.329407393162337,6.189941457489846
GW,4.138658324175799,8.067926728826725,4.443418076923046,4.546453566433539,8.729042523768344,3.9146667628204974,4.285143356643338,3.454113675213647,6.350338444816033,5.971226274038458,6.037559999999995,4.027638034188008,6.438835534798494,8.284117677754637,3.490015759849901,4.095929214743571,4.739092657342609,7.842794487179455,3.60463632478632,5.130021623931572,3.419989743589737,0.0,7.78468332611049,2.370052747252737,4.224469373219363,4.417170223325044,9.212606096153882,7.266200480769206,6.918357619047606,5.018432403846157,3.6867979700854665,9.34701969230767,4.214534790209772,4.808155115384609,6.616360384615342,5.145212541806004,6.968630919230756,7.589382371794814,4.005819152276284,9.186230069930048,6.380924119947812,5.631335240384612,5.961074102564096,7.005656538461513,3.75543554376657,3.960239743589728,3.2574846153846084,3.596538337468954,9.302663629469096,7.073299578754553,7.917068912466762,4.780193738819292,4.443264262443405,7.182319273504218,6.224959757084982
KE,6.558435105633795,6.0517869042538015,6.1494861971830925,5.564363469910365,5.881272513055857,6.089844735915494,7.014661037131882,6.184313192488246,4.953632146356382,4.876745180457743,6.590076929577464,6.598561564945215,5.71150084037557,5.989474282832117,8.366465671590495,5.988202919600927,5.867709688433617,4.397842511737072,6.059808951486699,4.974595571204982,7.891558674611754,7.78468332611049,0.0,7.516134547283688,6.095221804903489,5.893521667423882,6.567234679577498,5.58977097359154,6.224121918175725,5.131712464788729,5.971890950704212,7.033997643192494,5.528846241997425,5.950623035211268,5.083960446009376,5.182346025719522,4.259976233098568,7.880691948356799,5.949986901408442,7.976733141271885,6.113215366435885,5.6354916021126655,5.625508098591552,5.872399507042254,8.187175080135981,6.588803161189342,7.643760834236167,6.267484516129024,7.54645605633802,4.769631740442643,4.226171078193282,7.560387864395662,5.304184021540993,4.018384906103268,5.448421148999249
KM,4.070687499999972,7.718428860028868,4.056999999999977,4.122300259740237,8.533361797752786,3.4735341071428385,4.148810389610374,3.0536222222221903,6.079113944099356,5.528641383928571,5.948223428571421,3.558157936507904,6.089552999999964,8.189063586872551,3.2291229965156587,3.6220937202380834,4.411691991341944,7.550053941798917,3.26049206349206,4.900350317460264,3.254053479853458,2.370052747252737,7.516134547283688,0.0,3.952547354497341,4.007999078340991,8.9474936071429,6.977661499999977,6.702677619047606,4.687845000000003,3.385429166666656,9.256022666666636,3.882050974025957,4.560320785714279,6.410985476190432,4.851120807453402,6.591757078571409,7.345695833333282,3.582853061224478,9.135945454545464,6.01981331719125,5.387494017857138,5.579995238095221,6.676444999999977,3.5873665024630323,3.518783333333305,3.124019780219768,3.1724702764976698,9.147977525150877,6.795832142857119,7.632165418719127,4.456291029900305,4.035360319327705,6.90580579365074,5.8645309774435725
LR,3.810463320105798,6.280376262626261,2.959899814814811,3.3196415824915717,6.5305184977111805,3.19324347222221,3.700900505050493,2.844088095238073,4.399042987117516,4.257025706018503,4.383918444444455,3.216344444444424,4.09733914814814,6.066934025024991,5.216769963866289,3.5581478009259127,3.2483528619528323,5.817347222222195,2.860027777777772,3.088631111111077,4.7907146723646585,4.224469373219363,6.095221804903489,3.952547354497341,0.0,3.99581200716845,6.8993360462963125,4.660204347222217,5.57399248677248,3.475214166666656,2.8152374999999927,7.108483185185191,3.6899579966329816,3.5174044999999845,4.582039444444432,3.1471283413848474,4.716637979629618,6.864781481481461,2.916783106575954,7.895410942760962,4.055903546767088,4.3388309953703645,3.5077287037036737,5.1026531481481525,4.777219220945065,4.288351851851841,4.709141737891727,2.733977777777761,6.9295330412102105,5.271095899470886,5.764182822477597,4.851234754521949,3.3089442832243745,5.074277962962937,4.674185555555547
LS,4.3312378456221,7.274174291300087,4.149201935483853,4.207789560117284,6.05923428778542,3.696941653225797,4.8129973607038,3.44025309779823,5.35282808555397,4.933811804435475,5.657300645161286,4.164781182795678,5.429159691244212,6.915021017436761,5.021622816679749,3.6246694422042864,4.2357072825024025,5.572941630824353,3.084805734767024,4.452983118279528,4.831498428453241,4.417170223325044,5.893521667423882,4.007999078340991,3.99581200716845,0.0,7.664225927419383,6.025402048387088,5.311143886328709,4.198352137096769,3.595937141577056,8.095227698924733,3.3366379032257925,3.849945370967732,4.850854999999978,4.270330504908822,5.136065530645149,7.609323387096731,3.288000658327839,8.925858357771277,4.189181082558764,5.461710786290305,4.6709659677419175,4.966186935483862,5.404761735261371,2.8103965949820604,4.763257320099234,3.61479193548385,8.291970190822337,4.77707475422425,5.654972769744092,5.520195423855927,3.70889680075899,5.147720232974872,4.052722546689292
LY,7.718599821428592,7.495518709595987,7.439150750000019,7.010475522727309,7.168315103932586,7.572215833333354,7.970171750000031,7.491096718253998,5.9934832065217645,6.543731187500021,7.337602750000027,7.639251250000024,5.375791821428584,5.010484317567569,10.087893067073209,7.641377708333354,7.106046128787892,7.134152898148166,7.591880583333364,6.303557472222235,9.664727185897473,9.212606096153882,6.567234679577498,8.9474936071429,6.8993360462963125,7.664225927419383,0.0,5.245948750000002,6.966598511904773,6.748764000000026,6.870742305555583,6.102675083333329,7.597685022727304,7.11511075000002,6.009292916666671,6.929809532608719,6.4735837,8.084403083333354,7.696582872449019,8.457323371212148,7.440017419491542,7.481175000000018,6.141627750000017,7.574262250000017,9.37222642241383,8.34495563888892,9.316393865384647,7.593096314516175,6.00439789788733,7.476093678571474,6.59771797413794,8.471663308139558,7.167799720588249,6.345012472222227,7.6607143026316065
MA,5.789014446428587,6.34095140656564,5.478782624999994,5.01797768181818,5.8592126264044575,5.493864041666655,6.037305409090885,5.360613718253953,4.798758706521727,4.8577968125000055,5.842253249999992,5.605552805555532,3.1216968333333277,4.403189658783767,8.198590137195108,5.950586291666651,4.955592064393924,5.886859222222211,5.728019097222202,4.509331722222214,7.521540381410238,7.266200480769206,5.58977097359154,6.977661499999977,4.660204347222217,6.025402048387088,5.245948750000002,0.0,6.085562071428557,4.900202750000003,5.224097847222216,5.805728541666632,5.72062030681816,5.173301249999994,4.980134208333312,4.989084624999982,5.069830599999997,6.689779208333297,5.615740683673467,7.709292738636332,5.854455025423717,5.488041625000008,4.402401208333329,5.76451099999999,7.442453426724116,6.61169038888887,7.34760077884613,5.518778153225799,4.693539904929555,6.013658946428569,5.2615199353448086,6.649382406976716,5.025977419117644,4.9207772777777565,5.928538861842086
MG,5.934352261904762,6.714160620490629,5.219279523809526,5.259728701298688,6.126547581594437,5.201129226190465,6.18067952380951,5.435331269841255,5.224471252587984,5.6325698660714085,6.344362000000001,5.993073650793641,5.863877285714277,6.636909640926628,7.659185098722392,5.195492767857123,5.819220086580064,5.794843306878296,5.5561214285714255,5.030790317460296,7.597548681318656,6.918357619047606,6.224121918175725,6.702677619047606,5.57399248677248,5.311143886328709,6.966598511904773,6.085562071428557,0.0,4.598809166666656,5.496219484126977,7.3565520952381025,5.277458852813843,5.337258309523798,5.654212142857136,5.538560538302279,5.747525002380932,7.095512261904747,5.4418350340136055,8.656055108225097,4.952644334140428,5.595323452380928,5.322585238095234,5.773771190476184,7.250866715927732,6.1888888888888784,6.986143846153827,5.688850752688177,6.8979463447350815,5.687605476190464,5.3347459934318255,6.446665791805075,5.259116386554605,5.46556738095236,5.38603275689222
ML,4.009557142857143,5.200865328282825,3.4354362500000017,2.7340353409090894,6.182702724719077,3.245915000000009,4.249757613636353,3.313987559523799,3.395946086956513,3.473964062500003,5.079705250000011,4.024694583333312,4.504099535714283,5.9289537905405085,5.968926524390253,3.689094375000011,3.720168068181805,4.958369490740737,3.611589166666667,2.5667355555555424,5.597119615384615,5.018432403846157,5.131712464788729,4.687845000000003,3.475214166666656,4.198352137096769,6.748764000000026,4.900202750000003,4.598809166666656,0.0,3.242605277777772,6.76253699999999,3.4420803409090834,3.626309500000004,4.566177499999983,2.602581358695643,4.161659949999997,6.838439166666642,3.4771278826530625,8.134851439393927,4.340624682203379,3.339270000000003,4.086344166666653,4.7269537500000025,5.6720957758620685,4.640679722222219,5.018301634615376,3.31456125,6.935152799295762,4.392112500000003,4.814513534482738,5.176366947674418,3.596045749999997,4.192956666666648,3.7860771052631543
MR,3.249753809523793,6.270001388888896,3.4046452777777803,2.9583763383838337,6.88192691947565,2.6300181944444354,3.610664267676757,2.2415716269841126,4.552782330917852,4.26415649305555,4.669476166666677,2.977443055555536,4.420985865079358,6.2434112507507225,4.6176266598915845,3.17530076388888,2.907343560606042,5.942230648148136,2.342601388888888,3.1827352777777627,4.328966132478622,3.6867979700854665,5.971890950704212,3.385429166666656,2.8152374999999927,3.595937141577056,6.870742305555583,5.224097847222216,5.496219484126977,3.242605277777772,0.0,7.350691388888902,3.075693813131304,3.184859111111109,4.606998055555542,3.274207185990329,5.144697949999994,6.584999999999972,3.1106585884353786,7.729257702020213,4.566820409604508,4.108184791666667,3.934391944444426,5.374781944444442,4.43768136973179,3.71817083333332,4.181618482905976,2.2307150089605674,7.436637773865407,5.24995488095237,5.887962327586167,4.412394670542627,3.173474650326781,5.224520277777758,4.462601564327476
MU,7.707798452380963,8.014112444444462,7.673373666666643,7.331814060606079,6.385898786516875,7.896465416666689,8.096551393939398,7.567960063492065,6.430673000000015,7.115288895833316,7.367690666666681,7.687430444444447,6.051366047619042,5.96412725225224,10.655651382113764,8.30927187499998,6.917419939393929,7.585197666666659,7.835953333333343,6.632002666666672,9.860753435897392,9.34701969230767,7.033997643192494,9.256022666666636,7.108483185185191,8.095227698924733,6.102675083333329,5.805728541666632,7.3565520952381025,6.76253699999999,7.350691388888902,0.0,7.876428393939402,7.410021166666665,5.646637000000003,7.132905884057995,6.742361449999974,6.581081666666682,8.108897687074853,8.288152363636375,7.766706892655385,7.481645666666655,6.429946666666681,7.958300333333332,9.496085425287324,8.770717111111091,9.662231076923051,7.781346774193571,5.833117079812216,8.090052238095256,7.321700229885055,8.105223224806192,7.195052196078437,6.845752777777776,7.884790526315801
MW,3.704708474025952,6.341636616161615,3.547420909090902,3.2981331818181667,6.750193232890693,3.03167920454544,4.422938636363624,2.997740728715704,4.738700909090878,4.36949713068181,5.537743727272742,3.829230555555529,5.111903670995639,6.653100471744436,4.648000055432357,2.802525587121201,3.826643181818146,5.437558282828253,2.816049747474745,3.8560367171716807,4.4716836247086,4.214534790209772,5.528846241997425,3.882050974025957,3.6899579966329816,3.3366379032257925,7.597685022727304,5.72062030681816,5.277458852813843,3.4420803409090834,3.075693813131304,7.876428393939402,0.0,3.821677227272713,4.764771212121195,3.6081666996047215,4.703965995454533,6.918671212121166,3.0222753710575017,8.45364469696969,4.681560978428329,4.2939134090909015,4.24177651515149,5.165909090909088,4.989887852664555,3.5114093434343245,3.972805769230756,3.163459750733117,7.807145653008943,4.854442554112526,5.45183064263317,5.236139587737822,3.218230219251304,4.652558282828242,3.71942184210526
MZ,3.6251547142857135,6.777820823232336,3.891662499999991,3.623394227272727,6.219936297752791,3.514988749999995,4.365428863636355,3.3230725317460177,4.827063499999985,4.559839687499998,4.402664500000005,4.064021944444423,4.394414880952367,6.309174337837819,5.7818265,3.6105928750000063,3.7343353181817993,5.983297944444438,3.3932764999999896,3.67386761111109,5.44356011538461,4.808155115384609,5.950623035211268,4.560320785714279,3.5174044999999845,3.849945370967732,7.11511075000002,5.173301249999994,5.337258309523798,3.626309500000004,3.184859111111109,7.410021166666665,3.821677227272713,0.0,4.43823149999998,4.000391934782594,5.048741849999996,7.045802833333308,3.668039193877549,8.388290439393954,4.57314388983049,4.849863500000007,4.074756499999976,5.3715535,5.056943810344814,4.225461833333325,5.356648192307686,3.335681887096772,7.242453035211247,5.267876976190485,5.711069810344799,5.193735313953479,3.4210538529411747,4.947263277777749,4.613902289473674
NA,5.379137023809515,6.270722979797967,5.05814666666664,4.6044822727272665,5.230824363295869,5.038701249999988,5.889724393939365,4.916929126984104,4.823013478260851,4.726492395833328,5.450622999999994,5.312322777777751,4.947743523809496,5.56958203603602,7.470139959349544,5.215561041666631,4.674431666666633,5.515807777777759,4.7175461111111,4.439551666666645,6.972021410256361,6.616360384615342,5.083960446009376,6.410985476190432,4.582039444444432,4.850854999999978,6.009292916666671,4.980134208333312,5.654212142857136,4.566177499999983,4.606998055555542,5.646637000000003,4.764771212121195,4.43823149999998,0.0,4.503591376811579,4.834526083333309,7.139303333333311,4.696336360544207,7.357791666666618,5.35681742937851,5.395194374999982,4.564859999999986,5.985039999999963,6.9887528160919,5.572762777777746,6.896883205128157,4.804838118279559,6.654731760563367,5.5812076190476105,5.284588103448235,6.256316085271278,4.380884803921549,4.371659999999974,4.911419912280687
NE,4.543560698757748,5.02747476943347,3.301532391304327,2.721012450592874,6.373518588177821,3.6486882789855,4.350900988142279,3.499395893719781,3.755195869565188,3.4101012907608608,5.083863043478264,4.077098067632826,4.657748051759822,6.220889206815487,6.082836108165425,4.181670208333324,3.4514245059288235,4.86983309983895,3.711135024154573,2.5413335265700274,5.728619899665541,5.145212541806004,5.182346025719522,4.851120807453402,3.1471283413848474,4.270330504908822,6.929809532608719,4.989084624999982,5.538560538302279,2.602581358695643,3.274207185990329,7.132905884057995,3.6081666996047215,4.000391934782594,4.503591376811579,0.0,3.915422832608687,7.361196014492727,3.346217701863342,8.073400461133092,4.496996499631521,3.755057989130423,4.142452391304328,4.489950217391306,5.732085832083941,4.854851207729453,5.154576086956504,3.076740252454401,7.291845352112663,4.230034337474103,4.932819355322296,5.477581445904942,3.847362664961616,4.091708768115916,4.019246796338667
NG,5.837719592857128,5.998425656060599,4.84178825,4.478690786363623,5.561750947752787,5.146868599999992,6.066194340909068,5.248901440476178,4.658114732608682,4.066996262499999,5.858584649999992,5.726302205555533,4.769109583333317,5.985617058108085,7.453818779268276,4.847815591666659,5.219674507575741,3.5562270759259125,5.10769861666666,3.871058972222202,7.105430021794861,6.968630919230756,4.259976233098568,6.591757078571409,4.716637979629618,5.136065530645149,6.4735837,5.069830599999997,5.747525002380932,4.161659949999997,5.144697949999994,6.742361449999974,4.703965995454533,5.048741849999996,4.834526083333309,3.915422832608687,0.0,7.990031483333308,4.841876133673468,8.33793853181816,4.79468567372879,4.912918124999997,4.377304916666654,4.293488649999994,7.3620866568965315,5.517129183333322,6.614317111538441,5.21975518225805,7.017708023239404,3.827702249999991,3.974815612068941,7.010193966279052,4.830309255882341,3.4438397277777493,4.316102634210512
RE,6.850082738095231,8.08172146464644,7.1936291666666206,6.4923327272727045,8.544291947565531,6.812631249999992,7.3301348484848114,6.312587499999963,6.889501956521729,6.972833020833319,7.001652333333303,6.629737499999961,6.643029642857123,7.323883774774745,8.489169207317003,6.973604791666632,6.425888257575718,8.336357962962955,6.7374569444444194,7.068408055555524,8.10220737179481,7.589382371794814,7.880691948356799,7.345695833333282,6.864781481481461,7.609323387096731,8.084403083333354,6.689779208333297,7.095512261904747,6.838439166666642,6.584999999999972,6.581081666666682,6.918671212121166,7.045802833333308,7.139303333333311,7.361196014492727,7.990031483333308,0.0,6.784199999999964,8.843354545454483,8.048030932203345,6.92977145833332,7.071829999999985,8.308104166666611,7.73803290229879,7.253441666666618,7.844425641025593,6.426436155913969,7.502479213615008,8.593908809523786,8.273532068965482,6.546043217054218,6.312587058823515,7.734864999999962,7.988968026315758
RW,4.072899132653051,5.951394867037728,3.24072663265306,2.702432022263443,6.782281586792013,3.1228508588435324,3.836597217068635,2.974785260770956,4.7663541126885445,3.74507987882653,5.1157464489796025,3.5379091836734475,4.964521938775486,6.831526516822918,4.360642210054746,2.901542410714285,3.686868305503993,5.700908665910799,2.4701558956916068,3.766918276643968,4.404896075353208,4.005819152276284,5.949986901408442,3.582853061224478,2.916783106575954,3.288000658327839,7.696582872449019,5.615740683673467,5.4418350340136055,3.4771278826530625,3.1106585884353786,8.108897687074853,3.0222753710575017,3.668039193877549,4.696336360544207,3.346217701863342,4.841876133673468,6.784199999999964,0.0,8.052228138528157,4.167052369422343,4.08834451530612,3.8099827210884185,4.961672755102044,4.362433356790981,3.1337345804988503,4.116470172684447,2.2807655365371846,7.765257904570267,4.822699693877539,5.596994595355325,5.077545942097756,3.486443061224472,4.852918696145104,3.9343267669172937
SC,8.70594646103896,8.535975757575768,8.588840606060577,7.526271515151498,8.989602417432758,8.517837689393932,8.023315151515172,8.52932323232322,7.692316251646892,7.425942869318186,8.287217090909074,7.896660101010126,7.686430203463173,8.413568510237488,10.226792682926808,8.49931267045449,7.586728787878755,8.768475033669995,8.263778282828298,7.845149292929254,9.99894522144522,9.186230069930048,7.976733141271885,9.135945454545464,7.895410942760962,8.925858357771277,8.457323371212148,7.709292738636332,8.656055108225097,8.134851439393927,7.729257702020213,8.288152363636375,8.45364469696969,8.388290439393954,7.357791666666618,8.073400461133092,8.33793853181816,8.843354545454483,8.052228138528157,0.0,9.038406420133512,8.207135776515148,7.65533606060607,9.036704090909051,8.606181295715782,8.408619696969714,9.626071328671308,7.956346089931602,9.302094635083208,9.214420670995668,8.67673283176588,8.35914869626498,8.08035934759357,7.956772272727249,8.900151897926618
