ISO_CODE,AO,BF,BI,BJ,BW,CD,CF,CG,CI,CM,CV,DJ,DZ,EG,ER,ET,GA,GH,GM,GN,GQ,GW,KE,KM,LR,LS,LY,MA,MG,ML,MR,MU,MW,MZ,NA,NE,NG,RE,RW,SC,SL,SN,SO,SS,ST,SZ,TD,TG,TN,TZ,UG,YT,ZA,ZM,ZW
AO,0.0,28.200865274169946,28.052478214285525,25.604948181817832,38.53681764044947,25.44191702380904,35.23574188311602,26.116976904761703,25.5962209937884,25.41036044642819,24.99459914285691,34.67639761904719,28.8672717142854,34.677587092664275,35.25047508710729,27.631686279762132,26.79224077922051,26.861865238094577,28.56400261904695,26.48887960317431,35.53716902930337,31.44090912087873,26.613028390341352,31.572768571427904,26.366241402116067,28.63757062211936,34.90580571428536,30.50291308928512,25.869708809523384,26.118420267856983,28.83261603174565,45.63509233333284,27.37121499999954,19.61549571428588,28.618768333333037,28.35645338509276,26.479327971427963,39.82802517857111,27.200507959183348,57.33916861471784,28.64990826876479,25.355357321428222,28.77460988095177,32.98504714285675,32.9244634482751,30.60029968253916,32.65302318681272,25.917776013824547,36.67299383299701,27.92538880952341,26.463283374383906,39.22761338870359,24.783962630252137,25.813991507936198,27.257182894736584
BF,28.200865274169946,0.0,17.2849600252524,10.5773617171716,41.863158994438905,11.838146919191452,22.479113131313,13.449283694083304,10.516405566534988,11.814371786616244,33.574208808080705,23.10217929292926,20.93756664213531,29.57546218400285,23.146384528209012,17.23942811237332,13.95824444444405,20.72024393939348,18.17840404040351,12.960521919191995,23.514316550116664,22.20367070707068,18.684475070421897,17.887814141413745,17.617737205386792,20.632272336265725,28.324099338382947,24.13071736111064,20.1133187301586,11.524657114899004,14.77964722222154,45.84194456565613,18.88782777777729,19.65791628282869,25.20798045454568,11.882632037768625,17.655381719191713,37.9409202651511,16.390256565656244,56.050962626261054,23.31775124122593,11.943758952020428,18.28179729797958,24.489159090909503,28.915086172065735,22.6165323232323,18.452085703185457,12.185621049201426,35.56251663536672,17.72707585858559,22.87736424242408,29.95470082217538,20.12811408853248,21.61691929292917,18.503246198830144
BI,28.052478214285525,17.2849600252524,0.0,15.085877500000151,39.79848710674234,15.489822499999576,24.25661795454521,16.409993611111283,16.265800326087284,15.524900000000434,30.939493499999728,23.45289083333337,23.11505678571388,31.28968787837921,26.67451298780484,18.10502145833314,17.527147348484974,19.587174351851317,18.233700277777743,15.343161944444878,26.560388397435823,24.409301346153917,19.66241771126701,21.211220357142807,16.348833055555865,20.272934596774277,30.01244349999892,25.661269749999505,20.038767261904685,16.461053125000312,17.818544166666744,44.921211833333246,18.470357954545356,19.51707250000044,24.482324166666555,15.607477934782638,18.50396979999975,38.278462083332805,16.28022954081668,54.772930075757856,21.05291368644085,16.49113937500046,19.303584999999952,22.892662500000192,31.129917327585773,22.329586388888963,22.36859403846169,15.011427822580773,36.98950742957632,18.685929880952504,21.484976465517217,32.13435645348788,20.297679205882503,20.96389305555567,19.85360934210516
BJ,25.604948181817832,10.5773617171716,15.085877500000151,0.0,40.539546363636646,9.538547878787636,20.336900909090765,11.9501786291484,9.26613092885374,10.121027159090971,31.39927727272733,20.741408888888994,19.91695362337615,28.71965452579905,19.928251330376845,14.273758617423653,12.779035454545191,18.415023872053226,15.444407979797983,12.740819494949546,20.7002174125873,19.17817209790205,16.67178768245786,15.044312857142655,15.144062626262514,17.706403137829874,27.909956272726497,23.05261998863577,17.809651818181884,11.13184494318179,12.973046363636184,45.16720321212099,15.668705454545206,16.972805363637086,23.225540757575967,10.980164664031422,15.058540827272529,36.7628041287875,12.892279721706798,54.45531606060517,21.4635348073963,10.144239545454734,16.895654318181883,22.728479090909435,25.680232507836998,19.18151808080811,16.437326643356524,8.629153460410501,35.22668719590174,14.819180259740168,20.847771630093987,27.82488395348821,17.343657235294113,19.497520707070823,15.652741196171997
BW,38.53681764044947,41.863158994438905,39.79848710674234,40.539546363636646,0.0,40.5155256647942,47.98280296220688,40.236116336722255,40.554664872984894,38.35589334971903,43.04532211235954,46.73789744069929,39.45325253237003,41.00716886182848,49.68102650041168,40.492636266386974,39.75821358529102,33.48486671244258,39.93660717852728,39.36312257178513,50.86594177470538,48.24018522039825,35.62292908213239,46.78126613162176,36.52319348730768,35.75701424429174,42.27498669101151,40.73442658848211,35.65197761369724,39.638367801966,43.12708670412066,39.96195267415766,37.23065107252303,37.384045033707245,31.2366824531836,42.0429592330239,35.595577557303265,45.96469253277164,39.77436764503589,57.88643173306156,32.2194814130644,40.646055421348265,38.44473686329565,38.79779674157334,51.76810000000076,38.56604981273429,47.84476940363085,40.32123573758621,40.79125827979014,38.62015438202213,31.16560244866288,52.33695011758629,31.903009575017037,30.036494119849777,35.23987437019558
CD,25.44191702380904,11.838146919191452,15.489822499999576,9.538547878787636,40.5155256647942,0.0,20.664276439393017,10.27878507936473,10.2539460507246,10.067094374999902,32.73620349999932,21.736311666665884,20.395629428570995,29.33651789639671,20.71340638211282,13.8826881249994,13.310591969696482,18.608479259258573,16.092536666666003,12.483475833333031,21.044200576922048,20.343840448717117,16.428828744130833,15.612778690475396,15.920625740740029,17.558909516128313,28.04153199999902,23.3567949583328,17.495214166666667,10.15558437499988,13.884961666666229,46.2111576666662,15.836821818181097,17.05522500000005,23.767689166666155,11.956742318840195,15.241170033333074,38.33489458333285,13.842294982992817,55.33312015151581,21.211999901129317,9.94552562500001,17.07713166666605,23.056850833332717,26.736980114941424,19.102954999999145,16.342784358973596,10.066877607526717,35.13133213614939,14.787936428570967,20.54081474137904,28.867338294572665,18.063591990195928,19.1641033333329,15.766979254385316
CF,35.23574188311602,22.479113131313,24.25661795454521,20.336900909090765,47.98280296220688,20.664276439393017,0.0,22.49370043290069,21.573942430829508,21.989351136363272,37.80457745454476,25.64371363636337,28.342939761904265,36.15258337592219,28.68794323724998,23.362648200757764,23.86719393939346,28.520400606059777,23.697728787878045,24.01290333333308,28.935087179486672,24.41249370629369,26.55712308578669,22.038110389610026,24.443124074073808,26.16825806451561,35.95241113636306,31.281629068181,27.55572216450189,22.66106755681845,21.87346060606054,51.58763466666585,25.29946363636301,26.89560518181785,31.845694696969723,21.21162470355663,25.30780312727219,44.67286723484789,22.840021521335466,54.70996666666522,30.002461325115675,22.09489880681777,25.404549015150597,28.138430909091287,32.0870921630085,25.81685656565618,22.703610489510407,20.116941348973505,42.138605749037815,25.29738588744585,30.340851410657848,32.49511839323363,26.846684433155264,29.23111202020144,25.81584622009565
CG,26.116976904761703,13.449283694083304,16.409993611111283,11.9501786291484,40.236116336722255,10.27878507936473,22.49370043290069,0.0,12.408810569358094,12.140947619047454,31.89846057142952,22.478699206349564,21.663919444443916,30.2881864530253,24.24499132791373,17.6312640376981,11.719454545454186,20.509905343914763,17.59397142857136,13.380574444444584,24.003128693529117,23.05291990232038,19.18631843728981,18.393726984126918,16.615364285714122,19.228170302099432,29.62567147618937,24.34690819642796,18.114431746031663,11.153393025793516,15.78749325396777,44.60344330158726,17.836999350649084,18.541903063492526,23.68433912698444,13.103884368529586,17.991948617459993,36.25451537698422,16.5231555555554,55.2126743145732,21.47753833736907,12.26285772817457,19.392792738094915,24.656111904762607,28.98657963875273,21.283950793651005,18.84950708180713,10.84487537122342,35.29290848423763,18.878515714285605,22.243013508483788,28.844606127723026,19.379701022408984,21.10871111111124,18.570791461988176
CI,25.5962209937884,10.516405566534988,16.265800326087284,9.26613092885374,40.554664872984894,10.2539460507246,21.573942430829508,12.408810569358094,0.0,9.1457848097827,31.678318739129868,22.12447171497534,19.171709498964507,27.97119440305536,21.349513494167024,15.63109948369536,12.772490678524289,17.91495987922656,17.172355193236566,12.01584799516912,22.18371788740184,20.66791255852802,16.560046690140254,16.761184254658197,16.438765322061176,19.303551297334888,26.73926299999943,22.475147048912767,17.721276801242297,11.103871929348106,14.443039057971005,44.74731181159466,17.647497213438424,17.383403347826572,24.13721507246338,12.340458043478256,15.710034382608631,36.733097300724566,15.06268220496899,54.56468145586398,22.385790114222253,10.024658614130637,17.71347619565211,23.55221760869529,27.081654445276424,21.145129154588854,18.410345903009823,11.350771858344975,34.052410707286306,15.608210155279302,20.82977994752607,28.43757995449865,18.190430240409352,20.280182439613423,17.356135961098115
CM,25.41036044642819,11.814371786616244,15.524900000000434,10.121027159090971,38.35589334971903,10.067094374999902,21.989351136363272,12.140947619047454,9.1457848097827,0.0,30.99854674999934,22.97245055555506,19.542296458333,27.921110391892057,21.691422682926525,14.693346249999806,13.04105583333323,16.934598449073714,16.40274006944448,12.428456388889025,22.27731134615343,21.23386913461505,15.657179330985468,16.996174821428664,15.001392314814916,17.79702935483879,26.52365299999916,22.31335899999952,16.95283145833332,11.571306250000212,14.924819722222326,44.56243933333313,16.635406761363537,15.8396743750007,22.73369354166628,13.079935353260996,13.558458349999984,37.30578229166629,14.449549553571604,53.599407935606415,19.86503643008461,10.573537500000258,16.683547916666647,22.14030249999976,27.297303879309556,19.696604791666537,19.407698076923037,11.311319576612872,34.38373048415401,14.823538869047702,18.866636379310368,29.352275901161853,17.343026654411855,17.987762777777828,16.1377658881578
CV,24.99459914285691,33.574208808080705,30.939493499999728,31.39927727272733,43.04532211235954,32.73620349999932,37.80457745454476,31.89846057142952,31.678318739129868,30.99854674999934,0.0,35.42469355555517,32.6090190952379,38.08028021621691,41.23148624390243,34.49398320833377,31.07493066666617,33.17781422222159,32.18750111111053,31.9618304444442,41.58311364102556,35.10892553846153,32.718814788731706,36.026927428571184,30.41975251851826,32.92205729032235,38.73231999999979,34.703575749999345,31.2025998095237,32.24529462500009,33.963760555555524,45.26605866666653,33.2403438181814,25.448573999999866,32.32188833333334,32.0469687826084,32.39844249999959,39.5326907499997,32.68337159183651,56.69444181818111,33.10812406779674,31.63154787499936,33.36372016666596,34.83358800000029,36.91527724137912,34.401882222222,37.39299169230773,31.08993832258069,39.9782588450693,34.81828904761884,33.002646206896216,41.527961860464494,30.238342176471143,31.69676933333305,33.7221581052632
DJ,34.67639761904719,23.10217929292926,23.45289083333337,20.741408888888994,46.73789744069929,21.736311666665884,25.64371363636337,22.478699206349564,22.12447171497534,22.97245055555506,35.42469355555517,0.0,26.22151182539638,35.05339371171229,29.699229403794103,23.630007291666868,22.82653282828268,28.665377777777096,22.28339444444412,23.803876666666604,29.710210683760813,25.18345256410284,26.925003787166773,22.1793484126985,23.8055962962964,25.51565215053773,34.664953388888286,29.790796958332475,26.52740968253963,22.276086458333484,21.33105277777771,48.06356555555483,24.29686767676772,27.10801222222221,30.492186111111227,20.17198647342968,26.028929411110692,40.74038541666598,22.69153503401363,55.40478131312934,29.670397269303404,21.56799062499959,24.23728638888807,26.60731888888912,34.04280325670443,25.11089444444469,22.216955128205324,20.64223637992837,39.34778541470911,25.91990714285709,29.97485229885025,30.4693978036172,26.006134581699467,29.08376444444404,25.9291521052634
DZ,28.8672717142854,20.93756664213531,23.11505678571388,19.91695362337615,39.45325253237003,20.395629428570995,28.342939761904265,21.663919444443916,19.171709498964507,19.542296458333,32.6090190952379,26.22151182539638,0.0,19.92874200900885,29.613472498257263,22.127187565475783,20.900735709956376,23.08496648148109,23.66307071428526,20.700635380952125,31.360473564101984,28.38444493406535,21.8753368443994,25.27696528571376,21.772452756613347,24.8980573287246,18.69427085714289,13.872840452380943,21.361650714285563,20.062770720237705,18.8730067142853,42.43470661904776,24.100279987012502,21.97776433333321,25.79669819047582,21.207139074533785,21.503800395237803,36.56193644047616,23.10113172108798,53.888929510823225,25.16315800726349,19.62888506547585,20.304541833332955,26.046078619047183,34.00413450082069,26.869338047618456,25.85506491208746,21.03136809984599,23.28907858014726,23.35691861904732,24.594171029556467,34.02444922148379,20.98807969747893,23.548949952380585,23.531132022555973
EG,34.677587092664275,29.57546218400285,31.28968787837921,28.71965452579905,41.00716886182848,29.33651789639671,36.15258337592219,30.2881864530253,27.97119440305536,27.921110391892057,38.08028021621691,35.05339371171229,19.92874200900885,0.0,35.582209525379824,28.88994426463976,29.74090355282582,28.5071533353357,30.74353736336415,29.34123193994002,38.40145381843456,35.86982819126889,27.245162649409963,34.04077414671906,28.38252628828868,31.225173942459374,21.399234918919188,22.254704560810847,29.62935928185357,29.239470266892504,27.52448387387451,44.20453654054124,30.221123975430444,29.293141918919385,29.93267476576615,30.23073503172811,27.57696422702682,41.563708331081386,30.18043458246066,56.637285520066,31.009544220797405,28.75840355743267,26.805322022523114,32.25956043243348,40.633103295434005,33.22866266666741,34.12388660706943,29.802669440279736,26.746079773886308,29.764181196911554,29.32035671761412,41.76959231803938,26.12730083465829,28.50035333333344,28.87929369843595
ER,35.25047508710729,23.146384528209012,26.67451298780484,19.928251330376845,49.68102650041168,20.71340638211282,28.68794323724998,24.24499132791373,21.349513494167024,21.691422682926525,41.23148624390243,29.699229403794103,29.613472498257263,35.582209525379824,0.0,16.39470019817019,25.975738950479936,26.98137570912295,21.36854173441668,25.153954959349345,18.75324452782983,21.672213508442965,24.300079137752697,17.270981881532993,23.107410162601543,22.71772777340658,35.387453719511704,32.54349838719423,28.643104320557235,23.94261754573216,19.23701571815688,56.27767388617745,21.38753270509935,25.97298456097561,31.968808983739912,22.28548764581055,22.23995223170702,48.00601559959331,18.61893708312572,61.48755986696076,29.9166623398102,22.09753190548743,22.665127378048037,30.30739487804951,29.066734230445327,23.719402981029848,21.308351031894983,20.799230605822213,45.69149383373173,20.391874274099717,29.435409184187968,35.111900737378804,25.46180518364431,28.870630623305683,21.56102595635423
ET,27.631686279762132,17.23942811237332,18.10502145833314,14.273758617423653,40.492636266386974,13.8826881249994,23.362648200757764,17.6312640376981,15.63109948369536,14.693346249999806,34.49398320833377,23.630007291666868,22.127187565475783,28.88994426463976,16.39470019817019,0.0,19.24308717803008,16.142939652777216,13.563941458332875,17.195417847221954,19.52855488782046,18.94522517628191,15.3562684008211,15.65235860118986,15.516081643517978,15.459561444891898,28.386115041666613,25.25585387499952,20.647811101190342,16.731875833333095,14.433113124999435,49.01263970833353,13.2771758143934,18.05307770833347,23.408189791666903,16.495946838767633,13.933871474999782,42.72571812500023,12.047120888605065,56.21809710227406,20.199382086864308,15.382825833333284,14.381493541666408,21.53797645833367,26.283102923851008,17.137449236110708,18.511448766025424,14.53122196908557,38.31621803110256,12.327547767856844,19.315774647988466,31.75316186531066,17.885199183823477,19.003150208333164,13.582783344297663
GA,26.79224077922051,13.95824444444405,17.527147348484974,12.779035454545191,39.75821358529102,13.310591969696482,23.86719393939346,11.719454545454186,12.772490678524289,13.04105583333323,31.07493066666617,22.82653282828268,20.900735709956376,29.74090355282582,25.975738950479936,19.24308717803008,0.0,20.88275457912396,18.732065656565293,14.81463272727292,25.79139883449845,23.870126806526567,19.94075651301701,19.76031948051915,17.404743939393757,20.51929501466236,29.28849230302933,23.897337234848028,18.69587558441535,13.10626236742407,17.005357575757273,42.63654484848424,19.155269696969317,19.081895363636693,23.26170045454548,14.465126811593905,19.081740912120857,34.540267613635926,18.065649536177894,54.25467575757467,22.179480071905655,13.363575965909083,20.3556453787874,25.24767575757587,29.92996530825429,22.53066262626237,20.880819347319104,12.263281915933154,34.24682733674691,20.50485454545433,22.985573918495,29.18540021141575,19.487715381461825,21.45859505050503,19.3997065071768
GH,26.861865238094577,20.72024393939348,19.587174351851317,18.415023872053226,33.48486671244258,18.608479259258573,28.520400606059777,20.509905343914763,17.91495987922656,16.934598449073714,33.17781422222159,28.665377777777096,23.08496648148109,28.5071533353357,26.98137570912295,16.142939652777216,20.88275457912396,0.0,18.95966222222159,18.003223703703068,28.708294529913783,27.20611099715032,14.568753802816468,25.041975873015076,16.614239999999413,18.5326529390674,28.10022729629563,25.47944049074047,19.39239412698378,18.696401273147675,21.932706481480984,44.37375903703622,17.113411010100318,19.229136703703333,21.52615018518488,20.671723542672424,12.330445811110732,40.85393199073991,18.076753711261706,52.5679765656556,16.45019959824165,18.553312893518115,18.59513175925872,20.361510370369867,32.4440848786709,21.45285851851776,26.584284928774213,19.2753904540019,35.99101006259724,14.975857883597556,14.424428326947371,34.73376063738077,17.439096254901823,15.22474888888845,15.378640116958454
GM,28.56400261904695,18.17840404040351,18.233700277777743,15.444407979797983,39.93660717852728,16.092536666666003,23.697728787878045,17.59397142857136,17.172355193236566,16.40274006944448,32.18750111111053,22.28339444444412,23.66307071428526,30.74353736336415,21.36854173441668,13.563941458332875,18.732065656565293,18.95966222222159,0.0,19.132423333333374,23.071141452990624,20.473435042734675,17.54343251956116,18.18371031745994,14.74482407407413,16.128124014337015,30.187949611109698,26.45605180555492,21.76525539682511,17.57334840277794,15.608586111110633,46.842247777777146,13.982450505050492,19.834028444444563,22.88584277777779,15.938412801932262,16.237086588888683,40.607047916666325,13.009688548752944,54.69077626262663,19.5104476459512,16.447545555555706,16.751705833333325,20.63229666666652,28.16072605363857,18.009616666666528,20.34197606837568,14.500229749103914,38.52801596244014,15.785510158730096,20.72461367816079,31.311092506458596,19.32417731372557,20.128407777777657,15.253065204678151
GN,26.48887960317431,12.960521919191995,15.343161944444878,12.740819494949546,39.36312257178513,12.483475833333031,24.01290333333308,13.380574444444584,12.01584799516912,12.428456388889025,31.9618304444442,23.803876666666604,20.700635380952125,29.34123193994002,25.153954959349345,17.195417847221954,14.81463272727292,18.003223703703068,19.132423333333374,0.0,25.78871282051251,24.024597948717823,18.648548059467377,20.217413809523705,16.587490740740922,21.342894910394133,27.897604888887955,24.20114487499955,18.5766660317461,10.339346874999991,16.952086666666844,44.499162888888094,19.552540404040474,18.187150555555924,24.514071666666787,13.026556666666847,17.332515855555208,37.7806968055552,17.87039993197283,55.10095717171534,21.042806685499286,12.669316180555676,17.98986305555551,23.92027999999996,30.583994061302132,23.619438888888848,21.037704358974334,13.712637885304868,34.70289517996779,17.907032063492057,20.76185272030645,30.52325113695043,19.92675435947719,20.246736666666614,19.276366666666725
GQ,35.53716902930337,23.514316550116664,26.560388397435823,20.7002174125873,50.86594177470538,21.044200576922048,28.935087179486672,24.003128693529117,22.18371788740184,22.27731134615343,41.58311364102556,29.710210683760813,31.360473564101984,38.40145381843456,18.75324452782983,19.52855488782046,25.79139883449845,28.708294529913783,23.071141452990624,25.78871282051251,0.0,22.753205128205373,26.337845796315744,18.78018168498151,24.756803276353267,25.037013068651536,37.9245234999998,34.20948511217844,29.5062516483514,24.19080475961585,21.38996773504281,57.01349476922933,23.295115268064844,27.395643102564108,33.47681987179474,22.965587569676007,24.894358861538105,48.52898573717936,20.7476844583985,60.981970862469375,31.03235393307301,22.213809487179144,26.03863826922986,32.12500076923164,29.71623165340377,25.88736923076933,22.42193076923088,21.06438850289499,46.984121477064974,22.731539743589707,30.88555034482709,35.106852713177666,27.43996745852199,30.19920059829009,24.067789662618104
GW,31.44090912087873,22.20367070707068,24.409301346153917,19.17817209790205,48.24018522039825,20.343840448717117,24.41249370629369,23.05291990232038,20.66791255852802,21.23386913461505,35.10892553846153,25.18345256410284,28.38444493406535,35.86982819126889,21.672213508442965,18.94522517628191,23.870126806526567,27.20611099715032,20.473435042734675,24.024597948717823,22.753205128205373,0.0,25.164178667388345,16.49696373626381,22.83313148148155,23.325941439205973,35.62558092307641,31.169638365383783,26.97996505494488,22.783883990385,19.33354316239295,52.66728225640944,22.267136713286572,23.64392192307709,30.89930884615401,21.055259364547965,23.71197040769198,44.53781874999981,19.528848665620025,57.205840792539526,28.994857366362936,20.78084374999976,24.065453782050508,28.233416153846655,26.410724668434924,23.57562905982935,20.152130769230943,19.39200942928024,43.27367114842701,22.234881025641016,29.16547660477405,32.156964937387635,25.111162710407275,28.55014641025608,22.97517514170049
KE,26.613028390341352,18.684475070421897,19.66241771126701,16.67178768245786,35.62292908213239,16.428828744130833,26.55712308578669,19.18631843728981,16.560046690140254,15.657179330985468,32.718814788731706,26.925003787166773,21.8753368443994,27.245162649409963,24.300079137752697,15.3562684008211,19.94075651301701,14.568753802816468,17.54343251956116,18.648548059467377,26.337845796315744,25.164178667388345,0.0,22.464674024144283,16.337283348982172,17.27328864606926,26.5378952605629,24.14749303345035,19.805968685445603,17.648193635562972,19.487819436619045,43.74250308920077,15.365447644045451,18.29932514084488,20.183795563379757,18.56539773423081,12.38844273661951,40.03487076877848,16.011735679792547,51.780406517283375,19.437578503222014,17.004836232393888,17.028357992957197,20.589526760562865,30.34933058280653,19.88752449139205,23.975634290356908,17.58541327123974,35.225234084506496,14.068402327296567,15.010987076250146,33.4842630560097,15.54252851781257,15.07726602503874,14.082948383987691
KM,31.572768571427904,17.887814141413745,21.211220357142807,15.044312857142655,46.78126613162176,15.612778690475396,22.038110389610026,18.393726984126918,16.761184254658197,16.996174821428664,36.026927428571184,22.1793484126985,25.27696528571376,34.04077414671906,17.270981881532993,15.65235860118986,19.76031948051915,25.041975873015076,18.18371031745994,20.217413809523705,18.78018168498151,16.49696373626381,22.464674024144283,0.0,20.26574417989397,20.19779400921637,33.17863435714172,28.33099341071358,23.59187999999976,18.457933660714566,15.382854761904106,51.16745828571348,19.366486363635914,22.77019585714297,28.952495952381003,16.821787267080257,20.68602668571399,42.11679315476157,16.59743469387748,57.09066363636288,26.87229661016964,16.604391071428868,21.21392273809455,26.66780571428617,25.935158128078324,20.817490476190383,16.6807417582418,15.232077880184136,40.98597402414317,19.271863333333165,27.1535776354676,28.402661794019256,22.665660512605108,26.09292412698365,20.173691127819264
LR,26.366241402116067,17.617737205386792,16.348833055555865,15.144062626262514,36.52319348730768,15.920625740740029,24.443124074073808,16.615364285714122,16.438765322061176,15.001392314814916,30.41975251851826,23.8055962962964,21.772452756613347,28.38252628828868,23.107410162601543,15.516081643517978,17.404743939393757,16.614239999999413,14.74482407407413,16.587490740740922,24.756803276353267,22.83313148148155,16.337283348982172,20.26574417989397,0.0,17.64690412186381,27.39028477777689,24.68665296759205,20.619484391534314,16.74862983796302,16.833561111110647,44.04868451851797,15.10521582491559,17.896419037037457,20.244544629629708,16.238773913043115,14.235382825925672,39.08755486111055,14.504129743008358,52.548010269358464,16.32627711864426,16.595246342592706,15.614566018518548,20.919377407407666,29.02307337164729,19.672416666666653,22.490679344729376,14.812680585423989,35.65291358372346,16.01864227513215,18.43218047254148,31.900053014642083,17.230120546840865,17.693678148148287,15.760583411305792
LS,28.63757062211936,20.632272336265725,20.272934596774277,17.706403137829874,35.75701424429174,17.558909516128313,26.16825806451561,19.228170302099432,19.303551297334888,17.79702935483879,32.92205729032235,25.51565215053773,24.8980573287246,31.225173942459374,22.71772777340658,15.459561444891898,20.51929501466236,18.5326529390674,16.128124014337015,21.342894910394133,25.037013068651536,23.325941439205973,17.27328864606926,20.19779400921637,17.64690412186381,0.0,31.043738080643863,27.360081092741208,20.37706589861737,19.49831969758084,19.00070161290305,46.88213307526855,15.144000293254996,19.637140258064967,21.14653338709681,19.1877504207569,16.359617296773955,41.09809697580612,15.47173416721543,53.68320928641239,19.7306616730456,18.77132092741934,19.15921357526852,21.30352225806465,29.5736213570628,13.930379569892589,22.77448411910668,16.96508709677416,38.813196515218905,16.315943548386954,19.94643853170188,33.004449812452364,15.883429151802511,18.877626021505485,14.422195483870572
LY,34.90580571428536,28.324099338382947,30.01244349999892,27.909956272726497,42.27498669101151,28.04153199999902,35.95241113636306,29.62567147618937,26.73926299999943,26.52365299999916,38.73231999999979,34.664953388888286,18.69427085714289,21.399234918919188,35.387453719511704,28.386115041666613,29.28849230302933,28.10022729629563,30.187949611109698,27.897604888887955,37.9245234999998,35.62558092307641,26.5378952605629,33.17863435714172,27.39028477777689,31.043738080643863,0.0,21.82149850000004,28.217615976190046,27.466932624999373,25.79999211111035,46.38874050000057,29.75414790908981,28.197823499999277,30.784904333332456,28.749133543476976,26.87324979999957,43.44935841666672,29.461061918366404,58.62277287878964,30.07279768643991,27.36802987499908,25.31655366666561,31.05918649999879,40.620847586207184,33.38835055555466,33.795626923076085,29.22424645161201,26.814734105633,28.420419047618427,28.920922965516336,42.0774927093028,27.00414973529428,28.38862738888802,28.8739027105253
MA,30.50291308928512,24.13071736111064,25.661269749999505,23.05261998863577,40.73442658848211,23.3567949583328,31.281629068181,24.34690819642796,22.475147048912767,22.31335899999952,34.703575749999345,29.790796958332475,13.872840452380943,22.254704560810847,32.54349838719423,25.25585387499952,23.897337234848028,25.47944049074047,26.45605180555492,24.20114487499955,34.20948511217844,31.169638365383783,24.14749303345035,28.33099341071358,24.68665296759205,27.360081092741208,21.82149850000004,0.0,23.660799184523498,22.901937499999683,22.396965986110573,43.21310737499898,26.66291901136296,24.27825474999967,27.79298333333277,24.64546464130376,23.604621124999817,38.06437358333264,25.662799193877063,55.58986309090787,27.6164193432196,22.22906312499964,23.24996020833276,28.65700937499935,36.4505470991369,29.360763333332663,28.72447725961467,23.933778116934988,25.71332545422476,25.974768755952027,26.49741806465473,36.99407519767325,22.92469902941166,25.41832391666611,25.88171384210479
MG,25.869708809523384,20.1133187301586,20.038767261904685,17.809651818181884,35.65197761369724,17.495214166666667,27.55572216450189,18.114431746031663,17.721276801242297,16.95283145833332,31.2025998095237,26.52740968253963,21.361650714285563,29.62935928185357,28.643104320557235,20.647811101190342,18.69587558441535,19.39239412698378,21.76525539682511,18.5766660317461,29.5062516483514,26.97996505494488,19.805968685445603,23.59187999999976,20.619484391534314,20.37706589861737,28.217615976190046,23.660799184523498,0.0,17.03537032738105,21.162202301587435,40.40580647619036,21.316261731601458,18.76447338095262,24.057390714285784,19.69788175983414,19.568170519047342,33.92536351190445,20.228315102040703,52.66299523809501,20.312589556093634,17.68954309523802,21.181374404761616,24.112872380952453,31.88869842364496,23.10986571428558,25.652463736263524,18.10641837173573,32.41415870556633,19.973260952381032,19.849629359605903,31.58223335548139,19.351068731092496,20.1636276190476,20.2906530827067
ML,26.118420267856983,11.524657114899004,16.461053125000312,11.13184494318179,39.638367801966,10.15558437499988,22.66106755681845,11.153393025793516,11.103871929348106,11.571306250000212,32.24529462500009,22.276086458333484,20.062770720237705,29.239470266892504,23.94261754573216,16.731875833333095,13.10626236742407,18.696401273147675,17.57334840277794,10.339346874999991,24.19080475961585,22.783883990385,17.648193635562972,18.457933660714566,16.74862983796302,19.49831969758084,27.466932624999373,22.901937499999683,17.03537032738105,0.0,15.399132569444498,44.37321945833299,17.553225284090857,17.54806137500054,23.939546875000165,11.446989592391295,16.42086972499993,36.75315479166621,16.320089221938915,54.73024914772616,20.77809882415284,10.06860250000022,18.005016041666753,22.94164187500061,29.061469504310804,21.497826736111403,18.56458774038486,11.577603810483922,33.997385818661186,16.88864800595242,20.391265150861983,28.78092042151176,18.789566860294293,19.524522569444663,17.476940032894802
MR,28.83261603174565,14.77964722222154,17.818544166666744,12.973046363636184,43.12708670412066,13.884961666666229,21.87346060606054,15.78749325396777,14.443039057971005,14.924819722222326,33.963760555555524,21.33105277777771,18.8730067142853,27.52448387387451,19.23701571815688,14.433113124999435,17.005357575757273,21.932706481480984,15.608586111110633,16.952086666666844,21.38996773504281,19.33354316239295,19.487819436619045,15.382854761904106,16.833561111110647,19.00070161290305,25.79999211111035,22.396965986110573,21.162202301587435,15.399132569444498,0.0,48.28625499999964,17.467111111110675,19.65878355555596,25.12164888888912,13.784930555555116,18.00966632222195,40.27878819444418,14.283114625850104,56.899766414140224,22.816245668550074,14.129636180555744,15.824360277777751,23.39484333333377,27.42127308429161,21.084688888888792,17.336493803418428,13.072951433691422,35.20283869326958,16.709274126983946,24.003795804597477,30.616541731266587,20.130771849673284,22.753423888888708,17.631672222221752
MU,45.63509233333284,45.84194456565613,44.921211833333246,45.16720321212099,39.96195267415766,46.2111576666662,51.58763466666585,44.60344330158726,44.74731181159466,44.56243933333313,45.26605866666653,48.06356555555483,42.43470661904776,44.20453654054124,56.27767388617745,49.01263970833353,42.63654484848424,44.37375903703622,46.842247777777146,44.499162888888094,57.01349476922933,52.66728225640944,43.74250308920077,51.16745828571348,44.04868451851797,46.88213307526855,46.38874050000057,43.21310737499898,40.40580647619036,44.37321945833299,48.28625499999964,0.0,45.409592181817885,44.80637466666533,38.98043766666655,45.50064147826068,45.26270396666688,36.46861374999989,47.2373327891148,55.36770557575655,43.5844538757065,45.17733566666669,45.69097749999912,47.36631399999952,56.19164239080332,48.24016311111048,51.52489405128112,45.21399281720395,40.23471214084416,48.575482095237554,42.21160340229831,51.51268099224733,40.609584529411535,41.17085777777727,45.272124140350726
MW,27.37121499999954,18.88782777777729,18.470357954545356,15.668705454545206,37.23065107252303,15.836821818181097,25.29946363636301,17.836999350649084,17.647497213438424,16.635406761363537,33.2403438181814,24.29686767676772,24.100279987012502,30.221123975430444,21.38753270509935,13.2771758143934,19.155269696969317,17.113411010100318,13.982450505050492,19.552540404040474,23.295115268064844,22.267136713286572,15.365447644045451,19.366486363635914,15.10521582491559,15.144000293254996,29.75414790908981,26.66291901136296,21.316261731601458,17.553225284090857,17.467111111110675,45.409592181817885,0.0,19.140269545454863,20.501944696969534,17.321736561264256,14.977315590908844,40.46490700757536,12.972032374767858,53.29242121212032,19.33595862865958,17.16062221590899,17.108604318181563,20.810789090909083,28.564668965516475,17.188666666666535,20.987771678321412,15.521145454545138,38.27394868117696,14.810569264068988,18.007258150470133,31.811579915432507,16.83424844385013,16.92288444444473,12.818102488037876
MZ,19.61549571428588,19.65791628282869,19.51707250000044,16.972805363637086,37.384045033707245,17.05522500000005,26.89560518181785,18.541903063492526,17.383403347826572,15.8396743750007,25.448573999999866,27.10801222222221,21.97776433333321,29.293141918919385,25.97298456097561,18.05307770833347,19.081895363636693,19.229136703703333,19.834028444444563,18.187150555555924,27.395643102564108,23.64392192307709,18.29932514084488,22.77019585714297,17.896419037037457,19.637140258064967,28.197823499999277,24.27825474999967,18.76447338095262,17.54806137500054,19.65878355555596,44.80637466666533,19.140269545454863,0.0,22.47986200000027,19.687929695652404,17.258056499999846,38.01460724999936,18.254092346939203,54.248448939391686,20.92601849152584,16.970398125000433,18.72759450000017,24.40532000000014,26.624284896551583,21.52706977777806,25.122722461538583,17.481735225806922,35.492679197182404,18.24684571428615,20.09356072413804,32.79804774418527,18.02356541176499,18.52796688888924,18.53022573684248
NA,28.618768333333037,25.20798045454568,24.482324166666555,23.225540757575967,31.2366824531836,23.767689166666155,31.845694696969723,23.68433912698444,24.13721507246338,22.73369354166628,32.32188833333334,30.492186111111227,25.79669819047582,29.93267476576615,31.968808983739912,23.408189791666903,23.26170045454548,21.52615018518488,22.88584277777779,24.514071666666787,33.47681987179474,30.89930884615401,20.183795563379757,28.952495952381003,20.244544629629708,21.14653338709681,30.784904333332456,27.79298333333277,24.057390714285784,23.939546875000165,25.12164888888912,38.98043766666655,20.501944696969534,22.47986200000027,0.0,24.621239782608523,20.906643066666376,37.115393749999335,21.98340302721096,49.74934954545341,21.917717259887304,23.75319270833281,22.90492249999965,26.174275000000524,35.657902586206326,23.38809055555573,30.451935000000205,22.454402849462426,35.407180399060266,23.56460547619059,20.49228683908032,36.91341329457282,16.461833686274424,18.113753888889093,19.357774824561623
NE,28.35645338509276,11.882632037768625,15.607477934782638,10.980164664031422,42.0429592330239,11.956742318840195,21.21162470355663,13.103884368529586,12.340458043478256,13.079935353260996,32.0469687826084,20.17198647342968,21.207139074533785,30.23073503172811,22.28548764581055,16.495946838767633,14.465126811593905,20.671723542672424,15.938412801932262,13.026556666666847,22.965587569676007,21.055259364547965,18.56539773423081,16.821787267080257,16.238773913043115,19.1877504207569,28.749133543476976,24.64546464130376,19.69788175983414,11.446989592391295,13.784930555555116,45.50064147826068,17.321736561264256,19.687929695652404,24.621239782608523,0.0,17.598759795651873,37.63093251811527,14.84613473824287,55.25776594202743,22.49557402358128,12.130106657608971,18.365491123188004,22.73150999999964,28.327133208394955,20.947428260869117,16.99351220735735,11.090066970546784,36.32094205756178,16.7662906625256,23.01394697151396,28.54999863498399,19.89210280562665,21.70343285024149,18.011225560640263
NG,26.479327971427963,17.655381719191713,18.50396979999975,15.058540827272529,35.595577557303265,15.241170033333074,25.30780312727219,17.991948617459993,15.710034382608631,13.558458349999984,32.39844249999959,26.028929411110692,21.503800395237803,27.57696422702682,22.23995223170702,13.933871474999782,19.081740912120857,12.330445811110732,16.237086588888683,17.332515855555208,24.894358861538105,23.71197040769198,12.38844273661951,20.68602668571399,14.235382825925672,16.359617296773955,26.87324979999957,23.604621124999817,19.568170519047342,16.42086972499993,18.00966632222195,45.26270396666688,14.977315590908844,17.258056499999846,20.906643066666376,17.598759795651873,0.0,39.12944121666666,14.706581948979458,52.86912997575828,17.16384012542345,15.8642762000001,15.532628933333188,19.92837809999986,29.42650254482707,18.526900033333035,22.725662292307334,16.133404216128763,35.67467686478793,13.07887392380935,15.537566717241097,32.889505367441494,15.682831852941035,14.951458155555189,13.197597705262924
RE,39.82802517857111,37.9409202651511,38.278462083332805,36.7628041287875,45.96469253277164,38.33489458333285,44.67286723484789,36.25451537698422,36.733097300724566,37.30578229166629,39.5326907499997,40.74038541666598,36.56193644047616,41.563708331081386,48.00601559959331,42.72571812500023,34.540267613635926,40.85393199073991,40.607047916666325,37.7806968055552,48.52898573717936,44.53781874999981,40.03487076877848,42.11679315476157,39.08755486111055,41.09809697580612,43.44935841666672,38.06437358333264,33.92536351190445,36.75315479166621,40.27878819444418,36.46861374999989,40.46490700757536,38.01460724999936,37.115393749999335,37.63093251811527,39.12944121666666,0.0,40.2682958758497,58.60752481060569,40.88433767655356,36.85243187499941,41.27643874999922,44.09367041666673,48.800623060344726,42.61475069444386,42.70333926282042,36.74876337365558,39.14881715375492,42.812372321428015,40.0355871120685,42.43143687015464,35.6900872401963,39.138470694444,40.96817756578936
RW,27.200507959183348,16.390256565656244,16.28022954081668,12.892279721706798,39.77436764503589,13.842294982992817,22.840021521335466,16.5231555555554,15.06268220496899,14.449549553571604,32.68337159183651,22.69153503401363,23.10113172108798,30.18043458246066,18.61893708312572,12.047120888605065,18.065649536177894,18.076753711261706,13.009688548752944,17.87039993197283,20.7476844583985,19.528848665620025,16.011735679792547,16.59743469387748,14.504129743008358,15.47173416721543,29.461061918366404,25.662799193877063,20.228315102040703,16.320089221938915,14.283114625850104,47.2373327891148,12.972032374767858,18.254092346939203,21.98340302721096,14.84613473824287,14.706581948979458,40.2682958758497,0.0,54.99558744588612,19.86290916637856,15.238545905612504,15.687252942176908,20.91955673469402,26.51213244194176,17.148644671201843,18.95511538461531,12.98409473337714,38.331960405287504,12.463890476190368,19.56812684025336,30.402651067868348,17.78083467827145,19.09305648526084,13.89488818474736
