ISO_CODE,AO,BF,BI,BJ,BW,CD,CF,CG,CI,CM,CV,DJ,DZ,EG,ER,ET,GA,GH,GM,GN,GQ,GW,KE,KM,LR,LS,LY,MA,MG,ML,MR,MU,MW,MZ,NA,NE,NG,RE,RW,SC,SL,SN,SO,SS,ST,SZ,TD,TG,TN,TZ,UG,YT,ZA,ZM,ZW
AO,0.0,27.48738410173121,22.8394239285713,19.857910551947985,44.35221782905296,19.685256309523517,27.003839772726742,19.980810515872893,22.482873524844404,21.768951919642664,22.6909022142856,24.61630488095205,24.731452738095083,36.48448166988437,28.971959538327056,21.110495833333303,21.124637391774744,27.526295251322413,23.095219642856744,21.96301099206346,29.380244551281532,25.548812390109497,27.793406745472268,25.31519464285666,23.32759522486737,27.718693329492694,44.3313077857144,28.49505499107097,25.56866869047597,21.84746991071414,20.79286444444432,47.37918897618999,22.11293905844127,19.822634285714432,32.28074583333304,23.15132399068293,25.37019528571417,38.37211321428533,22.700159132652814,41.78301347402557,33.50524304479389,21.58015410714269,27.9212244047614,33.33869607142829,26.74387370689596,25.38194837301554,24.61299804945015,19.93873254608273,42.44105918007978,25.8824339285712,27.41599277093564,28.990869260796853,22.75620303781518,27.54781821428543,24.20087708646596
BF,27.48738410173121,0.0,25.099015000000016,19.745818888888955,46.51628795823408,21.862629949494654,29.370165656565625,21.15681789321798,18.95355072244175,20.851866265782707,31.78987094949497,28.034701010101028,27.308188835497543,38.16162297597637,33.43363665927595,25.17051040404059,20.968268686868544,28.828175589225417,25.9502252525251,19.49282010101015,33.49453986014006,30.91317513597528,28.50281916062001,29.066592352092474,26.33860959595956,30.07084408602162,42.98235021212122,29.727185586489465,26.682044487734437,18.66720937500009,23.41637638888892,47.31104735353502,25.87363308080802,26.813132863636262,35.41438565656562,20.139262779973443,26.87659081010094,39.31425101010073,26.34427414965986,44.66625555555525,35.750911128231614,19.5804807954545,29.665696515151176,34.41157090909113,33.37877885754108,29.194605555555647,27.3158523698525,21.38682000651677,41.61457838099216,27.4459604473304,29.59013735980484,32.5717739252997,27.5989566684495,29.765968636363542,26.51619682084011
BI,22.8394239285713,25.099015000000016,0.0,15.704356363636505,47.29907174157355,15.145887499999816,20.272887272727267,15.87639357142873,21.232386521739148,18.79154093750005,26.403625999999928,18.72058222222239,27.20850633333315,41.06814127027051,23.794263292682977,16.31477833333313,18.68840878787896,27.5222087037033,15.989355555555615,17.874063888889133,25.203364358974262,21.065961923077047,27.97623485915456,19.461046428571517,16.940734074074317,23.665810322580647,47.73109800000022,31.40751881249947,24.88093404761888,18.196721875000136,16.463031944444438,51.10504966666608,16.461698636363657,22.38100150000013,34.16972833333304,16.055275000000012,23.80068769999986,41.08564583333345,14.679330306122727,43.113014545454575,29.948785932203293,19.74094562500003,23.319926666666472,27.738020000000148,24.81815344827573,22.29123000000002,19.16127307692324,14.292024032258167,47.316176408449735,21.98428928571436,26.703595344827477,26.973242558139333,23.539057411764936,28.063673888888705,21.48540868421047
BJ,19.857910551947985,19.745818888888955,15.704356363636505,0.0,47.620172022471856,12.616309545454358,20.508319090909037,12.762036724386588,14.446441600790608,14.513222528409257,26.07130454545451,19.008023535353534,24.925026999999847,38.89111549140073,20.94360999999991,16.570449659090638,14.05861303030296,26.30489215488183,17.351168989899005,16.390612525252607,21.491364965034943,18.96523965034968,25.76154508322638,16.87031259740254,18.56388276094274,23.557332991202237,46.34186295454585,28.6567081647724,23.28438917748917,14.706932784090988,14.82833325757567,49.74857218181806,16.252214090908936,20.766340500000293,32.910590606060815,15.280655889327962,22.195128327272663,38.0538050757574,15.450249443413703,41.44750878787868,32.36833224961498,14.324369431818406,25.717068636363337,31.065670000000484,22.00957137931029,21.34955777777775,17.119656433566384,9.979684780058667,44.98431599231663,20.86196571428576,26.46242905956099,23.89137346723044,20.54875582352943,27.12325883838376,20.53489373205747
BW,44.35221782905296,46.51628795823408,47.29907174157355,47.620172022471856,0.0,46.29547788389525,52.411156486210736,46.83429552345292,46.40468372496368,44.46140806530905,47.72212943820232,51.6202196004996,44.06219408828267,46.50983283844532,57.72197297889841,45.29362949906419,46.976430439223606,34.934972392842106,46.14947365792812,44.2627119725344,58.09495424949601,56.01793898012143,38.91194665611609,55.39456243980779,45.17588516437811,39.68532305183071,49.5790650000002,46.2601069712076,38.88157913857689,45.23461492275256,47.61374817415776,45.03308674157326,45.04890605209407,39.74462111797736,36.2170583895133,46.49680598436725,39.717533917977576,51.20925557116102,46.74000479247902,55.57678157984369,37.10133519329691,47.27067122191016,42.72648962546796,40.17719831460696,56.47229147617236,42.84844588015009,53.86891633535027,48.26067640449443,48.26981618293969,40.10764097378274,34.57885397132874,55.24233242748913,41.31330439193657,33.86581526217208,37.988193104672185
CD,19.685256309523517,21.862629949494654,15.145887499999816,12.616309545454358,46.29547788389525,0.0,19.57597037878735,11.925612936507717,16.156987210144838,14.77438302083333,26.94222683333299,19.352118055555145,25.35021049999984,39.55781374774784,21.71684817073118,14.755834166666345,15.061849090908748,25.374136759258903,16.530267222221827,16.253815833333203,22.782319294871208,20.09069128205088,25.395147558685064,18.2236513095233,18.367798148147795,22.396475376343663,46.1690496666671,28.99553656249964,22.480684999999852,14.449132291666544,15.1329538888886,50.703860166666594,15.321260378787516,19.277547333333352,33.44676749999989,15.641236159419991,21.73686679999984,40.04880499999987,14.62844161564607,42.71703310606068,30.401276214688856,15.360018541666651,24.30300833333284,29.52454999999961,23.078154770114367,20.944137222221705,16.83170487179448,11.982555483870822,45.742183180750445,19.59861928571403,25.10028844827561,25.38694717054209,21.972460754901977,25.73804138888849,19.509988728069835
CF,27.003839772726742,29.370165656565625,20.272887272727267,20.508319090909037,52.411156486210736,19.57597037878735,0.0,19.820228282828367,24.847732984189303,23.059166051136167,29.895192727272324,20.56437575757569,30.81232175324652,44.14899395823129,27.30407006651848,21.41096696969699,22.363624242424,32.691209057238545,21.205729797979533,23.108131616161543,28.05384475524433,21.935594405594426,32.40671928297033,20.89110259740248,23.05903956228944,28.316737536656543,50.90952790909157,35.01656697159025,29.7531228138526,22.96376119318193,21.189102398989743,54.45895442424177,21.755102272727022,27.298103954545173,38.86840181818153,21.80937332015767,28.68735057272704,45.216375757575264,21.156535992578743,42.51449393939332,36.59081895223434,23.8969419886361,29.55467560605996,32.51044818181841,26.73925924764844,25.280022727272435,21.16535244755238,18.351504985337147,50.15052752880789,27.71728320346308,32.572977178682955,27.971317970401294,27.84610893582913,33.43787742424201,26.919947655502384
CG,19.980810515872893,21.15681789321798,15.87639357142873,12.762036724386588,46.83429552345292,11.925612936507717,19.820228282828367,0.0,16.667725848861256,15.200178189484038,25.548878222222577,18.447061904761973,24.640191126983872,39.09385228356966,23.305967557104363,16.787150853174364,12.769016450216256,26.225429312169,16.78681507936504,15.353085555555706,24.2155570207573,20.730868131868327,27.049837795662576,18.940596825396785,18.21173888888886,23.81362165898637,45.52730782539705,28.260215348213944,22.84287253968257,14.93118276785708,14.858635515872802,49.123154920634654,17.29835645743123,21.106807103174884,32.715456666666846,15.19785904071744,22.74880111904748,38.54973869047624,16.409230158730065,42.058029870130056,30.592042050040696,15.605378085317373,24.966110555555364,30.208496507937134,23.953672085386145,21.52128174603191,17.813982905982844,11.126270967741757,44.05422513301925,22.212379365079347,26.650593530377456,24.810263196751837,22.1213950056024,27.177164841269835,21.249281052631577
CI,22.482873524844404,18.95355072244175,21.232386521739148,14.446441600790608,46.40468372496368,16.156987210144838,24.847732984189303,16.667725848861256,0.0,14.6458424320653,28.20834369565191,23.701556159419763,23.807110973084683,36.46849777673346,27.296689443265624,21.299834818840463,16.473065171277973,25.692424339774306,22.24867263284991,17.66739958937194,27.619650250835505,24.938336973243725,25.78578062155514,23.17711071428528,23.19034297101437,27.0023055469842,43.64409532608745,26.482888894021396,24.13716228778464,16.124953668478437,19.28280131642492,47.274991434782976,21.82185703557285,22.701031804347945,33.9266496376808,19.054055869565047,22.46777906521724,36.759962898550526,21.176279170363603,41.868525724637855,34.40925104274106,14.016374891304434,28.552153840579265,33.44482847826064,27.641423170914,25.065683357487472,22.8261935618725,16.280701129032142,40.98519149724402,23.615379016563,26.857447578710367,27.23653524266879,22.521984797954037,28.160724396134988,23.64550934782585
CM,21.768951919642664,20.851866265782707,18.79154093750005,14.513222528409257,44.46140806530905,14.77438302083333,23.059166051136167,15.200178189484038,14.6458424320653,0.0,26.618745437499797,22.67346038194422,23.928935866071203,37.56402717060827,25.493713559450995,16.638359270833316,16.651159498105972,22.45192413194416,18.543130868055485,15.624742673611305,26.700403565704747,24.834512379807435,23.542864537851862,23.039415133928408,20.29284417824062,23.478600151209484,44.26737281250012,27.42602562499959,21.563776145833224,14.793301562500172,17.76619517361109,48.12695793749976,18.738759232954475,19.707886312500182,32.48281927083279,16.609249144021824,18.760848987499987,38.83237739583311,17.13991095025513,41.73628641098491,29.62840264300804,15.018031562500155,23.963988645833037,28.738166562499824,26.9497145150858,21.47249697916644,22.47389348557672,15.358864385080643,42.57348345510482,19.80141078869037,22.762618976293037,28.041448074127487,22.46313627573533,24.571658784722025,20.064642187499835
CV,22.6909022142856,31.78987094949497,26.403625999999928,26.07130454545451,47.72212943820232,26.94222683333299,29.895192727272324,25.548878222222577,28.20834369565191,26.618745437499797,0.0,26.96963688888896,27.85302138095219,39.45584245945969,35.37626399999987,27.940438416666787,25.71525199999975,33.31423592592564,26.613773999999747,26.114133777777862,35.74522358974346,29.8461956923077,32.59791267605601,30.081893714285385,26.57834748148142,31.524930193548258,45.58276850000009,31.78298831249963,30.288018380952234,26.718170125000075,26.24356749999993,47.2199119999998,27.811550454545163,25.52400050000005,36.19542266666649,27.034343391304184,30.957616699999843,38.52205749999986,28.20325183673455,42.39267381818173,37.47626271186456,27.40345687499969,31.61157933333296,34.69428200000027,31.50119820689632,30.35968688888884,30.082999999999902,25.92491832258065,43.59382445070335,32.45009952380951,33.08946096551707,32.4458416744183,28.107187823529795,33.236485444444256,30.48874168421049
DJ,24.61630488095205,28.034701010101028,18.72058222222239,19.008023535353534,51.6202196004996,19.352118055555145,20.56437575757569,18.447061904761973,23.701556159419763,22.67346038194422,26.96963688888896,0.0,27.950168460317204,41.79808122222229,26.2513249322494,19.911550694444344,20.477363636363588,31.930131851851566,19.097099999999852,21.97291333333337,26.396826495726604,21.10047606837625,31.53178510172121,19.71150793650798,21.39405,27.41002831541221,48.65765983333366,31.481141395832893,28.53555285714278,21.79140937500009,18.834376388888703,51.75744755555486,20.665735101010064,26.515254055555555,36.858576666666416,20.0724393719805,28.0794114111109,41.24707499999967,19.675329251700727,42.13544545454506,35.468202636534954,21.256567222222024,26.965992777777146,31.321048888889173,25.875121455938658,24.06619444444461,19.1295282051283,17.466929749103823,47.14961865414588,27.031224761904674,31.90180796934845,25.28434625322995,26.02224421568642,32.52309611111091,25.94568421052653
DZ,24.731452738095083,27.308188835497543,27.20850633333315,24.925026999999847,44.06219408828267,25.35021049999984,30.81232175324652,24.640191126983872,23.807110973084683,23.928935866071203,27.85302138095219,27.950168460317204,0.0,28.16496563449165,35.38184908130062,26.231652095237955,24.155317727272504,29.022378227513084,27.162292492063266,23.100903603174444,35.48747650915737,32.41161799633677,28.212817902749727,31.193784809523542,27.62020101058177,31.22445754070641,33.220585666666935,19.5194788898809,26.562940238095223,23.8566093511903,22.877845420634756,43.06276890476197,27.827690874458728,26.019568309523745,33.5816811904762,25.835688465838277,26.70198759047612,35.272990499999864,27.743433503401192,41.41921069696978,35.49436516787718,23.420530071428335,27.388062809523618,33.23678890476186,34.066448816091686,29.888583349206076,30.08708711721586,25.680146643624937,29.95945195238087,28.79238604761894,28.83660880295551,32.11633985935746,25.83240659383759,29.67418933333316,28.01652470927293
EG,36.48448166988437,38.16162297597637,41.06814127027051,38.89111549140073,46.50983283844532,39.55781374774784,44.14899395823129,39.09385228356966,36.46849777673346,37.56402717060827,39.45584245945969,41.79808122222229,28.16496563449165,0.0,49.19846494462762,39.912967279279385,38.3163996830468,38.2666923553556,40.75401166666694,37.52940456156173,48.967042397089415,45.94713074220383,35.61824512257334,45.59317729343644,40.49361583683714,42.38012671578058,31.46987697297321,31.13553523141887,38.716227450450695,38.65599984121657,37.416593382883285,43.55444510810848,40.51388877641316,37.62032522973001,40.36985602702734,39.70737373560537,37.4554287405408,41.565071626126176,41.75162169056848,48.9142908820641,45.77982084699971,37.172630969594685,38.897801594595,44.02390910810851,47.1673504315005,41.49286558258287,44.23709515384624,40.0497398369662,34.01211426227631,40.89284972072115,37.96641952562919,45.28011057511031,35.65302547853742,37.57172099099116,39.30732394736872
ER,28.971959538327056,33.43363665927595,23.794263292682977,20.94360999999991,57.72197297889841,21.71684817073118,27.30407006651848,23.305967557104363,27.296689443265624,25.493713559450995,35.37626399999987,26.2513249322494,35.38184908130062,49.19846494462762,0.0,18.86778983739816,25.992264523281264,35.02795299909618,22.260801084010296,27.859468075880628,16.916098811757244,18.51158611632279,34.510522954310815,15.4755264808362,24.94152841011735,29.09735601888252,56.291400439025125,39.61962667835308,33.92098456445985,26.47966007621981,22.21954691734408,61.44853723577132,20.94335038802636,29.143179914634025,42.42694747967423,26.10854034994644,30.942085841463346,49.63170934959341,19.085325485315884,49.56057686622264,39.947080653162864,25.991865624999782,31.83031365853596,38.90609682926867,21.16988687973081,25.47695596205968,20.020773733583496,19.3244399685286,57.2950310271365,27.575479349593436,35.51445988225358,28.705553034599813,29.31318125824988,36.33299738482331,27.713900513478823
ET,21.110495833333303,25.17051040404059,16.31477833333313,16.570449659090638,45.29362949906419,14.755834166666345,21.41096696969699,16.787150853174364,21.299834818840463,16.638359270833316,27.940438416666787,19.911550694444344,26.231652095237955,39.912967279279385,18.86778983739816,0.0,19.72002140151492,23.29912004629611,13.551075416666386,18.603278611110973,22.27109125000005,20.376058108974316,24.00280463028149,18.42721535714267,17.08083453703677,20.40989436827949,46.1842455833341,30.63039631249965,23.085818095238004,17.352603958333134,15.7445784722219,51.46384875,13.653876553029944,19.560548416666794,33.114629166666994,17.737339981883906,19.1131520833333,42.83586375000012,11.642948511904455,43.15449178030364,26.97622603107361,19.33026104166669,19.48420583333332,26.155334166667046,22.88723043103453,18.666541388888756,18.171223076922896,14.38540739247282,47.06784642018716,16.887652083333247,22.77173015804592,27.546458391473216,22.732962014706025,24.26547708333328,17.070932850876925
GA,21.124637391774744,20.968268686868544,18.68840878787896,14.05861303030296,46.976430439223606,15.061849090908748,22.363624242424,12.769016450216256,16.473065171277973,16.651159498105972,25.71525199999975,20.477363636363588,24.155317727272504,38.3163996830468,25.992264523281264,19.72002140151492,0.0,27.52194101010076,19.58250656565635,17.418313939394068,26.24231445221412,23.011903962703748,27.44307083226608,21.105477922077643,20.15424360269352,25.439071749755318,44.70930953030306,27.43195266856026,23.323946796536703,16.719107594696865,16.761583207070515,47.57899042424214,19.591681060605797,21.853214893939388,32.62688090909102,17.149861067193473,24.21634947575736,35.93442462121184,18.98167396413102,41.29752424242391,32.933262865947725,15.999846609848491,26.77753227272685,32.11333848484864,25.751946708463592,23.611921717171523,20.473995104894904,13.741401661778822,42.546319778061445,24.28820709956696,28.005260250783504,25.68793347427732,22.304214529411936,28.185823080807957,22.811172121211914
GH,27.526295251322413,28.828175589225417,27.5222087037033,26.30489215488183,34.934972392842106,25.374136759258903,32.691209057238545,26.225429312169,25.692424339774306,22.45192413194416,33.31423592592564,31.930131851851566,29.022378227513084,38.2666923553556,35.02795299909618,23.29912004629611,27.52194101010076,0.0,24.98276333333295,24.33188185185148,36.56811444444382,34.611317207976775,20.916257876890768,33.51000423280372,25.73967518518497,23.87586821983237,44.39276977777786,31.545428358796112,22.56911735449721,24.94218775462945,27.184805092592427,47.824742518518136,24.70095119528578,22.91827938888861,32.252961111110984,26.011160660225087,15.559308251851704,44.04014018518472,24.586522078608915,44.8537794612791,24.29616921531672,26.329109675925533,26.044317962962616,23.737565185184938,36.041981187738855,25.39483851851809,32.86274598290557,26.520409498207684,44.47431577464729,17.328400952380818,16.30283749680704,37.08743968992197,26.023579318082916,20.873804999999592,19.91580939571125
GM,23.095219642856744,25.9502252525251,15.989355555555615,17.351168989899005,46.14947365792812,16.530267222221827,21.205729797979533,16.78681507936504,22.24867263284991,18.543130868055485,26.613773999999747,19.097099999999852,27.162292492063266,40.75401166666694,22.260801084010296,13.551075416666386,19.58250656565635,24.98276333333295,0.0,18.87809111111119,23.98625897435837,20.936090598290328,25.8649371517994,19.54749999999966,15.96619259259264,20.70351971326141,46.82689861111136,31.313747243055086,24.77316158730138,18.754516041666704,16.053340277777455,50.880505333332586,14.858634090909089,21.64181894444448,32.862029999999976,17.133640338164106,21.332029422222128,42.29975277777768,13.00000249433115,42.98517626262632,27.661341054613963,20.117990486110997,21.712636111110857,26.03696444444433,24.380784099616275,19.33066111111091,20.175102564102318,14.51810322580642,47.23157450704132,20.36376730158724,25.230992490421265,27.76302157622672,23.588753640523016,26.206300555555323,19.185453801169484
GN,21.96301099206346,19.49282010101015,17.874063888889133,16.390612525252607,44.2627119725344,16.253815833333203,23.108131616161543,15.353085555555706,17.66739958937194,15.624742673611305,26.114133777777862,21.97291333333337,23.100903603174444,37.52940456156173,27.859468075880628,18.603278611110973,17.418313939394068,24.33188185185148,18.87809111111119,0.0,28.549953418803224,25.36714854700848,25.53302651017179,24.144254285714126,19.11336518518527,25.474623763440764,42.42864950000001,27.129723340277376,21.803898730158664,12.465112708333402,17.327112500000148,46.95881688888841,20.388313686868717,20.750094833333392,32.4526011111112,14.273309806763384,21.74892105555538,38.53909638888872,19.826984421768746,41.294553333332885,28.925535178907765,16.12440152777791,22.42840444444421,28.28562444444451,28.1365557088121,24.046177777777725,22.56054478632474,16.36504928315429,40.787452785601744,21.95444825396824,24.907729923371573,28.27380204134354,24.096626581699557,25.863870555555337,21.65549654970771
GQ,29.380244551281532,33.49453986014006,25.203364358974262,21.491364965034943,58.09495424949601,22.782319294871208,28.05384475524433,24.2155570207573,27.619650250835505,26.700403565704747,35.74522358974346,26.396826495726604,35.48747650915737,48.967042397089415,16.916098811757244,22.27109125000005,26.24231445221412,36.56811444444382,23.98625897435837,28.549953418803224,0.0,19.933364102564227,35.76525568797344,17.847981684981537,26.67505968660966,30.65857344913128,55.91307939743668,39.30456943429432,34.33492076923068,27.304205721154165,23.67620288461541,60.39943035897333,23.187500990675662,30.46336352564092,42.77211974358913,27.110044871794333,32.74358969743585,48.5393099358974,21.37526849816832,48.730907925407365,41.764225510648,26.57571975961509,34.33608102564021,40.61683641025666,22.63741777188317,27.366352564102616,20.99709743589749,20.52414565756812,56.30307615023288,29.238677362637333,37.14653766578196,28.183389982110636,29.7311462549022,37.53358517093961,29.404964561403588
GW,25.548812390109497,30.91317513597528,21.065961923077047,18.96523965034968,56.01793898012143,20.09069128205088,21.935594405594426,20.730868131868327,24.938336973243725,24.834512379807435,29.8461956923077,21.10047606837625,32.41161799633677,45.94713074220383,18.51158611632279,20.376058108974316,23.011903962703748,34.611317207976775,20.936090598290328,25.36714854700848,19.933364102564227,0.0,33.780710249187045,12.981687912087892,22.964066524216616,28.59989801488835,53.25035011538517,36.33988587980715,31.91512384615372,24.72663043269256,20.38181549145292,57.98219835897381,20.920234790209708,27.153337576923075,40.47383743589699,23.772878428093357,30.48804582307677,45.79341698717955,19.258513186813204,45.093709324009055,38.53593285528076,23.38060081730748,31.648333205127518,36.35133384615415,19.37334880636611,24.881625213675413,17.05612307692311,17.251493300248,53.20501330444068,27.78586271062272,34.862072997347106,25.10555384615379,26.945411253393825,35.69361388888849,27.77851878542518
KE,27.793406745472268,28.50281916062001,27.97623485915456,25.76154508322638,38.91194665611609,25.395147558685064,32.40671928297033,27.049837795662576,25.78578062155514,23.542864537851862,32.59791267605601,31.53178510172121,28.212817902749727,35.61824512257334,34.510522954310815,24.00280463028149,27.44307083226608,20.916257876890768,25.8649371517994,25.53302651017179,35.76525568797344,33.780710249187045,0.0,32.71141247484895,26.82409805425114,25.51072445252118,42.30992607746447,30.33643080369694,26.975581334674505,25.843260801056086,26.87395881455359,44.79674687323872,23.78847415492925,24.21100217605611,29.156677136150023,26.858957348438175,19.709965050703957,41.266127089201404,24.71624490370769,42.26620029022547,32.225645991883184,26.34154946302773,27.332896103285947,29.699223098591457,35.11301977659017,25.554844992175077,32.222906955579425,26.733142217173626,42.42671605633739,21.51700610999309,19.980983972802,36.02648479528272,23.31931229246069,21.499726784037183,21.195938724981133
KM,25.31519464285666,29.066592352092474,19.461046428571517,16.87031259740254,55.39456243980779,18.2236513095233,20.89110259740248,18.940596825396785,23.17711071428528,23.039415133928408,30.081893714285385,19.71150793650798,31.193784809523542,45.59317729343644,15.4755264808362,18.42721535714267,21.105477922077643,33.51000423280372,19.54749999999966,24.144254285714126,17.847981684981537,12.981687912087892,32.71141247484895,0.0,21.536279100529025,26.96369769585216,52.834434928572016,35.071338580356546,30.09378809523784,22.877052410714544,18.32985734126952,57.12660933333229,19.15295292207768,26.76345864285708,39.47472523809476,22.06245931676975,29.4468504857142,44.55745535714268,17.440657142857074,44.88933549783536,37.42767481840224,21.876506160714108,30.26564999999938,35.36664857142886,19.20222118226591,23.296323015872957,15.30395824175823,15.369995852534435,52.32420776659816,26.209594761904665,33.661704827585815,23.10557209302308,25.87562047899177,34.56890531745984,26.24540887218051
LR,23.32759522486737,26.33860959595956,16.940734074074317,18.56388276094274,45.17588516437811,18.367798148147795,23.05903956228944,18.21173888888886,23.19034297101437,20.29284417824062,26.57834748148142,21.39405,27.62020101058177,40.49361583683714,24.94152841011735,17.08083453703677,20.15424360269352,25.73967518518497,15.96619259259264,19.11336518518527,26.67505968660966,22.964066524216616,26.82409805425114,21.536279100529025,0.0,24.43219241338102,46.38378175925951,31.290345460647742,26.18575788359782,20.284569189814903,17.896531944444213,49.691534148147376,18.019493686868508,22.366671500000106,32.01866222222225,18.293371175523088,22.003538933333186,42.61722592592545,16.926421277399847,42.8063223905718,26.05232677338364,22.08048550925913,22.334768148147887,27.718737407407826,26.03764374201777,23.22199259259259,21.99995370370369,16.286121804062088,46.5693077569106,22.92277089947083,25.7634918646231,29.167609173126493,24.15897846405242,26.304692777777664,21.888673586744623
LS,27.718693329492694,30.07084408602162,23.665810322580647,23.557332991202237,39.68532305183071,22.396475376343663,28.316737536656543,23.81362165898637,27.0023055469842,23.478600151209484,31.524930193548258,27.41002831541221,31.22445754070641,42.38012671578058,29.09735601888252,20.40989436827949,25.439071749755318,23.87586821983237,20.70351971326141,25.474623763440764,30.65857344913128,28.59989801488835,25.51072445252118,26.96369769585216,24.43219241338102,0.0,48.20506037096816,35.03120594153168,24.64436403993844,25.10769594758065,24.065379077060975,50.51497182795639,19.556125293254897,21.84773633870972,29.590210645161235,24.739278892005164,22.573467645161134,43.20829744623642,19.630791310072457,44.65945747800606,28.39442843083653,26.815247983870663,26.911578602150136,26.24571806451632,31.17479176863146,17.382577956989326,27.721759553349727,22.50623870967746,49.13521584734112,19.94527354838708,23.69220433815328,33.3869762190545,22.838538749525785,24.7173976881718,17.730885432936958
LY,44.3313077857144,42.98235021212122,47.73109800000022,46.34186295454585,49.5790650000002,46.1690496666671,50.90952790909157,45.52730782539705,43.64409532608745,44.26737281250012,45.58276850000009,48.65765983333366,33.220585666666935,31.46987697297321,56.291400439025125,46.1842455833341,44.70930953030306,44.39276977777786,46.82689861111136,42.42864950000001,55.91307939743668,53.25035011538517,42.30992607746447,52.834434928572016,46.38378175925951,48.20506037096816,0.0,37.25976631249964,43.97615059523826,44.00351412500019,42.8503079444448,48.8567443333336,47.50885359090938,43.682566000000016,44.74724183333337,45.70084297826133,44.009424500000165,48.32652166666688,48.64224318367383,55.07845490909181,49.68921394067823,44.0708187500001,42.71728266666652,47.72925750000027,54.22523331034563,48.459344555555866,51.6608435769237,47.154136258065,38.022760852112256,47.099855761904735,43.63627001724114,52.78961295348883,44.23124711764698,43.6130376111111,45.385821789473965
MA,28.49505499107097,29.727185586489465,31.40751881249947,28.6567081647724,46.2601069712076,28.99553656249964,35.01656697159025,28.260215348213944,26.482888894021396,27.42602562499959,31.78298831249963,31.481141395832893,19.5194788898809,31.13553523141887,39.61962667835308,30.63039631249965,27.43195266856026,31.545428358796112,31.313747243055086,27.129723340277376,39.30456943429432,36.33988587980715,30.33643080369694,35.071338580356546,31.290345460647742,35.03120594153168,37.25976631249964,0.0,30.058504973214056,27.42099968749966,26.99684403472185,44.624715645832765,32.053809846590404,29.50994831249962,35.798293687499296,29.02902930706479,29.53722086249988,37.68666797916636,31.99430607015263,44.857473342802464,38.55513331885537,25.983393312499583,31.45418935416619,36.79779706249943,38.14560836853387,33.59192663194389,33.81964080288408,29.587292993951102,32.893559159330714,32.5355265029759,31.86589762284446,35.036149204941154,28.90865418750002,32.2493215069441,31.579949299341692
MG,25.56866869047597,26.682044487734437,24.88093404761888,23.28438917748917,38.88157913857689,22.480684999999852,29.7531228138526,22.84287253968257,24.13716228778464,21.563776145833224,30.288018380952234,28.53555285714278,26.562940238095223,38.716227450450695,33.92098456445985,23.085818095238004,23.323946796536703,22.56911735449721,24.77316158730138,21.803898730158664,34.33492076923068,31.91512384615372,26.975581334674505,30.09378809523784,26.18575788359782,24.64436403993844,43.97615059523826,30.058504973214056,0.0,21.38143139880961,24.46342591269853,45.99053838095203,24.632211406926267,22.38360435714288,33.441748095238125,23.40609942028963,23.27870300952367,37.66831297619034,23.95360727891152,43.29759787878792,26.60547960451976,23.229417470237987,26.509881904761624,27.18683142857159,33.33520175697849,24.96943269841262,29.243581501831407,23.735548494623625,41.73733843728986,21.425358571428657,23.0648941050902,31.65662118493889,26.367660994398047,25.88651293650773,22.108811604010008
ML,21.84746991071414,18.66720937500009,18.196721875000136,14.706932784090988,45.23461492275256,14.449132291666544,22.96376119318193,14.93118276785708,16.124953668478437,14.793301562500172,26.718170125000075,21.79140937500009,23.8566093511903,38.65599984121657,26.47966007621981,17.352603958333134,16.719107594696865,24.94218775462945,18.754516041666704,12.465112708333402,27.304205721154165,24.72663043269256,25.843260801056086,22.877052410714544,20.284569189814903,25.10769594758065,44.00351412500019,27.42099968749966,21.38143139880961,0.0,16.907875902777775,48.54703612499988,19.42066369318179,20.563742625000305,33.6850093750001,13.638189157608752,22.001363324999943,39.27580520833307,19.07054741071441,42.38311134469678,30.00078852754255,14.51769125000012,23.47124854166655,28.756840625000507,27.505832004310623,23.559603958333497,20.947185432692542,14.87489377016141,41.97597002640761,21.136447172619096,25.259676056034294,27.283927572674617,24.145136816176688,26.163201458333297,20.90829865131593
MR,20.79286444444432,23.41637638888892,16.463031944444438,14.82833325757567,47.61374817415776,15.1329538888886,21.189102398989743,14.858635515872802,19.28280131642492,17.76619517361109,26.24356749999993,18.834376388888703,22.877845420634756,37.416593382883285,22.21954691734408,15.7445784722219,16.761583207070515,27.184805092592427,16.053340277777455,17.327112500000148,23.67620288461541,20.38181549145292,26.87395881455359,18.32985734126952,17.896531944444213,24.065379077060975,42.8503079444448,26.99684403472185,24.46342591269853,16.907875902777775,0.0,50.11425261111088,17.61733472222188,21.42880944444464,33.03441694444464,16.315449335748447,23.41830705555543,39.98819166666655,16.012768055555366,42.268263005050514,30.828010710922943,17.400093055555583,22.8442813888887,29.42565027777833,23.541612404214533,22.29231527777769,18.469892414529664,13.439011155913796,43.73887150625868,22.23259726190477,27.343011867815896,25.79460416666684,22.616363996732165,28.044465833333145,21.389986564327423
MU,47.37918897618999,47.31104735353502,51.10504966666608,49.74857218181806,45.03308674157326,50.703860166666594,54.45895442424177,49.123154920634654,47.274991434782976,48.12695793749976,47.2199119999998,51.75744755555486,43.06276890476197,43.55444510810848,61.44853723577132,51.46384875,47.57899042424214,47.824742518518136,50.880505333332586,46.95881688888841,60.39943035897333,57.98219835897381,44.79674687323872,57.12660933333229,49.691534148147376,50.51497182795639,48.8567443333336,44.624715645832765,45.99053838095203,48.54703612499988,50.11425261111088,0.0,50.351193363635794,46.69807116666576,42.86264999999965,49.32245092753585,48.02781443333342,40.29428599999984,52.24507453061145,51.60258969696911,53.355959209039455,48.072006999999935,49.4629856666659,52.53157533333256,58.45294735632088,51.24756688888819,56.087327589742685,50.81478855913918,42.13435083568009,51.58692228571387,46.13656574712592,53.50023534883644,43.740112137254734,43.85503144444391,47.43355122807007
MW,22.11293905844127,25.87363308080802,16.461698636363657,16.252214090908936,45.04890605209407,15.321260378787516,21.755102272727022,17.29835645743123,21.82185703557285,18.738759232954475,27.811550454545163,20.665735101010064,27.827690874458728,40.51388877641316,20.94335038802636,13.653876553029944,19.591681060605797,24.70095119528578,14.858634090909089,20.388313686868717,23.187500990675662,20.920234790209708,23.78847415492925,19.15295292207768,18.019493686868508,19.556125293254897,47.50885359090938,32.053809846590404,24.632211406926267,19.42066369318179,17.61733472222188,50.351193363635794,0.0,19.68523540909112,31.31302318181809,18.39794397233161,21.070824499999823,41.64308674242408,12.426641790352312,41.917321969696765,29.90818748073967,20.4304766477271,23.602824696969357,27.61331681818208,23.6483902037614,18.07783257575746,19.22495786713272,14.700838929618518,48.04104219590175,18.77236413419898,23.74944879310315,27.12024487314969,20.871538909091036,23.733564242424084,16.68107677033475
MZ,19.822634285714432,26.813132863636262,22.38100150000013,20.766340500000293,39.74462111797736,19.277547333333352,27.298103954545173,21.106807103174884,22.701031804347945,19.707886312500182,25.52400050000005,26.515254055555555,26.019568309523745,37.62032522973001,29.143179914634025,19.560548416666794,21.853214893939388,22.91827938888861,21.64181894444448,20.750094833333392,30.46336352564092,27.153337576923075,24.21100217605611,26.76345864285708,22.366671500000106,21.84773633870972,43.682566000000016,29.50994831249962,22.38360435714288,20.563742625000305,21.42880944444464,46.69807116666576,19.68523540909112,0.0,29.616690166666785,22.31370658695654,21.61082899999997,39.49986099999973,20.470529316326665,42.17126640909009,28.661464194915336,22.686727500000053,25.217437166666315,28.012334499999987,28.00314056896534,21.923248722222365,27.123340500000005,20.614205951613105,43.453236471830365,19.983935261904836,22.754188913793044,30.546770337209043,21.97963132352961,23.190554055555463,19.4763538157896
NA,32.28074583333304,35.41438565656562,34.16972833333304,32.910590606060815,36.2170583895133,33.44676749999989,38.86840181818153,32.715456666666846,33.9266496376808,32.48281927083279,36.19542266666649,36.858576666666416,33.5816811904762,40.36985602702734,42.42694747967423,33.114629166666994,32.62688090909102,32.252961111110984,32.862029999999976,32.4526011111112,42.77211974358913,40.47383743589699,29.156677136150023,39.47472523809476,32.01866222222225,29.590210645161235,44.74724183333337,35.798293687499296,33.441748095238125,33.6850093750001,33.03441694444464,42.86264999999965,31.31302318181809,29.616690166666785,0.0,33.294988985507004,31.74986376666642,41.63388749999962,33.1247587755101,45.59613969696913,37.51632327683598,34.425101458332804,34.63968166666606,36.665323333333546,41.46897126436713,30.83216000000014,39.14435743589716,33.0196692473119,44.645299483567214,33.13462571428588,30.93297344827542,40.96488310077464,26.24379727450994,27.772921666666694,28.411075263158175
NE,23.15132399068293,20.139262779973443,16.055275000000012,15.280655889327962,46.49680598436725,15.641236159419991,21.80937332015767,15.19785904071744,19.054055869565047,16.609249144021824,27.034343391304184,20.0724393719805,25.835688465838277,39.70737373560537,26.10854034994644,17.737339981883906,17.149861067193473,26.011160660225087,17.133640338164106,14.273309806763384,27.110044871794333,23.772878428093357,26.858957348438175,22.06245931676975,18.293371175523088,24.739278892005164,45.70084297826133,29.02902930706479,23.40609942028963,13.638189157608752,16.315449335748447,49.32245092753585,18.39794397233161,22.31370658695654,33.294988985507004,0.0,22.39385756956508,40.42050670289811,17.41195363797663,43.29798056653423,29.87131263817237,17.047552690217476,23.70900739130396,27.83531391304337,27.13082436281804,23.71490144927501,19.977226923076515,14.218825596072794,44.248820116349286,21.51345279503095,25.91231722638662,27.847141405459563,24.59913289258338,27.263575917874213,21.571925102974685
NG,25.37019528571417,26.87659081010094,23.80068769999986,22.195128327272663,39.717533917977576,21.73686679999984,28.68735057272704,22.74880111904748,22.46777906521724,18.760848987499987,30.957616699999843,28.0794114111109,26.70198759047612,37.4554287405408,30.942085841463346,19.1131520833333,24.21634947575736,15.559308251851704,21.332029422222128,21.74892105555538,32.74358969743585,30.48804582307677,19.709965050703957,29.4468504857142,22.003538933333186,22.573467645161134,44.009424500000165,29.53722086249988,23.27870300952367,22.001363324999943,23.41830705555543,48.02781443333342,21.070824499999823,21.61082899999997,31.74986376666642,22.39385756956508,0.0,43.14360389999998,20.20929189795914,43.59258438181829,26.21834615084721,23.153099424999954,23.575422433333166,25.316029699999927,32.265732589654995,22.690145199999836,28.648939223076827,22.62821546451602,44.05476350281663,17.699915638095202,17.865717348275655,34.16793387209286,23.46654904117636,21.166253477777584,18.269742505263064
RE,38.37211321428533,39.31425101010073,41.08564583333345,38.0538050757574,51.20925557116102,40.04880499999987,45.216375757575264,38.54973869047624,36.759962898550526,38.83237739583311,38.52205749999986,41.24707499999967,35.272990499999864,41.565071626126176,49.63170934959341,42.83586375000012,35.93442462121184,44.04014018518472,42.29975277777768,38.53909638888872,48.5393099358974,45.79341698717955,41.266127089201404,44.55745535714268,42.61722592592545,43.20829744623642,48.32652166666688,37.68666797916636,37.66831297619034,39.27580520833307,39.98819166666655,40.29428599999984,41.64308674242408,39.49986099999973,41.63388749999962,40.42050670289811,43.14360389999998,0.0,42.85913562925135,49.34995189393934,50.24130720339014,37.33043895833303,45.05461166666594,49.06455250000003,47.28651781609198,42.73390277777741,43.941410897435695,39.53778198924697,40.69921669014023,44.62168785714244,43.89955876436732,39.0636818798447,35.39365224509826,42.48584305555531,41.602002675438655
RW,22.700159132652814,26.34427414965986,14.679330306122727,15.450249443413703,46.74000479247902,14.62844161564607,21.156535992578743,16.409230158730065,21.176279170363603,17.13991095025513,28.20325183673455,19.675329251700727,27.743433503401192,41.75162169056848,19.085325485315884,11.642948511904455,18.98167396413102,24.586522078608915,13.00000249433115,19.826984421768746,21.37526849816832,19.258513186813204,24.71624490370769,17.440657142857074,16.926421277399847,19.630791310072457,48.64224318367383,31.99430607015263,23.95360727891152,19.07054741071441,16.012768055555366,52.24507453061145,12.426641790352312,20.470529316326665,33.1247587755101,17.41195363797663,20.20929189795914,42.85913562925135,0.0,43.65812269635064,28.851261016949216,19.666762716836665,22.25338231292505,27.136148571428954,22.643306685432577,17.631359523809508,18.273121350078437,13.226937853851137,48.86533869502594,17.363435646258402,23.82758928923277,27.065681490270237,22.61576897358957,25.28121606575948,17.391938861439115
