ISO_CODE,AG,AI,AR,AW,BB,BM,BO,BQ,BR,BS,BZ,CA,CL,CO,CR,CW,DM,DO,EC,GD,GF,GL,GP,GT,GY,HN,HT,JM,KN,KY,LC,MQ,MS,MX,NI,PA,PE,PM,PR,PY,SR,SV,SX,TC,TT,US,UY,VC,VE,VG,VI
AG,0.0,24.030834310850484,15.434606677419332,23.751219470046216,13.594471169354854,26.075449545078783,15.067974788306351,34.48138104838738,15.765347442927991,13.770539270687244,13.875560522273307,13.098433701262197,14.948521645161168,13.52902038709674,20.51710246334309,21.5340666666666,15.025635005973722,13.33403468035186,13.986031214076087,15.148528673835123,14.66970439882702,18.053054177005805,15.457878709677344,14.94138783473263,13.002032919768425,14.263350903225716,16.374791000000098,13.369164046920822,27.001819965126582,19.103812047399742,12.28170430107526,15.490417204301076,32.686983870968064,14.974444773027615,13.618851059907838,13.608962699490656,13.79583603085556,39.60442529711393,28.06726358234309,16.639808690702,20.24624066471162,15.382057849462292,21.396231473408932,19.04078195937884,21.50257945205479,13.872800737096696,16.122171574193377,12.64595110087044,14.39363945905698,24.865461693548557,27.08296941045615
AI,24.030834310850484,0.0,24.570404513196443,31.01857305194818,22.806211931818105,30.953368298368424,23.60561551136364,33.64556250000018,24.21830894755233,23.808530434782483,23.46877142857146,22.13188295256909,23.27932986713287,23.235166310850467,27.71913090909104,28.538730303030096,22.71298989898988,22.839297272727094,23.00580218181821,25.41081673881662,25.315554545454443,24.96310489510492,22.89281818181817,23.73708190535502,22.68605944055942,23.615263974026053,26.311044999999982,23.505930909091,31.484653562653584,27.1763395176253,23.683746823069328,23.644540404040427,42.31906493506488,23.832944130339538,23.013938506493314,23.37409220095702,23.254555312252904,47.45383253588516,34.074832966507245,25.12368005347555,27.4070454545454,23.63131944444429,25.23330712530711,23.343811447811422,28.50873947696141,22.966278186363542,24.479220254545357,23.195053391053357,24.45129348251756,26.525460227272813,29.41879937304076
AR,15.434606677419332,24.570404513196443,0.0,23.98504063594468,13.87469031451613,26.8497567882547,8.090065191532242,32.98667008064511,8.97963643697266,13.712216938288888,12.75688036712745,9.645764695652115,7.7177909230768895,8.81056525806448,14.587746867057634,19.86323547311828,16.47915156152921,9.14370129912018,8.275143346041029,17.38800711674345,12.439977809384123,16.821483181968542,12.500031838709653,10.214831373840015,12.083489593879191,9.589970834101337,14.5814649677419,12.904300137829877,28.82759002702697,21.3439940309414,14.248595387096737,13.12671781720426,32.41134982027642,8.622433511076515,9.189900354838684,9.346589363327642,9.03614935904626,37.54176244651931,24.998128096774163,8.108245717267513,17.854804528836773,10.114486666666654,22.868769978203986,20.114309198327334,20.630053635439705,10.38485001129028,6.728469245161273,14.517886878136144,10.972557535980114,25.570575080645124,28.132319818687375
AW,23.751219470046216,31.01857305194818,23.98504063594468,0.0,22.78831874999996,27.28907280219791,23.780074151785776,33.25308035714308,23.984739493406515,23.15067282608686,23.401441666666717,23.879453279503014,23.47914606593409,25.97106411520738,22.277969848484908,20.58442499999995,28.114581349206457,25.023003467532263,24.036060948052008,25.31683134920629,26.649673051948053,27.202660714285837,24.04806642857152,24.411277759295665,24.29483928571437,24.49225728571434,30.813358714285695,26.389263051948177,30.616358590733658,22.54529336734696,24.19205817972352,23.91671785714288,43.48962500000038,23.91450664716004,24.360461428571245,25.044891315789613,25.61345080124209,49.20804605263208,26.529055000000103,24.150934915966065,22.52649577922083,22.83472880952369,23.572908783783795,29.504618386243475,23.99479476516636,23.04540786818176,23.284496485714158,25.043462301587297,28.024316120879263,32.29390178571445,29.39586637931038
BB,13.594471169354854,22.806211931818105,13.87469031451613,22.78831874999996,0.0,24.479915224358987,13.25736718749995,31.948443749999967,13.700008749999991,11.965507880434847,11.602942559523722,11.608612641304308,13.388691134615286,12.889675814516137,18.001525871212024,18.135327083333333,15.74188171296303,12.882738522727262,12.893521386363512,15.874276091269888,14.639615340909147,18.437716185897468,13.324796249999954,14.395638030821935,11.180423878205207,13.607712821428528,16.598606750000172,12.457808068181848,25.80081672297296,17.97711772959189,12.283219959677426,13.094704861111186,32.9805276785713,13.742120045180751,13.003570892857224,13.075528355263213,13.19494292391312,38.93205296052621,25.38250927631584,14.898942720588211,17.336392992424216,13.90528736111106,20.953442060810765,19.703984490740734,17.706694434931457,12.07533665454537,14.2368009499999,13.808036607142894,14.168956519230704,24.499943749999996,25.95618556034476
BM,26.075449545078783,30.953368298368424,26.8497567882547,27.28907280219791,24.479915224358987,0.0,26.127251033653916,37.18004967948743,26.84105874615375,25.527133110367757,25.435498168498327,25.120894596432453,26.02359048717953,28.07429385773358,28.63346055944069,27.584933333333183,28.188920227920445,27.286453254079,26.74704694638704,26.571299145299147,28.588331701631684,27.784076923077123,26.33688153846165,27.94014187917123,26.446248717948865,27.41106794871802,31.795915461538517,28.265174825174967,31.981310464310702,23.6859450549452,25.85353019023998,25.63355641025656,45.92957875457917,26.943836261044098,27.241395970695784,27.60542624831325,28.03672601560745,51.74750337381965,32.50766654520923,27.20035530920025,27.180993240093247,26.757199658119497,25.74784961884973,28.182102564102763,26.20086821215321,24.908078401048904,26.40669311794861,26.09241514041521,29.660598102564204,33.24326762820543,29.774946065428956
BO,15.067974788306351,23.60561551136364,8.090065191532242,23.780074151785776,13.25736718749995,26.127251033653916,0.0,32.46449843750008,9.514582787499975,13.185347472826017,12.38654779761896,9.607484788043433,8.651340384615393,8.81456644153228,14.638251354166568,19.24010479166663,15.553603402777698,8.63676571590912,7.322518965909112,16.511158616071324,12.682644488636283,16.58287991185894,12.355792499999945,9.641030916095913,11.293017355769177,8.69835460714285,14.09267193749993,12.55232542613629,28.6815845692568,20.93140166454081,14.17132741263432,12.925737048611056,32.43930745535723,8.753030405120462,8.375659464285736,9.242107138157897,8.27397830434786,37.96781210526329,24.90782299342105,8.595953069852934,17.622481496212032,9.609672569444456,22.577568648648622,19.23189171296296,20.40089309075336,10.650905728409034,9.219104150000016,13.831959092261828,10.37994611057693,25.17849531250004,28.32333775862072
BQ,34.48138104838738,33.64556250000018,32.98667008064511,33.25308035714308,31.948443749999967,37.18004967948743,32.46449843750008,0.0,32.90841612307677,32.17976032608672,32.8069398809526,32.934156804347715,32.18987011538478,33.821081048387065,32.2680118939396,30.113337499999744,33.57056250000007,33.26960704545427,32.78842531818198,35.20606448412696,36.351717045454365,35.72528044871822,32.86438750000022,33.50796010273992,32.748838782051415,33.24306821428595,37.74142749999989,33.75270068181832,36.19655236486501,34.802654336734875,34.01860551075264,32.38250416666678,49.65856249999996,32.763685644578224,33.06400178571402,33.85905171052646,33.983219978260706,54.47509539473676,36.01629065789475,32.46029014705838,31.085309469697005,32.11824027777761,32.92355574324344,35.36107175925924,33.01071113013701,32.58007247727276,32.184037099999976,34.223973214285735,35.40343365384636,32.307875000000266,37.76109267241379
BR,15.765347442927991,24.21830894755233,8.97963643697266,23.984739493406515,13.700008749999991,26.84105874615375,9.514582787499975,32.90841612307677,0.0,13.646287269899618,12.854399536629984,9.725425409698952,9.165915484615349,9.921711311414365,15.21119137086243,19.085164299999946,16.50903048746432,10.11881596433562,9.428928383916064,17.740729793772836,12.851105402097865,16.98891763846149,12.685682223076894,10.865234250263413,11.898793792307648,10.419305220879084,14.80779905384608,13.24381766363635,28.914240976922947,21.341090118210285,14.657105742348971,12.695437240170886,32.331642719780035,9.65621646756254,10.118526139560402,10.043124426315726,10.269054320735789,37.77264804089048,24.85079121578945,9.734808426696828,17.607734718647986,10.64685127435894,22.79830328419951,20.26488778319081,20.32857479715489,10.58954810734263,9.787973700000007,14.753503523198956,11.843844961538393,25.686767199999878,28.153284131299596
BS,13.770539270687244,23.808530434782483,13.712216938288888,23.15067282608686,11.965507880434847,25.527133110367757,13.185347472826017,32.17976032608672,13.646287269899618,0.0,11.643565217391238,10.596553956521689,12.658236371237376,12.29443100701259,18.030856231883984,18.66797826086956,15.69209049919489,12.45467445849798,12.15006787351765,16.608115527950353,14.481188537549452,17.85397458193976,12.958782608695657,13.534110309708137,10.677790301003368,12.30752470807449,15.98059400000008,12.10368948616597,27.067450998824707,19.30456291038158,13.14070004675085,13.61360096618358,32.21025838509279,13.042565192771097,12.418969565217433,12.365779794050365,12.426656347826114,38.31715926773424,25.458276544622503,14.348992455242923,16.876193017127736,13.079477705313952,21.25794124559329,18.726294685990283,18.70018737343657,10.638853778458412,13.930374208695536,13.99030697032438,13.916455678929676,23.473949456521623,26.171217991004287
BZ,13.875560522273307,23.46877142857146,12.75688036712745,23.401441666666717,11.602942559523722,25.435498168498327,12.38654779761896,32.8069398809526,12.854399536629984,11.643565217391238,0.0,10.994232975155231,12.04044972527463,11.828982125960009,17.12068909090896,18.83733809523801,16.15715026455011,12.00697214718611,11.342706839826736,15.861771428571323,14.29996839826832,17.798999267399175,13.056399047618914,12.486095427266784,11.178868498168436,11.846347904761783,16.032738857142824,12.4596446753246,26.935070012870053,18.94608571428573,12.239386482334758,13.430273015872908,32.59199047619072,11.494779026391264,11.274880952380936,11.637406140350874,12.019346488612852,38.57598546365938,25.16495716791989,13.57168061624639,17.196067099566992,12.327265158730093,21.396536679536624,19.389587301587323,19.580940769732518,11.085280130519417,13.37196344761891,13.85848888888875,13.208872732600629,24.485006547619157,26.48862857142857
CA,13.098433701262197,22.13188295256909,9.645764695652115,23.879453279503014,11.608612641304308,25.120894596432453,9.607484788043433,32.934156804347715,9.725425409698952,10.596553956521689,10.994232975155231,0.0,8.638619892976552,7.496726716689996,16.206400146245027,19.17067056521739,14.160074037036964,8.44056196442682,8.157983869565175,15.474291750862612,11.066728288537456,14.593468255295374,11.287148391304315,9.578686499702178,9.280768821627593,8.76540273913041,11.77354452173907,10.390838225296411,27.60777284958864,18.96309578083404,11.550151039270606,11.75270631400959,30.21556460248433,9.28650870193814,8.348555198757722,7.790165842105231,7.994600304347784,36.05017140274584,25.84708456521733,10.924142248081782,17.41264165349139,9.786742951690798,21.46777820093999,16.983355711755156,19.871812087552065,5.258449730632396,10.509513521739123,11.960114645272538,9.18664272575244,23.53235789130425,26.81395731184397
CL,14.948521645161168,23.27932986713287,7.7177909230768895,23.47914606593409,13.388691134615286,26.02359048717953,8.651340384615393,32.18987011538478,9.165915484615349,12.658236371237376,12.04044972527463,8.638619892976552,0.0,7.901833625310156,14.062824487179403,19.33736171794868,15.412281273504124,8.816406300699239,7.294720958041918,17.000027627594555,12.18878160139847,15.735450589743426,12.246410846153765,9.150787937829245,10.931587410256334,8.699919703296647,13.605949153846009,11.896826202797126,28.421415702702767,20.243020312401867,13.25400191645973,12.252727324786203,31.35686889011003,7.646352906394769,8.481133890109847,8.441298595141633,7.580013274247458,37.04244827935245,25.009582797570904,8.986194085972798,17.674868878787816,9.116221692307631,21.928280945945914,18.714360487179416,20.49594732033717,9.465861831118842,8.73215376923075,13.823254135530991,10.24879761538454,24.30632734615392,27.923020267904587
CO,13.52902038709674,23.235166310850467,8.81056525806448,25.97106411520738,12.889675814516137,28.07429385773358,8.81456644153228,33.821081048387065,9.921711311414365,12.29443100701259,11.828982125960009,7.496726716689996,7.901833625310156,0.0,17.132314058650945,20.98683759139788,12.187177832735912,6.0050208739002455,5.750028961876816,15.788442393241148,9.008918293255064,13.993575209263794,11.538631354838712,7.36057642068047,8.802105467328305,6.547460516128991,7.859504483870915,8.837648469208169,29.165193862249325,21.150032431863067,11.410754516128977,12.15841698207882,27.883162857142818,8.217565711231982,5.718366493087542,4.89089514091676,4.502642263674579,34.1832684346349,28.232885884550114,9.807670774193486,19.39205633235583,8.57918018996411,23.104260974716656,16.202631818399016,22.768396844012432,9.136695055571789,10.187206077419352,10.806365093701958,4.833775101736931,23.782326983870927,29.07495489877634
CR,20.51710246334309,27.71913090909104,14.587746867057634,22.277969848484908,18.001525871212024,28.63346055944069,14.638251354166568,32.2680118939396,15.21119137086243,18.030856231883984,17.12068909090896,16.206400146245027,14.062824487179403,17.132314058650945,0.0,19.39319454545453,22.82412828282832,16.479786969696832,14.645178484848412,22.77388839826844,20.49334303030298,22.438598601398617,17.337388787878698,14.568186953092583,17.794094778554694,15.059511437229322,22.93940969696973,19.05561939393932,29.98838940212948,22.70914718614724,20.012356089931497,17.28991595959585,37.43064969696995,13.547440288061347,15.337440909090828,16.120568660286953,16.52802090382083,41.513087878788085,19.00970566188192,14.629080516933929,18.156659393939336,13.385739545454443,24.239368337428385,25.411514612794683,19.95978825238684,15.628612253030251,14.223023890908966,21.14892516594516,19.44716358974351,27.27847507575767,29.69376754440971
CW,21.5340666666666,28.538730303030096,19.86323547311828,20.58442499999995,18.135327083333333,27.584933333333183,19.24010479166663,30.113337499999744,19.085164299999946,18.66797826086956,18.83733809523801,19.17067056521739,19.33736171794868,20.98683759139788,19.39319454545453,0.0,23.99660370370346,20.21393963636356,19.418223212121127,23.634984126983905,21.27830909090891,25.37210512820489,19.05901333333324,20.34928945205487,19.92448333333332,20.382288571428603,25.801927666666465,21.735903333333333,29.1540626126124,22.866707142857106,19.950269354838632,19.018227777777728,39.34192619047577,19.663738775100448,20.36323547619037,20.446232105263217,20.894177275362267,44.40658421052588,23.950169122807125,20.260881568627187,17.762660606060546,19.571739444444315,23.5009486486485,26.85563703703672,20.82335091324197,18.89385018333331,19.65335426666652,22.344265873015694,23.039968461538542,29.91789583333305,29.807231034482523
DM,15.025635005973722,22.71298989898988,16.47915156152921,28.114581349206457,15.74188171296303,28.188920227920445,15.553603402777698,33.57056250000007,16.50903048746432,15.69209049919489,16.15715026455011,14.160074037036964,15.412281273504124,12.187177832735912,22.82412828282832,23.99660370370346,0.0,13.256098390572324,14.009279898989686,18.14109523809522,15.297681818181896,16.88482621082622,16.480007407407292,15.145101801116155,12.594322222222257,14.164594232804127,13.378752148148276,13.18372835016832,28.49640640640645,22.843300075585876,13.985635603345358,16.669007407407417,30.702439153439045,15.967528710843386,13.21940661375665,12.907037563352848,12.965205842190024,37.78803313840152,31.42067058479542,16.998235751633835,21.980537037036967,15.846392222222104,23.99260260260261,16.63292592592598,24.11733292744797,15.153749566161496,16.990959451851705,13.192121693121726,12.450553920227794,23.90626157407411,27.58641762452109
DO,13.33403468035186,22.839297272727094,9.14370129912018,25.023003467532263,12.882738522727262,27.286453254079,8.63676571590912,33.26960704545427,10.11881596433562,12.45467445849798,12.00697214718611,8.44056196442682,8.816406300699239,6.0050208739002455,16.479786969696832,20.21393963636356,13.256098390572324,0.0,6.971779454545451,15.45436968253964,10.13892672727265,15.496320303030226,11.762873090909068,8.262544841843008,9.76394059207454,7.343334025973984,10.348609363636312,9.68703218181815,28.7358009090906,20.799978660482303,11.629943614858195,12.524894767676722,29.728201584415213,8.78164164403061,6.650564519480472,6.541817971291807,6.559839454545412,36.20762069856429,26.698439636363595,10.065689208556112,19.125155818181742,9.020600585858556,23.00938466339046,16.626546861952804,21.75513232129508,9.763915713636298,10.453043781818186,11.656973711399653,7.081690797202755,23.924102045454315,28.41839218181791
EC,13.986031214076087,23.00580218181821,8.275143346041029,24.036060948052008,12.893521386363512,26.74704694638704,7.322518965909112,32.78842531818198,9.428928383916064,12.15006787351765,11.342706839826736,8.157983869565175,7.294720958041918,5.750028961876816,14.645178484848412,19.418223212121127,14.009279898989686,6.971779454545451,0.0,15.60058575468961,10.67778709090898,15.037554219114034,11.54570109090901,7.642318500622634,9.67082517948715,6.948025168831158,11.732199909090784,10.483921636363553,28.441093970516075,20.429037814471204,12.114939413489552,11.968927151515029,30.36975423376638,7.014345010952867,6.444714999999984,6.658292009569357,5.672502086956492,36.19982355980868,25.461757751196124,9.099713112299431,17.882339454545356,7.66991855555555,22.247003828009817,17.48420292929281,21.00114837608962,9.202980949999962,9.260516109090895,12.451020608946475,8.129412419580378,23.73965613636371,28.150315322884072
GD,15.148528673835123,25.41081673881662,17.38800711674345,25.31683134920629,15.874276091269888,26.571299145299147,16.511158616071324,35.20606448412696,17.740729793772836,16.608115527950353,15.861771428571323,15.474291750862612,17.000027627594555,15.788442393241148,22.77388839826844,23.634984126983905,18.14109523809522,15.45436968253964,15.60058575468961,0.0,16.826933477633524,20.500433455433395,17.23507492063485,17.337887442922405,15.03299694749697,16.33407019047613,19.11641195238103,16.069152871572864,28.82953196053188,21.27778458049887,15.366561187916068,17.987792063492094,35.51390476190464,16.918025623828676,15.814403650793707,15.849548512949086,15.879000735679805,42.16694903926489,29.743829164578216,17.952307432306107,21.364345021644954,17.428328253968168,24.202185757185696,20.987079365079275,22.123982735377204,15.895907569769042,17.87201709841255,15.18269841269843,16.818366822954808,26.558268849206268,28.50904761904756
GF,14.66970439882702,25.315554545454443,12.439977809384123,26.649673051948053,14.639615340909147,28.588331701631684,12.682644488636283,36.351717045454365,12.851105402097865,14.481188537549452,14.29996839826832,11.066728288537456,12.18878160139847,9.008918293255064,20.49334303030298,21.27830909090891,15.297681818181896,10.13892672727265,10.67778709090898,16.826933477633524,0.0,16.515629603729614,11.813144545454495,12.123335330012432,11.577058275058333,11.651387038960978,11.65993509090914,12.36615999999998,31.23456977886962,22.4340766233766,12.358764320625692,12.71642222222226,31.581461038960757,12.749750868565163,10.592652272727296,9.808453349282276,9.788995723320117,37.47650669856431,30.028802631579047,13.760845989304752,20.432121212121142,12.997074343434246,24.526799262899164,18.27411144781148,24.114216313823164,12.67236988636352,13.540560181818051,13.101059884559938,9.359669944055865,26.675557954545308,30.191208463949675
GL,18.053054177005805,24.96310489510492,16.821483181968542,27.202660714285837,18.437716185897468,27.784076923077123,16.58287991185894,35.72528044871822,16.98891763846149,17.85397458193976,17.798999267399175,14.593468255295374,15.735450589743426,13.993575209263794,22.438598601398617,25.37210512820489,16.88482621082622,15.496320303030226,15.037554219114034,20.500433455433395,16.515629603729614,0.0,18.077748974358887,16.128789669827874,15.903889743589732,15.442275538461429,16.41523071794884,16.57844890442888,30.319294525294676,23.137726844584108,17.089969396195247,18.261799999999983,34.404263736263985,16.591253034599955,14.953297509157531,14.911916450742266,14.849009326644378,40.14698920377892,31.58436538461551,17.400688748114465,23.4028235431235,16.522890470085358,23.988748440748505,19.860811965811983,26.118954337899577,15.668526520862365,17.01877719999985,16.615222222222197,14.896249897435784,26.728530448718125,28.60187533156508
GP,15.457878709677344,22.89281818181817,12.500031838709653,24.04806642857152,13.324796249999954,26.33688153846165,12.355792499999945,32.86438750000022,12.685682223076894,12.958782608695657,13.056399047618914,11.287148391304315,12.246410846153765,11.538631354838712,17.337388787878698,19.05901333333324,16.480007407407292,11.762873090909068,11.54570109090901,17.23507492063485,11.813144545454495,18.077748974358887,0.0,12.504587671232848,11.809115384615396,11.97304828571422,15.682176000000045,13.492429999999974,28.58579189189196,20.483421836734703,13.706865591397776,8.601771111111066,33.19186428571452,12.561202397590382,11.646140714285742,11.609508947368436,11.880994695652216,37.52693526315805,25.816265263158,13.359314705882282,17.569503939393844,12.22985444444441,21.6046308108108,19.15602592592592,20.12703452054795,12.190230940909034,13.204249999999917,14.616282539682448,13.300128923076876,25.42625250000012,27.83811068965524
GT,14.94138783473263,23.73708190535502,10.214831373840015,24.411277759295665,14.395638030821935,27.94014187917123,9.641030916095913,33.50796010273992,10.865234250263413,13.534110309708137,12.486095427266784,9.578686499702178,9.150787937829245,7.36057642068047,14.568186953092583,20.34928945205487,15.145101801116155,8.262544841843008,7.642318500622634,17.337887442922405,12.123335330012432,16.128789669827874,12.504587671232848,0.0,11.179214116613943,6.835762050880583,12.725524821917782,11.350110996263986,29.18711661977059,20.89051580933748,13.20756787302987,13.300905494672731,31.27655923679076,8.31904223221651,6.9517020058708106,7.600121975486593,7.9731574615842415,37.31360441961088,25.663407901946684,10.766552232070874,18.73335868410134,7.428704429223723,22.94082857089976,18.48061393708784,22.03067849315076,10.060975838044785,11.175497457534268,13.6971840508806,9.771336115911414,23.87426633561655,28.4956108974966
GY,13.002032919768425,22.68605944055942,12.083489593879191,24.29483928571437,11.180423878205207,26.446248717948865,11.293017355769177,32.748838782051415,11.898793792307648,10.677790301003368,11.178868498168436,9.280768821627593,10.931587410256334,8.802105467328305,17.794094778554694,19.92448333333332,12.594322222222257,9.76394059207454,9.67082517948715,15.03299694749697,11.577058275058333,15.903889743589732,11.809115384615396,11.179214116613943,0.0,9.976046263736224,11.703590743589762,9.127784895104842,27.49797941787947,20.27499461015183,10.952873862696476,12.801835897435916,29.56580989010992,11.405318149212205,9.691789432234458,9.359592348178124,9.306334136008903,36.8278516869096,27.42620940620796,12.736607797888343,16.89634312354308,11.312966965811937,21.98031718641725,17.080998005698035,19.77591074815597,10.125376673309944,12.323440297435804,11.03194981684984,9.98694758974352,23.310871474359043,27.396026083112364
HN,14.263350903225716,23.615263974026053,9.589970834101337,24.49225728571434,13.607712821428528,27.41106794871802,8.69835460714285,33.24306821428595,10.419305220879084,12.30752470807449,11.846347904761783,8.76540273913041,8.699919703296647,6.547460516128991,15.059511437229322,20.382288571428603,14.164594232804127,7.343334025973984,6.948025168831158,16.33407019047613,11.651387038960978,15.442275538461429,11.97304828571422,6.835762050880583,9.976046263736224,0.0,11.54509628571424,10.388230519480476,28.891032610038717,20.477950734693923,13.018982675883167,12.902097111111043,29.937666571428704,8.403830714285666,5.998682000000004,6.713055939849584,7.336762757763932,36.23272978947395,26.044612451127847,9.565010184873914,18.64397356709953,6.9372995079364905,22.50194278764481,17.66105478306872,21.36886339334636,9.575762520129803,10.417426399999991,12.796379269841168,8.363494285714244,24.189549500000098,28.401907300492677
HT,16.374791000000098,26.311044999999982,14.5814649677419,30.813358714285695,16.598606750000172,31.795915461538517,14.09267193749993,37.74142749999989,14.80779905384608,15.98059400000008,16.032738857142824,11.77354452173907,13.605949153846009,7.859504483870915,22.93940969696973,25.801927666666465,13.378752148148276,10.348609363636312,11.732199909090784,19.11641195238103,11.65993509090914,16.41523071794884,15.682176000000045,12.725524821917782,11.703590743589762,11.54509628571424,0.0,10.696282999999992,32.24398232432424,24.927993081632746,13.742606967742004,16.430320222222296,27.282831857142902,14.18957338554216,10.5480435714286,9.55812926315786,9.56598973913042,34.43276031578939,33.8909881578948,15.352083058823476,23.548072333333295,14.09461311111109,27.269240756756776,17.3175407777779,27.06318802739723,13.95005402272716,15.744851199999903,13.053436698412796,6.3763738461538,26.58768650000003,32.77649406896541
JM,13.369164046920822,23.505930909091,12.904300137829877,26.389263051948177,12.457808068181848,28.265174825174967,12.55232542613629,33.75270068181832,13.24381766363635,12.10368948616597,12.4596446753246,10.390838225296411,11.896826202797126,8.837648469208169,19.05561939393932,21.735903333333333,13.18372835016832,9.68703218181815,10.483921636363553,16.069152871572864,12.36615999999998,16.57844890442888,13.492429999999974,11.350110996263986,9.127784895104842,10.388230519480476,10.696282999999992,0.0,28.067630319410423,20.86137050092771,11.129310029325476,14.054501010101008,29.901420519480627,12.295546986856523,10.025865259740248,9.530225789473644,9.482894537549392,36.50746200956942,28.256761770335054,13.885940374331485,18.99341818181821,12.073965050505024,23.29051390663397,16.78203703703703,20.96140854296389,11.669474277272649,14.083267818181762,11.322596536796514,9.503651286713202,23.80724068181833,28.892418683385703
KN,27.001819965126582,31.484653562653584,28.82759002702697,30.616358590733658,25.80081672297296,31.981310464310702,28.6815845692568,36.19655236486501,28.914240976922947,27.067450998824707,26.935070012870053,27.60777284958864,28.421415702702767,29.165193862249325,29.98838940212948,29.1540626126124,28.49640640640645,28.7358009090906,28.441093970516075,28.82953196053188,31.23456977886962,30.319294525294676,28.58579189189196,29.18711661977059,27.49797941787947,28.891032610038717,32.24398232432424,28.067630319410423,0.0,28.511180364037628,27.52797122929379,28.039057057057143,43.10359459459477,28.392889164767173,28.505843301158038,28.781636002845108,29.35577534665085,48.11945803698461,33.29360948790906,29.11397338632704,27.205565847665813,28.54619324324306,26.895621621621657,31.478875875875865,26.724973787486142,27.18571818513508,28.370898843243136,28.10705662805657,30.532622066528205,32.171437500000145,33.13043522833181
KY,19.103812047399742,27.1763395176253,21.3439940309414,22.54529336734696,17.97711772959189,23.6859450549452,20.93140166454081,34.802654336734875,21.341090118210285,19.30456291038158,18.94608571428573,18.96309578083404,20.243020312401867,21.150032431863067,22.70914718614724,22.866707142857106,22.843300075585876,20.799978660482303,20.429037814471204,21.27778458049887,22.4340766233766,23.137726844584108,20.483421836734703,20.89051580933748,20.27499461015183,20.477950734693923,24.927993081632746,20.86137050092771,28.511180364037628,0.0,19.347939214395502,20.069197505669,39.59842857142872,20.302756550528706,20.35968887755094,20.45441189044047,21.188062963620183,45.75462835660601,28.043332900107533,21.553357370948124,22.312442362399548,20.039305804988565,21.648867071152843,23.271695389266903,22.874102823595223,18.651917771892304,21.332951453061128,19.384614512471696,22.7483518178965,28.426590561224632,26.3676389866292
LC,12.28170430107526,23.683746823069328,14.248595387096737,24.19205817972352,12.283219959677426,25.85353019023998,14.17132741263432,34.01860551075264,14.657105742348971,13.14070004675085,12.239386482334758,11.550151039270606,13.25400191645973,11.410754516128977,20.012356089931497,19.950269354838632,13.985635603345358,11.629943614858195,12.114939413489552,15.366561187916068,12.358764320625692,17.089969396195247,13.706865591397776,13.20756787302987,10.952873862696476,13.018982675883167,13.742606967742004,11.129310029325476,27.52797122929379,19.347939214395502,0.0,14.237850537634436,31.166030721966056,13.56590327568339,11.999021658986187,11.58927853423881,11.869585821411896,38.7534216185624,28.588658239954874,15.506607280202315,19.46772834799601,14.10551978494616,21.383362685265904,17.60757706093193,21.340961378700825,12.410761283724222,15.078849036558967,11.21870148489504,12.077441151364653,24.416832661290343,27.090000741564587
MQ,15.490417204301076,23.644540404040427,13.12671781720426,23.91671785714288,13.094704861111186,25.63355641025656,12.925737048611056,32.38250416666678,12.695437240170886,13.61360096618358,13.430273015872908,11.75270631400959,12.252727324786203,12.15841698207882,17.28991595959585,19.018227777777728,16.669007407407417,12.524894767676722,11.968927151515029,17.987792063492094,12.71642222222226,18.261799999999983,8.601771111111066,13.300905494672731,12.801835897435916,12.902097111111043,16.430320222222296,14.054501010101008,28.039057057057143,20.069197505669,14.237850537634436,0.0,33.19438095238091,12.747565939759037,12.295978333333348,12.118902397660822,12.50833177777779,37.624042690058346,25.29319830409368,13.823646143790803,17.79758181818179,12.809416666666598,21.28183153153158,19.75265185185186,20.36892800608823,12.544161490403924,13.141915244444322,15.357104761904775,14.078247452991365,25.50445138888896,27.724317624521163
MS,32.686983870968064,42.31906493506488,32.41134982027642,43.48962500000038,32.9805276785713,45.92957875457917,32.43930745535723,49.65856249999996,32.331642719780035,32.21025838509279,32.59199047619072,30.21556460248433,31.35686889011003,27.883162857142818,37.43064969696995,39.34192619047577,30.702439153439045,29.728201584415213,30.36975423376638,35.51390476190464,31.581461038960757,34.404263736263985,33.19186428571452,31.27655923679076,29.56580989010992,29.937666571428704,27.282831857142902,29.901420519480627,43.10359459459477,39.59842857142872,31.166030721966056,33.19438095238091,0.0,31.76742944406188,29.749384285713987,28.827845488721906,29.209189378881785,46.443195488721855,45.88350744360873,32.71807756302464,36.311916450216415,31.740067619047345,40.96527413127438,36.0335132275131,39.150973776907946,31.56464421103888,32.97105205714281,31.32946031746013,27.48156747252758,40.50586607142859,47.09233004926073
MX,14.974444773027615,23.832944130339538,8.622433511076515,23.91450664716004,13.742120045180751,26.943836261044098,8.753030405120462,32.763685644578224,9.65621646756254,13.042565192771097,11.494779026391264,9.28650870193814,7.646352906394769,8.217565711231982,13.547440288061347,19.663738775100448,15.967528710843386,8.78164164403061,7.014345010952867,16.918025623828676,12.749750868565163,16.591253034599955,12.561202397590382,8.31904223221651,11.405318149212205,8.403830714285666,14.18957338554216,12.295546986856523,28.392889164767173,20.302756550528706,13.56590327568339,12.747565939759037,31.76742944406188,0.0,8.185720523235746,8.38743073113501,8.166854331587185,37.40159525618258,23.683129095117277,9.922012092841957,18.07490965352318,8.423289840696084,22.209949593943367,19.11582389781351,20.601753815976267,9.513642951861954,9.66288595421686,14.26450267336009,10.59105320759958,24.786154234939715,28.202986587037785
NI,13.618851059907838,23.013938506493314,9.189900354838684,24.360461428571245,13.003570892857224,27.241395970695784,8.375659464285736,33.06400178571402,10.118526139560402,12.418969565217433,11.274880952380936,8.348555198757722,8.481133890109847,5.718366493087542,15.337440909090828,20.36323547619037,13.21940661375665,6.650564519480472,6.444714999999984,15.814403650793707,10.592652272727296,14.953297509157531,11.646140714285742,6.9517020058708106,9.691789432234458,5.998682000000004,10.5480435714286,10.025865259740248,28.505843301158038,20.35968887755094,11.999021658986187,12.295978333333348,29.749384285713987,8.185720523235746,0.0,6.257461466165381,6.485276316770158,35.53129078947336,26.548716804511283,9.524963067226883,18.137722532467475,7.523079761904765,22.29445754826235,16.7952297883598,21.540254324853265,9.290873903246691,10.026804114285705,11.774095317460365,7.191762725274701,23.388783928571254,27.9590097044332
PA,13.608962699490656,23.37409220095702,9.346589363327642,25.044891315789613,13.075528355263213,27.60542624831325,9.242107138157897,33.85905171052646,10.043124426315726,12.365779794050365,11.637406140350874,7.790165842105231,8.441298595141633,4.89089514091676,16.120568660286953,20.446232105263217,12.907037563352848,6.541817971291807,6.658292009569357,15.849548512949086,9.808453349282276,14.911916450742266,11.609508947368436,7.600121975486593,9.359592348178124,6.713055939849584,9.55812926315786,9.530225789473644,28.781636002845108,20.45441189044047,11.58927853423881,12.118902397660822,28.827845488721906,8.38743073113501,6.257461466165381,0.0,6.2114643203660975,35.03725631578952,26.912391578947474,10.05052721362223,18.655413987240877,8.662590847953231,22.569366358463824,16.498559941520522,22.0262980605624,9.122320705023874,10.367603157894711,11.542351236424402,6.839994550607247,23.85326276315801,28.49972615245017
PE,13.79583603085556,23.254555312252904,9.03614935904626,25.61345080124209,13.19494292391312,28.03672601560745,8.27397830434786,33.983219978260706,10.269054320735789,12.426656347826114,12.019346488612852,7.994600304347784,7.580013274247458,4.502642263674579,16.52802090382083,20.894177275362267,12.965205842190024,6.559839454545412,5.672502086956492,15.879000735679805,9.788995723320117,14.849009326644378,11.880994695652216,7.9731574615842415,9.306334136008903,7.336762757763932,9.56598973913042,9.482894537549392,29.35577534665085,21.188062963620183,11.869585821411896,12.50833177777779,29.209189378881785,8.166854331587185,6.485276316770158,6.2114643203660975,0.0,35.633546311212605,27.65053583981692,10.161942378516615,19.12034058234516,8.923616526570012,23.2405668366626,16.70544117552332,22.25182878141744,9.55792884762841,10.310119026087008,11.417384165631503,6.435392822742421,24.17111193478245,29.18054435382292
PM,39.60442529711393,47.45383253588516,37.54176244651931,49.20804605263208,38.93205296052621,51.74750337381965,37.96781210526329,54.47509539473676,37.77264804089048,38.31715926773424,38.57598546365938,36.05017140274584,37.04244827935245,34.1832684346349,41.513087878788085,44.40658421052588,37.78803313840152,36.20762069856429,36.19982355980868,42.16694903926489,37.47650669856431,40.14698920377892,37.52693526315805,37.31360441961088,36.8278516869096,36.23272978947395,34.43276031578939,36.50746200956942,48.11945803698461,45.75462835660601,38.7534216185624,37.624042690058346,46.443195488721855,37.40159525618258,35.53129078947336,35.03725631578952,35.633546311212605,0.0,48.734854210526,37.96023430340495,41.463125199362,37.27541973684183,46.481236130868,42.39676023391812,44.86172660418166,37.32828240980851,37.42167037894727,38.48701420217203,34.06110582995967,47.36647039473685,52.58244646097956
PR,28.06726358234309,34.074832966507245,24.998128096774163,26.529055000000103,25.38250927631584,32.50766654520923,24.90782299342105,36.01629065789475,24.85079121578945,25.458276544622503,25.16495716791989,25.84708456521733,25.009582797570904,28.232885884550114,19.00970566188192,23.950169122807125,31.42067058479542,26.698439636363595,25.461757751196124,29.743829164578216,30.028802631579047,31.58436538461551,25.816265263158,25.663407901946684,27.42620940620796,26.044612451127847,33.8909881578948,28.256761770335054,33.29360948790906,28.043332900107533,28.588658239954874,25.29319830409368,45.88350744360873,23.683129095117277,26.548716804511283,26.912391578947474,27.65053583981692,48.734854210526,0.0,24.86565213622289,24.24585185007977,24.04630353801178,29.288247667140965,33.907911715399656,23.2966851838501,24.515873848086105,24.18685907368425,29.89107349206359,30.57903463157894,34.23172039473692,33.59335903811262
PY,16.639808690702,25.12368005347555,8.108245717267513,24.150934915966065,14.898942720588211,27.20035530920025,8.595953069852934,32.46029014705838,9.734808426696828,14.348992455242923,13.57168061624639,10.924142248081782,8.986194085972798,9.807670774193486,14.629080516933929,20.260881568627187,16.998235751633835,10.065689208556112,9.099713112299431,17.952307432306107,13.760845989304752,17.400688748114465,13.359314705882282,10.766552232070874,12.736607797888343,9.565010184873914,15.352083058823476,13.885940374331485,29.11397338632704,21.553357370948124,15.506607280202315,13.823646143790803,32.71807756302464,9.922012092841957,9.524963067226883,10.05052721362223,10.161942378516615,37.96023430340495,24.86565213622289,0.0,18.05934206773608,10.15342660130716,23.41462807631125,20.68169200435699,20.82917767123279,11.314933364438446,8.118212047058838,15.457164323062466,11.75668632579177,25.822770735293705,29.065422454360647
SR,20.24624066471162,27.4070454545454,17.854804528836773,22.52649577922083,17.336392992424216,27.180993240093247,17.622481496212032,31.085309469697005,17.607734718647986,16.876193017127736,17.196067099566992,17.41264165349139,17.674868878787816,19.39205633235583,18.156659393939336,17.762660606060546,21.980537037036967,19.125155818181742,17.882339454545356,21.364345021644954,20.432121212121142,23.4028235431235,17.569503939393844,18.73335868410134,16.89634312354308,18.64397356709953,23.548072333333295,18.99341818181821,27.205565847665813,22.312442362399548,19.46772834799601,17.79758181818179,36.311916450216415,18.07490965352318,18.137722532467475,18.655413987240877,19.12034058234516,41.463125199362,24.24585185007977,18.05934206773608,0.0,17.69449242424234,23.43532080262078,25.39689999999994,18.29176874221661,16.972341743939285,17.46735079999987,20.36331414141409,21.19753922610725,27.945263257575743,29.394980877742945
SV,15.382057849462292,23.63131944444429,10.114486666666654,22.83472880952369,13.90528736111106,26.757199658119497,9.609672569444456,32.11824027777761,10.64685127435894,13.079477705313952,12.327265158730093,9.786742951690798,9.116221692307631,8.57918018996411,13.385739545454443,19.571739444444315,15.846392222222104,9.020600585858556,7.66991855555555,17.428328253968168,12.997074343434246,16.522890470085358,12.22985444444441,7.428704429223723,11.312966965811937,6.9372995079364905,14.09461311111109,12.073965050505024,28.54619324324306,20.039305804988565,14.10551978494616,12.809416666666598,31.740067619047345,8.423289840696084,7.523079761904765,8.662590847953231,8.923616526570012,37.27541973684183,24.04630353801178,10.15342660130716,17.69449242424234,0.0,22.313580150149967,19.025274444444275,20.33156070015217,10.073390554040373,10.51046391111112,14.39569920634913,10.883162880341825,24.42191027777757,27.819104003831207
