ISO_CODE,AG,AI,AR,AW,BB,BM,BO,BQ,BR,BS,BZ,CA,CL,CO,CR,CW,DM,DO,EC,GD,GF,GL,GP,GT,GY,HN,HT,JM,KN,KY,LC,MQ,MS,MX,NI,PA,PE,PM,PR,PY,SR,SV,SX,TC,TT,US,UY,VC,VE,VG,VI
AG,0.0,28.210461876833,18.110016387096703,21.51804262672825,14.594835282258122,25.261506617039128,16.908115493951517,36.54497983870986,19.63914043598008,15.076348246844333,15.60546989247296,15.699467137447355,17.068129550868363,16.403281838709624,21.158347497556267,17.76180752688165,18.166496415770684,16.065929225806414,17.287785384164064,14.32141909882231,17.60904692082115,26.20758188585636,17.347515483870954,16.696027339814464,14.551611414392072,16.561578396313255,15.892789403225944,13.487973137829853,23.2995488230166,21.03186076366044,14.281930107526884,17.108846774193605,41.14454608294947,17.24637865759815,16.444049596774224,15.648811443123964,16.472888548387136,48.97369185059427,22.816637368421265,18.89229734345321,18.76962658846529,17.469278987455013,21.807976024411516,23.05974253285559,17.62042275740159,16.362003383137697,18.190023238709525,12.537266513056808,15.977591560793943,33.77664112903253,28.178780311457324
AI,28.210461876833,0.0,28.7780315366569,33.75415909090928,28.13046306818177,34.69966899766927,28.20596269886369,38.77782954545463,29.847145488811165,28.2456015810274,28.851543722943926,27.21937869960465,27.77966456643372,27.84463214956013,31.761416666667078,30.61957878787849,26.881774410774355,27.16152999999957,28.338540727272733,29.503176046175863,28.73117272727255,35.10392074592097,27.24240454545467,28.176519090909338,27.83198018648023,28.01534680519501,27.598464499999952,26.800667272727303,32.771943488943535,32.9852003710576,28.966230694037,27.135811616161654,52.74064935064929,28.410396024096304,27.522461655843824,27.10295770334942,28.145338818181614,55.85115311004791,32.70899114832551,29.606561016042143,30.777899999999978,28.718734570706744,29.950855036855064,27.462299663299625,29.339794520547898,28.023883277272617,28.525269199999883,27.533971139971044,27.6833339930072,37.08251136363644,33.25312852664578
AR,18.110016387096703,28.7780315366569,0.0,23.315418506912398,13.166172911290309,28.418051014061074,7.417702441532231,34.85597209677409,10.33400075607936,13.052052230014,12.835270463901637,10.390890859747516,6.623485774193497,7.178533258064478,11.871773702834735,16.641021483870954,19.51590791158891,8.020196005865031,7.540878011730195,18.210316149513503,14.866391929618752,26.12078973862683,13.109654580645168,8.049228478126318,12.349238208436685,8.745703603686605,10.618516435483825,11.08666520821111,26.299104446381712,23.453747602369894,16.271891161290277,13.13688695340499,38.90447522580628,7.498934022541739,8.232534112903192,8.066591765704532,7.133197028050457,43.17186658064495,16.71453913073009,8.801500136622314,14.9363022658846,8.688024442652273,24.56295926591092,24.44118800955785,15.610929467079083,12.022960487829874,6.074660903225816,15.565664260112586,8.633060900744356,34.92167319354826,30.97731068520567
AW,21.51804262672825,33.75415909090928,23.315418506912398,0.0,21.799693750000014,26.855970695970942,22.894677455357144,38.87851785714332,25.715202084615303,22.27131397515523,22.306492857142988,22.170504726708035,22.28633930769244,23.31011807834097,24.02766419913437,19.30204047619044,26.77366534391551,22.9490434545452,23.021883246753184,21.697571428571376,24.40464610389612,28.388412087912364,24.56100142857154,23.035103796477756,23.143229120879194,23.48462514285724,25.334040357142868,23.175667922078045,28.4812934362936,23.476704081632764,22.121604454685123,24.17032063492073,51.49214285714346,22.46330120137697,22.654402499999826,23.21814000000021,22.9118615590061,55.61073120300827,24.55477360902274,23.237783445377698,24.00584761904771,23.466002738095096,24.952249034749126,30.09980687830705,23.042784637964782,22.317556148701165,22.65234274285699,21.59163095238094,23.840644340659463,39.61962500000046,32.14662931034503
BB,14.594835282258122,28.13046306818177,13.166172911290309,21.799693750000014,0.0,25.365139262820502,12.459317812499943,35.48740624999987,14.70204464230766,9.600417119565254,11.129548511904655,10.271150402173896,12.512297788461456,11.614556927419322,17.205641780302898,13.947968750000054,17.19239930555565,11.589220113636364,12.652654159090806,14.222710218254075,13.874202840909208,25.412934775641,12.238991249999964,12.610073544520622,9.779003365384693,12.531866535714256,11.214732250000122,9.20580806818181,24.802126182432392,20.602887627551137,11.551160282258085,12.252890972222344,39.00014196428555,13.085632894578357,12.408442678571548,10.889307565789496,11.898581750000092,44.61595888157884,19.27512348684229,14.6889097794117,13.977466098484816,13.48375624999996,22.656498141891834,22.92325717592584,13.178086900684946,11.52204940909082,13.604162549999891,12.369170932539753,11.656496442307668,33.858806249999844,29.53463124999984
BM,25.261506617039128,34.69966899766927,28.418051014061074,26.855970695970942,25.365139262820502,0.0,28.22336214743593,43.01684935897482,29.82426343333322,25.965212263098955,27.06930109890139,24.56004867001102,27.306006333333475,27.96155000909839,30.25199074592109,27.262689743589444,28.35541025641052,27.7801140372956,28.08352420046622,24.95589621489616,28.87613356643349,28.766384615384933,28.30193564102591,28.167453041798613,26.672853846153984,28.48756219780244,28.31191878205131,26.09913482517495,29.38131531531551,24.480258503401647,26.17875351530196,27.98722435897455,53.99178388278443,28.01792469385225,27.865895595237745,27.20579390013515,27.906904248606235,59.038488529015495,30.33822360323909,29.174085158370406,28.765315384615334,28.80740497863215,26.53093277893291,30.60474358974385,26.558381383912945,24.69919274324,27.983149856410108,25.396982905982902,28.07941146153864,41.21019230769275,30.370739168877247
BO,16.908115493951517,28.20596269886369,7.417702441532231,22.894677455357144,12.459317812499943,28.22336214743593,0.0,34.329904375000204,10.55460756057689,12.626316535325984,11.9367755654761,10.388666464673864,7.137131860576923,6.140182372983893,11.4844876704544,15.972935416666518,18.267159351851777,6.752099437500041,5.71120482386361,17.395299513888787,13.78789144886345,26.065989663461583,12.731670624999923,6.125196511130156,11.202112796474289,6.673316794642866,9.184458937500017,9.89526167613632,25.88110748310811,23.21737921556124,15.586085050403064,12.95729288194432,37.50846352678587,6.633349958584279,6.213381651785716,6.827889539473668,5.542378002717394,42.61073750000028,16.70356773026306,7.637264264705863,14.60185466856048,6.643980520833361,23.828884172297297,23.451123506944484,15.489069584760191,11.99075622840902,7.9242512625000305,14.77610854662682,6.729362360576944,34.22819000000019,30.647829267241445
BQ,36.54497983870986,38.77782954545463,34.85597209677409,38.87851785714332,35.48740624999987,43.01684935897482,34.329904375000204,0.0,36.842113115384535,35.39639021739084,35.23952857142895,34.94744330434764,34.22286415384643,34.17134658064504,35.83719530303066,35.21889999999959,35.963703703703715,33.69754672727233,34.22514709090921,37.76847023809519,37.944356818181454,41.66736858974398,36.64535000000014,34.05494801369898,35.06799166666675,34.19998942857181,35.52893149999981,34.21896909090914,40.021351351351605,40.35604591836749,37.33895295698896,36.51153611111113,58.721035714285485,34.25723189156627,34.21888535714229,34.17545894736847,33.924545260869266,63.57842763157872,37.04468289473682,35.114819705881594,36.42976666666665,34.7783324999997,38.99294594594619,37.31528703703699,35.564098630137025,35.04404977727266,34.51779559999989,36.121942460317456,34.7946659230772,38.73125000000009,41.98931034482738
BR,19.63914043598008,29.847145488811165,10.33400075607936,25.715202084615303,14.70204464230766,29.82426343333322,10.55460756057689,36.842113115384535,0.0,14.169491356187194,14.700998497802116,11.778338178929708,10.64784969999996,10.337902287593026,14.863852132633957,18.589434243589704,20.68819511823356,10.81386797692304,10.746576581118852,19.34808377179484,14.859128393706188,27.83158503846145,14.60219640769226,11.057854767650086,13.496291335897372,11.534807093406522,11.80792923076915,12.509652498601334,28.330265922868936,25.374937502511703,17.59201525351525,14.6555967991452,39.6133102692306,10.866653048656117,11.048087562637336,10.636457203643698,10.250977789632064,44.07324323846142,19.255736295951344,11.52770236877824,15.931934692540734,11.669758225640985,26.197241304157966,25.84697849943016,16.964778719178064,13.33480198076917,10.837393746153827,16.942053645787468,11.451693946153783,36.1544742076922,32.830825670822186
BS,15.076348246844333,28.2456015810274,13.052052230014,22.27131397515523,9.600417119565254,25.965212263098955,12.626316535325984,35.39639021739084,14.169491356187194,0.0,10.393290269151034,9.92193213043473,12.244320471571775,11.826401647966271,16.88058030303014,14.052526086956606,17.807141384863133,11.05532835573116,12.653512094861531,15.558582746721957,14.456529249011952,25.56658996655497,12.298047826086949,12.33911067897559,9.792339018952086,12.248852074534094,11.42459141304349,9.084163162055242,25.00306392479409,21.432749955634417,13.212933239831772,12.437097342995196,38.94933788819829,12.74712869879517,12.057604332298151,11.114515881006806,11.91838595652173,44.813670022882725,18.147247848970416,14.381626061380953,13.560314492753518,12.937192765700392,22.62535558166841,22.60227568437979,13.051831328171524,10.633393282015724,13.325695599999875,13.407526017943423,11.867692030100226,33.231011956521336,29.24945907046434
BZ,15.60546989247296,28.851543722943926,12.835270463901637,22.306492857142988,11.129548511904655,27.06930109890139,11.9367755654761,35.23952857142895,14.700998497802116,10.393290269151034,0.0,11.210050238095178,12.218215021977883,11.830679817204205,16.228345844155626,14.373249999999835,18.589772486772414,11.191340268398244,12.196750675324544,15.883879365079231,14.92229393939387,25.50790769230786,13.303440952380756,11.737950560991488,9.468994505494464,11.746902285714148,11.984070595238013,10.55826147186138,25.108435006435087,21.756078911564742,13.67225529953901,13.280983333333216,39.86397142857181,12.195682595524904,11.151541547619006,11.2529568421052,11.603720544513411,45.36103458646664,17.98008759398513,13.743346274509658,13.081496536796411,12.331983293650724,23.27620051480057,23.765630687830864,13.931447749510667,11.668887014502085,13.15269518095222,14.070301587301415,11.72623392307679,34.7181690476194,30.04767586206916
CA,15.699467137447355,27.21937869960465,10.390890859747516,22.170504726708035,10.271150402173896,24.56004867001102,10.388666464673864,34.94744330434764,11.778338178929708,9.92193213043473,11.210050238095178,0.0,9.723793304347758,9.275254274894776,14.74506107114623,14.961926739130403,17.219247743961265,9.44786380632407,10.589586090909073,15.05286049206345,13.47212428853747,23.732662357859457,11.633994391304318,10.574186081596148,9.770096386844966,10.691586913043436,9.40532123913034,9.046815110671869,24.693165502937635,20.24880085803012,13.222360309957844,11.529235154589289,38.20796201863329,10.36326267522259,10.245471301242189,8.631480876430155,9.76224930434778,42.54253351716216,16.79716616704802,12.501758232736538,13.723033129117283,11.303079248792264,22.64805873207986,22.936548639291388,12.826412192376395,5.9404389515810125,10.510967504347828,13.022699532781171,9.593241451504973,33.73964426086943,28.865754778110805
CL,17.068129550868363,27.77966456643372,6.623485774193497,22.28633930769244,12.512297788461456,27.306006333333475,7.137131860576923,34.22286415384643,10.64784969999996,12.244320471571775,12.218215021977883,9.723793304347758,0.0,6.953450928039644,11.19742605827494,15.727457717948596,19.01804456695148,7.950752692307619,7.180278650349601,17.52583193528688,14.386267167832012,25.4187722820514,12.697326846153764,7.649514036880875,11.484487102564024,8.382498824175759,10.53000796153836,10.46630790909079,25.683374160083236,22.47464857299851,15.6885474780809,12.604943854700696,38.47312106593424,6.914715620945278,8.058564159340623,7.423463510121401,6.308222347826043,43.098388093117634,16.04035036032382,9.10808815837098,14.35205469230756,8.438854499999923,23.770560762993863,23.97711007122514,14.87976250474177,11.2472057877622,7.013058353846162,14.821061288156145,8.562354615384537,33.97130076923103,30.532018448276077
CO,16.403281838709624,27.84463214956013,7.178533258064478,23.31011807834097,11.614556927419322,27.96155000909839,6.140182372983893,34.17134658064504,10.337902287593026,11.826401647966271,11.830679817204205,9.275254274894776,6.953450928039644,0.0,13.227068998044892,16.041894397849475,17.13263298327361,5.7472216217008345,5.975074131964789,16.241441398361474,12.83632429618764,25.606589229942056,12.046802419354826,6.139325792752924,10.381945527708774,5.973888391705016,7.176691274193498,8.61456968621693,25.644867693984292,22.72565068005268,14.673102999999925,11.88867707168449,36.1393651290321,7.317587233968071,6.425007785714266,4.959876086587374,4.746329077138803,41.2465793191848,18.143751828523037,9.471975444022693,14.996357156402716,7.358392080645092,23.6440070871839,22.69595453166068,15.792397684931444,11.323058270821043,8.323601838709699,13.64847544854064,4.7999463325061456,34.36880693548377,30.965495618464864
CR,21.158347497556267,31.761416666667078,11.871773702834735,24.02766419913437,17.205641780302898,30.25199074592109,11.4844876704544,35.83719530303066,14.863852132633957,16.88058030303014,16.228345844155626,14.74506107114623,11.19742605827494,13.227068998044892,0.0,18.65248030303027,23.95046441077454,12.693160121211983,11.231783030302964,22.15112440115449,19.38407,28.760153729604006,17.5124463636362,11.698167812370237,16.60465116550102,12.464330658008484,16.75152337878771,15.804760303030092,27.676495225225423,25.767507167594577,19.955290175953078,17.50845616161603,42.73587926406959,10.97018238481197,11.675015508657903,13.357814114832316,12.522976075098804,46.1732616427436,13.451412918660196,11.105302495543526,17.130451818181662,11.45947340909082,26.691508083538316,28.09790959595989,16.712179406392625,15.48381887727272,10.936612581818014,20.001567489177475,14.506151121211952,37.15609212121255,33.05091438871512
CW,17.76180752688165,30.61957878787849,16.641021483870954,19.30204047619044,13.947968750000054,27.262689743589444,15.972935416666518,35.21889999999959,18.589434243589704,14.052526086956606,14.373249999999835,14.961926739130403,15.727457717948596,16.041894397849475,18.65248030303027,0.0,22.512483333333087,15.747570545454566,16.181650484848273,18.205699999999823,16.842074242424204,27.092639743589448,16.380893333333177,16.20882018264845,15.112105128205233,16.400982761904782,16.95887750000009,15.154481515151485,26.70345135135109,22.63242857142855,15.345851612903248,16.192394444444503,43.93242619047572,16.010385742971962,15.826487261904855,15.367741929824644,15.665350739130492,49.66236929824512,19.824039824561595,17.42730647058802,16.406390909090774,16.47119249999984,23.552523423423203,26.38264074074033,16.644882191780795,15.127807586363534,16.56349613333314,16.6711357142856,16.439513153846132,36.42628333333296,30.894244827585847
DM,18.166496415770684,26.881774410774355,19.51590791158891,26.77366534391551,17.19239930555565,28.35541025641052,18.267159351851777,35.963703703703715,20.68819511823356,17.807141384863133,18.589772486772414,17.219247743961265,19.01804456695148,17.13263298327361,23.95046441077454,22.512483333333087,0.0,17.150272868686756,18.65157990572373,18.466095238095225,19.687611111111057,27.06609116809137,18.95552259259252,18.16957557077631,16.44318888888892,18.027793777777728,15.301031611111304,14.782303703703628,24.7536706706707,25.44268102796689,18.42396654719238,18.91628703703709,41.49106349206344,19.143342980812136,17.63562281746031,16.424670136452292,17.902678198067598,47.65841910331396,26.40919900584808,20.878347821350346,21.187870370370344,19.12229620370347,23.72685585585584,21.00162962962957,20.259808625063304,18.190416830807912,20.09523186666649,16.431079365079427,16.37787077207966,31.64508796296296,28.22166922094509
DO,16.065929225806414,27.16152999999957,8.020196005865031,22.9490434545452,11.589220113636364,27.7801140372956,6.752099437500041,33.69754672727233,10.81386797692304,11.05532835573116,11.191340268398244,9.44786380632407,7.950752692307619,5.7472216217008345,12.693160121211983,15.747570545454566,17.150272868686756,0.0,6.616668545454513,16.18473072150067,13.265852181818124,25.802999724941348,12.18881381818181,6.36891366376079,9.910317319347229,5.567625584415559,7.886938681818108,8.235249272727184,25.022532859950527,22.261332181818,14.84334641446723,12.327720929292868,36.76745981818152,7.751602343921068,6.11466875974021,5.891955301435342,6.384193964426804,42.07336747368406,16.362559674641197,9.37287232085557,14.218073878787935,7.106770722222196,23.27552193120361,22.011922929292595,14.882999534246546,11.169926722727192,8.766218618181789,13.583207569985502,6.322402706293643,33.526904545454165,29.873590150469735
EC,17.287785384164064,28.338540727272733,7.540878011730195,23.021883246753184,12.652654159090806,28.08352420046622,5.71120482386361,34.22514709090921,10.746576581118852,12.653512094861531,12.196750675324544,10.589586090909073,7.180278650349601,5.975074131964789,11.231783030302964,16.181650484848273,18.65157990572373,6.616668545454513,0.0,17.23794247907632,14.136544181817971,26.12948688578084,13.047732545454425,6.3587732254046845,11.397946536130446,6.684781662337664,9.925646227272637,9.999408363636311,25.987120196560124,23.148268092764283,15.695262303030043,13.128070101009929,38.17609054545453,6.594683921139054,6.591845889610381,6.909018612440159,5.935545300395232,42.915613272727285,15.96265542583719,7.985617721925096,14.54688939393924,6.919448601010097,24.06129064373458,23.48113356902344,15.036059763387165,12.160963277272655,8.145321418181839,14.907262753246552,7.26734930769228,34.54492263636372,31.04164287774297
GD,14.32141909882231,29.503176046175863,18.210316149513503,21.697571428571376,14.222710218254075,24.95589621489616,17.395299513888787,37.76847023809519,19.34808377179484,15.558582746721957,15.883879365079231,15.05286049206345,17.52583193528688,16.241441398361474,22.15112440115449,18.205699999999823,18.466095238095225,16.18473072150067,17.23794247907632,0.0,16.863411111111144,25.492461538461452,17.12717587301578,17.305541328549726,14.90460231990236,17.214606857142783,15.357448388889065,13.939548369408346,25.014716859716717,20.33446485260772,13.740964669738922,17.04670555555562,42.69261904761897,17.69010292522476,16.694469246031804,15.590234068504673,16.77911019944793,48.99053550543039,23.56830874686729,19.51864112044785,19.583345021644963,18.07913249999981,22.337206778206674,23.938507936507733,18.11891071972156,15.653710856637684,18.34586666031728,12.79593650793656,16.0119106019535,35.24157738095221,29.297962233168917
GF,17.60904692082115,28.73117272727255,14.866391929618752,24.40464610389612,13.874202840909208,28.87613356643349,13.78789144886345,37.944356818181454,14.859128393706188,14.456529249011952,14.92229393939387,13.47212428853747,14.386267167832012,12.83632429618764,19.38407,16.842074242424204,19.687611111111057,13.265852181818124,14.136544181817971,16.863411111111144,0.0,26.769504195804103,11.705510909090892,14.164279389788312,13.939013986014077,13.920035064934993,12.684176227272848,13.037952727272687,28.340026781326625,23.78916307977725,14.77009745845568,11.57838333333344,41.39009480519447,14.662999314348344,14.005711331168898,12.26267846889952,13.322103996047447,45.81366172248764,22.482584928229755,16.188022085561336,17.048757575757552,15.011031085858429,24.946702948402784,24.98569999999975,18.761904234121943,15.219404813636208,15.142607963636149,15.462541558441648,12.691169951048831,36.74687954545419,32.32040031347931
GL,26.20758188585636,35.10392074592097,26.12078973862683,28.388412087912364,25.412934775641,28.766384615384933,26.065989663461583,41.66736858974398,27.83158503846145,25.56658996655497,25.50790769230786,23.732662357859457,25.4187722820514,25.606589229942056,28.760153729604006,27.092639743589448,27.06609116809137,25.802999724941348,26.12948688578084,25.492461538461452,26.769504195804103,0.0,26.74867461538482,25.874676919564656,25.22751538461552,26.390089391941554,25.52741726923082,24.905261678321743,29.55045391545409,28.23995866038755,25.465186104218382,26.623671367521528,50.83252747252792,25.75514731912263,25.59774636446864,25.14651438596508,25.671041312151456,55.3888623481787,29.526059878542664,27.19305819004463,26.650239860139823,26.63583912393131,27.51011157311171,29.8265811965814,26.51136810677909,24.4925386677155,26.103199353846,24.25167765567761,26.00302987179503,40.46088141025681,34.22331476569427
GP,17.347515483870954,27.24240454545467,13.109654580645168,24.56100142857154,12.238991249999964,28.30193564102591,12.731670624999923,36.64535000000014,14.60219640769226,12.298047826086949,13.303440952380756,11.633994391304318,12.697326846153764,12.046802419354826,17.5124463636362,16.380893333333177,18.95552259259252,12.18881381818181,13.047732545454425,17.12717587301578,11.705510909090892,26.74867461538482,0.0,13.211766164383594,12.650156666666646,13.253711142857002,11.515226500000054,11.815985454545398,27.315116486486588,23.16186020408177,14.80278903225798,6.961176666666612,39.5946757142858,13.154060289156655,12.813604642857213,11.49845315789476,12.328332304347866,43.44806947368436,20.53972684210543,15.123883529411644,15.834025151514972,14.01396583333324,24.551662432432483,24.4694270370371,16.333850273972516,13.398463540909011,13.167551199999878,15.291233174603043,12.02412069230765,35.90650500000016,31.027269310344984
GT,16.696027339814464,28.176519090909338,8.049228478126318,23.035103796477756,12.610073544520622,28.167453041798613,6.125196511130156,34.05494801369898,11.057854767650086,12.33911067897559,11.737950560991488,10.574186081596148,7.649514036880875,6.139325792752924,11.698167812370237,16.20882018264845,18.16957557077631,6.36891366376079,6.3587732254046845,17.305541328549726,14.164279389788312,25.874676919564656,13.211766164383594,0.0,10.985683782929351,5.110971761252401,8.986981568493091,9.576739464508028,25.580319292854703,22.824968210791383,15.789356475180492,13.24237336377473,37.36385974559715,7.116760003300812,5.446208067514649,6.592191398702118,6.034307304943363,42.3192894664748,16.76799245854367,8.51083577759866,14.241065848900034,5.801802469558564,24.03529873750484,23.115442146118884,14.891801232876723,12.093846442278924,8.823518191780884,14.587773352902811,6.870141438356085,34.14510205479485,31.23486588096384
GY,14.551611414392072,27.83198018648023,12.349238208436685,23.143229120879194,9.779003365384693,26.672853846153984,11.202112796474289,35.06799166666675,13.496291335897372,9.792339018952086,9.468994505494464,9.770096386844966,11.484487102564024,10.381945527708774,16.60465116550102,15.112105128205233,16.44318888888892,9.910317319347229,11.397946536130446,14.90460231990236,13.939013986014077,25.22751538461552,12.650156666666646,10.985683782929351,0.0,10.76288656410253,9.44538919230771,7.769984242424216,24.65715280665286,21.58238372579812,12.929295037220893,12.826151709401753,37.6605857142857,11.675921406858173,10.533263434065969,9.73455954116058,10.48067705797098,43.93188083670712,18.85035245614048,13.271638657616837,11.0520941724942,11.6739440384615,22.652096396396445,22.72826011396014,11.766785914998255,10.857829583799482,12.72236973333318,12.301373504273542,10.276290487179422,32.7745000000001,29.393057206012465
HN,16.561578396313255,28.01534680519501,8.745703603686605,23.48462514285724,12.531866535714256,28.48756219780244,6.673316794642866,34.19998942857181,11.534807093406522,12.248852074534094,11.746902285714148,10.691586913043436,8.382498824175759,5.973888391705016,12.464330658008484,16.400982761904782,18.027793777777728,5.567625584415559,6.684781662337664,17.214606857142783,13.920035064934993,26.390089391941554,13.253711142857002,5.110971761252401,10.76288656410253,0.0,8.417475214285664,9.001441350649277,25.96942145173756,22.99343004081648,15.687527029185778,13.238869555555432,37.03893600000036,7.916081018932785,5.34843150000002,6.074829503759356,6.280235931676944,42.209477172932814,17.31291839097749,9.130322621848698,14.545018857142749,6.066378912698396,24.027613359073456,22.96226556613769,14.953154340508792,12.36098562662331,9.329194228571474,14.429364825396709,6.396152538461486,34.52882242857175,31.23846634482782
HT,15.892789403225944,27.598464499999952,10.618516435483825,25.334040357142868,11.214732250000122,28.31191878205131,9.184458937500017,35.52893149999981,11.80792923076915,11.42459141304349,11.984070595238013,9.40532123913034,10.53000796153836,7.176691274193498,16.75152337878771,16.95887750000009,15.301031611111304,7.886938681818108,9.925646227272637,15.357448388889065,12.684176227272848,25.52741726923082,11.515226500000054,8.986981568493091,9.44538919230771,8.417475214285664,0.0,7.4041494090908575,25.86460785135138,22.934113561224624,13.939990897849574,11.45478427777785,33.44529449999992,10.875368512048162,8.415470999999977,6.548134815789365,8.191002717391255,39.61015828947342,20.538115763157997,12.462085970588198,14.690448833333342,9.97709177777777,23.90896960810809,21.827382611111133,15.655067116438325,11.68013075909081,11.365722499999965,12.532321547619176,5.867179653846115,34.08229949999991,30.84006067241364
JM,13.487973137829853,26.800667272727303,11.08666520821111,23.175667922078045,9.20580806818181,26.09913482517495,9.89526167613632,34.21896909090914,12.509652498601334,9.084163162055242,10.55826147186138,9.046815110671869,10.46630790909079,8.61456968621693,15.804760303030092,15.154481515151485,14.782303703703628,8.235249272727184,9.999408363636311,13.939548369408346,13.037952727272687,24.905261678321743,11.815985454545398,9.576739464508028,7.769984242424216,9.001441350649277,7.4041494090908575,0.0,23.875910859950885,20.96080564007425,12.07055135874871,11.73635949494944,35.49791298701295,10.735627960569536,9.358130616883107,7.632617799042964,9.27168774308297,41.87982459330132,18.611242248803983,12.58515176470579,13.263693333333345,10.415789267676724,22.35553056511061,20.89040336700336,12.222042565379816,10.663341649999987,11.6172307999999,11.324576911976862,8.2563263846153,32.162249545454614,28.98402714733549
KN,23.2995488230166,32.771943488943535,26.299104446381712,28.4812934362936,24.802126182432392,29.38131531531551,25.88110748310811,40.021351351351605,28.330265922868936,25.00306392479409,25.108435006435087,24.693165502937635,25.683374160083236,25.644867693984292,27.676495225225423,26.70345135135109,24.7536706706707,25.022532859950527,25.987120196560124,25.014716859716717,28.340026781326625,29.55045391545409,27.315116486486588,25.580319292854703,24.65715280665286,25.96942145173756,25.86460785135138,23.875910859950885,0.0,27.278969663541293,25.40043214181917,27.233692642642776,49.50293822393846,25.98632381634645,25.230177442084692,25.400811038407,25.87628953819019,56.35209388335742,27.85906596017094,26.986729316374632,26.847697542997548,25.996236073573375,25.253135135135164,28.256369369369377,24.84238437615693,24.3936735087222,25.989024897297195,24.00904032604026,26.09570876299388,36.5686351351353,31.68932712022371
KY,21.03186076366044,32.9852003710576,23.453747602369894,23.476704081632764,20.602887627551137,24.480258503401647,23.21737921556124,40.35604591836749,25.374937502511703,21.432749955634417,21.756078911564742,20.24880085803012,22.47464857299851,22.72565068005268,25.767507167594577,22.63242857142855,25.44268102796689,22.261332181818,23.148268092764283,20.33446485260772,23.78916307977725,28.23995866038755,23.16186020408177,22.824968210791383,21.58238372579812,22.99343004081648,22.934113561224624,20.96080564007425,27.278969663541293,0.0,21.39005946894901,23.120647959183817,49.90471428571457,22.84958649372998,22.602464030612108,22.001677099892767,22.546456543921813,55.42974650913036,26.267246928034574,24.401418619447288,24.1365624613482,23.519080153061008,25.64188196359645,27.19374829931988,22.32808331003637,20.50733563348785,23.285412497959044,19.95033333333336,22.986877916797575,38.34751785714303,30.755446868402665
LC,14.281930107526884,28.966230694037,16.271891161290277,22.121604454685123,11.551160282258085,26.17875351530196,15.586085050403064,37.33895295698896,17.59201525351525,13.212933239831772,13.67225529953901,13.222360309957844,15.6885474780809,14.673102999999925,19.955290175953078,15.345851612903248,18.42396654719238,14.84334641446723,15.695262303030043,13.740964669738922,14.77009745845568,25.465186104218382,14.80278903225798,15.789356475180492,12.929295037220893,15.687527029185778,13.939990897849574,12.07055135874871,25.40043214181917,21.39005946894901,0.0,14.519972939068206,41.204726574500526,15.992414230599843,15.214517423195144,14.100439615166966,15.120126467040697,47.09676796830761,21.80235196943987,17.636565249841638,16.85614907135862,16.451936962365412,22.6510459168845,23.832671445639026,16.08846510531735,14.11999759252182,16.365587445161044,13.08273527905793,14.321924381306742,34.71672849462345,29.56225250278065
MQ,17.108846774193605,27.135811616161654,13.13688695340499,24.17032063492073,12.252890972222344,27.98722435897455,12.95729288194432,36.51153611111113,14.6555967991452,12.437097342995196,13.280983333333216,11.529235154589289,12.604943854700696,11.88867707168449,17.50845616161603,16.192394444444503,18.91628703703709,12.327720929292868,13.128070101009929,17.04670555555562,11.57838333333344,26.623671367521528,6.961176666666612,13.24237336377473,12.826151709401753,13.238869555555432,11.45478427777785,11.73635949494944,27.233692642642776,23.120647959183817,14.519972939068206,0.0,39.06751349206327,13.239350096385568,13.044236071428594,11.465463450292363,12.367051463768082,43.07460614035059,20.57988736842121,15.23705555555537,15.822539898989865,13.92662694444436,24.386231381381524,24.4310055555556,16.5009880517503,13.417099481312968,13.328919111110917,15.011819841269933,11.728613803418703,35.742611111111096,31.09530402298868
MS,41.14454608294947,52.74064935064929,38.90447522580628,51.49214285714346,39.00014196428555,53.99178388278443,37.50846352678587,58.721035714285485,39.6133102692306,38.94933788819829,39.86397142857181,38.20796201863329,38.47312106593424,36.1393651290321,42.73587926406959,43.93242619047572,41.49106349206344,36.76745981818152,38.17609054545453,42.69261904761897,41.39009480519447,50.83252747252792,39.5946757142858,37.36385974559715,37.6605857142857,37.03893600000036,33.44529449999992,35.49791298701295,49.50293822393846,49.90471428571457,41.204726574500526,39.06751349206327,0.0,39.03548544922549,36.8824710714281,35.995793082706754,36.9804284782605,58.42469924812036,45.47157240601478,39.63674941176384,41.55374588744571,38.16091035714256,49.68017760617788,47.92180423280436,41.21460782778863,39.66365005909073,39.27403959999981,39.81550793650786,35.053996560439735,55.97614285714263,55.60200985221617
MX,17.24637865759815,28.410396024096304,7.498934022541739,22.46330120137697,13.085632894578357,28.01792469385225,6.633349958584279,34.25723189156627,10.866653048656117,12.74712869879517,12.195682595524904,10.36326267522259,6.914715620945278,7.317587233968071,10.97018238481197,16.010385742971962,19.143342980812136,7.751602343921068,6.594683921139054,17.69010292522476,14.662999314348344,25.75514731912263,13.154060289156655,7.116760003300812,11.675921406858173,7.916081018932785,10.875368512048162,10.735627960569536,25.98632381634645,22.84958649372998,15.992414230599843,13.239350096385568,39.03548544922549,0.0,7.3414214018932284,8.040706797717126,6.686156949711834,43.88378034242246,15.528103440710264,8.650306847625751,14.882590009492572,7.457111253681324,23.708871240638214,23.7598810691656,15.34978103185344,11.53596085624309,8.234688057831304,15.110961348250177,8.412857133456843,34.37460833734939,30.709929564603144
NI,16.444049596774224,27.522461655843824,8.232534112903192,22.654402499999826,12.408442678571548,27.865895595237745,6.213381651785716,34.21888535714229,11.048087562637336,12.057604332298151,11.151541547619006,10.245471301242189,8.058564159340623,6.425007785714266,11.675015508657903,15.826487261904855,17.63562281746031,6.11466875974021,6.591845889610381,16.694469246031804,14.005711331168898,25.59774636446864,12.813604642857213,5.446208067514649,10.533263434065969,5.34843150000002,8.415470999999977,9.358130616883107,25.230177442084692,22.602464030612108,15.214517423195144,13.044236071428594,36.8824710714281,7.3414214018932284,0.0,6.602702011278135,6.3733806925465295,41.83916084586412,16.296753515037782,8.155580315126048,14.213640010822482,5.529422142857146,23.18935701737428,22.480724246031524,15.042686218199629,11.535713559090834,8.746718414285711,14.19843948412704,6.693111060439541,33.881801785713755,30.39685860837381
PA,15.648811443123964,27.10295770334942,8.066591765704532,23.21814000000021,10.889307565789496,27.20579390013515,6.827889539473668,34.17545894736847,10.636457203643698,11.114515881006806,11.2529568421052,8.631480876430155,7.423463510121401,4.959876086587374,13.357814114832316,15.367741929824644,16.424670136452292,5.891955301435342,6.909018612440159,15.590234068504673,12.26267846889952,25.14651438596508,11.49845315789476,6.592191398702118,9.73455954116058,6.074829503759356,6.548134815789365,7.632617799042964,25.400811038407,22.001677099892767,14.100439615166966,11.465463450292363,35.995793082706754,8.040706797717126,6.602702011278135,0.0,5.647542061784831,41.27749368421045,17.831483684210678,9.872124303405538,14.394328261563038,7.763334254385986,23.24725519203429,21.85393387914239,14.92516940158618,10.660171886842091,8.541893915789473,13.042186165413549,5.374834554655815,33.629516052631715,30.253594373865887
PE,16.472888548387136,28.145338818181614,7.133197028050457,22.9118615590061,11.898581750000092,27.906904248606235,5.542378002717394,33.924545260869266,10.250977789632064,11.91838595652173,11.603720544513411,9.76224930434778,6.308222347826043,4.746329077138803,12.522976075098804,15.665350739130492,17.902678198067598,6.384193964426804,5.935545300395232,16.77911019944793,13.322103996047447,25.671041312151456,12.328332304347866,6.034307304943363,10.48067705797098,6.280235931676944,8.191002717391255,9.27168774308297,25.87628953819019,22.546456543921813,15.120126467040697,12.367051463768082,36.9804284782605,6.686156949711834,6.3733806925465295,5.647542061784831,0.0,42.24250756292864,17.4267919061785,8.751131526854179,14.44918649934129,6.999231640096571,23.62484880258501,22.96845695491132,15.395106866587229,11.612663214031585,8.113782043478267,13.89379964182198,6.113273618729047,34.00800695652142,30.94876469115408
PM,48.97369185059427,55.85115311004791,43.17186658064495,55.61073120300827,44.61595888157884,59.038488529015495,42.61073750000028,63.57842763157872,44.07324323846142,44.813670022882725,45.36103458646664,42.54253351716216,43.098388093117634,41.2465793191848,46.1732616427436,49.66236929824512,47.65841910331396,42.07336747368406,42.915613272727285,48.99053550543039,45.81366172248764,55.3888623481787,43.44806947368436,42.3192894664748,43.93188083670712,42.209477172932814,39.61015828947342,41.87982459330132,56.35209388335742,55.42974650913036,47.09676796830761,43.07460614035059,58.42469924812036,43.88378034242246,41.83916084586412,41.27749368421045,42.24250756292864,0.0,49.52267421052594,44.3322795356027,46.48833540669826,42.99972416666636,54.9765718349933,54.242520467836485,46.75351780821912,44.36978459641133,43.31857067368404,46.04163993316636,40.63990624696388,63.70780263157875,61.58620326678696
PR,22.816637368421265,32.70899114832551,16.71453913073009,24.55477360902274,19.27512348684229,30.33822360323909,16.70356773026306,37.04468289473682,19.255736295951344,18.147247848970416,17.98008759398513,16.79716616704802,16.04035036032382,18.143751828523037,13.451412918660196,19.824039824561595,26.40919900584808,16.362559674641197,15.96265542583719,23.56830874686729,22.482584928229755,29.526059878542664,20.53972684210543,16.76799245854367,18.85035245614048,17.31291839097749,20.538115763157997,18.611242248803983,27.85906596017094,26.267246928034574,21.80235196943987,20.57988736842121,45.47157240601478,15.528103440710264,16.296753515037782,17.831483684210678,17.4267919061785,49.52267421052594,0.0,15.973829721362376,18.684692679425968,16.53267478070178,27.497846785206477,29.39592274853814,16.535362083633775,16.109672372966426,15.615044926315754,22.006272238930837,19.04538491093118,37.80193789473685,32.71789174228692
PY,18.89229734345321,29.606561016042143,8.801500136622314,23.237783445377698,14.6889097794117,29.174085158370406,7.637264264705863,35.114819705881594,11.52770236877824,14.381626061380953,13.743346274509658,12.501758232736538,9.10808815837098,9.471975444022693,11.105302495543526,17.42730647058802,20.878347821350346,9.37287232085557,7.985617721925096,19.51864112044785,16.188022085561336,27.19305819004463,15.123883529411644,8.51083577759866,13.271638657616837,9.130322621848698,12.462085970588198,12.58515176470579,26.986729316374632,24.401418619447288,17.636565249841638,15.23705555555537,39.63674941176384,8.650306847625751,8.155580315126048,9.872124303405538,8.751131526854179,44.3322795356027,15.973829721362376,0.0,15.553640303030194,8.658836356209111,25.2524361208262,25.248756557733564,15.948856510878237,13.726483518449111,8.306488094117663,17.117213753501176,10.13641821266963,35.66276764705804,31.98103265720004
SR,18.76962658846529,30.777899999999978,14.9363022658846,24.00584761904771,13.977466098484816,28.765315384615334,14.60185466856048,36.42976666666665,15.931934692540734,13.560314492753518,13.081496536796411,13.723033129117283,14.35205469230756,14.996357156402716,17.130451818181662,16.406390909090774,21.187870370370344,14.218073878787935,14.54688939393924,19.583345021644963,17.048757575757552,26.650239860139823,15.834025151514972,14.241065848900034,11.0520941724942,14.545018857142749,14.690448833333342,13.263693333333345,26.847697542997548,24.1365624613482,16.85614907135862,15.822539898989865,41.55374588744571,14.882590009492572,14.213640010822482,14.394328261563038,14.44918649934129,46.48833540669826,18.684692679425968,15.553640303030194,0.0,14.964607601010067,25.45629328419325,26.02286969696965,13.22822544624325,14.337395843939284,15.133564448484709,17.125685858585786,15.244590034964943,35.76053409090903,32.02594367816097
SV,17.469278987455013,28.718734570706744,8.688024442652273,23.466002738095096,13.48375624999996,28.80740497863215,6.643980520833361,34.7783324999997,11.669758225640985,12.937192765700392,12.331983293650724,11.303079248792264,8.438854499999923,7.358392080645092,11.45947340909082,16.47119249999984,19.12229620370347,7.106770722222196,6.919448601010097,18.07913249999981,15.011031085858429,26.63583912393131,14.01396583333324,5.801802469558564,11.6739440384615,6.066378912698396,9.97709177777777,10.415789267676724,25.996236073573375,23.519080153061008,16.451936962365412,13.92662694444436,38.16091035714256,7.457111253681324,5.529422142857146,7.763334254385986,6.999231640096571,42.99972416666636,16.53267478070178,8.658836356209111,14.964607601010067,0.0,24.12288698948927,24.026961203703408,15.735314364535746,12.506930728787816,9.116648011111112,15.400339484126864,7.865869645299095,35.03335583333307,31.346039185823443
SX,21.807976024411516,29.950855036855064,24.56295926591092,24.952249034749126,22.656498141891834,26.53093277893291,23.828884172297297,38.99294594594619,26.197241304157966,22.62535558166841,23.27620051480057,22.64805873207986,23.770560762993863,23.6440070871839,26.691508083538316,23.552523423423203,23.72685585585584,23.27552193120361,24.06129064373458,22.337206778206674,24.946702948402784,27.51011157311171,24.551662432432483,24.03529873750484,22.652096396396445,24.027613359073456,23.90896960810809,22.35553056511061,25.253135135135164,25.64188196359645,22.6510459168845,24.386231381381524,49.68017760617788,23.708871240638214,23.18935701737428,23.24725519203429,23.62484880258501,54.9765718349933,27.497846785206477,25.2524361208262,25.45629328419325,24.12288698948927,0.0,25.95300200200201,24.139994298407977,22.79769924557727,24.47062612972966,21.89591977691967,23.894349694386797,36.67635472972992,29.407578751165
