ISO_CODE,AG,AI,AR,AW,BB,BM,BO,BQ,BR,BS,BZ,CA,CL,CO,CR,CW,DM,DO,EC,GD,GF,GL,GP,GT,GY,HN,HT,JM,KN,KY,LC,MQ,MS,MX,NI,PA,PE,PM,PR,PY,SR,SV,SX,TC,TT,US,UY,VC,VE,VG,VI
AG,0.0,37.42244428152505,25.06054387096773,31.21336405529977,20.072542137096814,34.83024896608806,22.820555100806484,55.44355846774168,23.56118357022324,20.598790883590404,22.06055391705085,21.890480762973272,25.05773512406952,20.856532096774217,33.233542649071616,25.93188252688152,24.990979689367027,20.72489872140747,22.768837434017595,19.625458269329204,23.24470674486801,36.20034243176217,23.81765612903241,23.397110061864865,19.539413316790775,22.345498755760484,22.969484870967804,18.963671231671608,42.38823539668727,27.70360105332473,19.63794623655917,24.913632258064705,69.79315207373263,22.498851129809594,22.11448079493076,20.99326404074704,21.33752585974745,82.13528013582379,40.672229558573854,28.958072609107763,28.15764193548389,23.412828037634213,28.6903068875329,28.999685782557005,30.080600220945616,22.133301835337186,27.421220709677364,17.880117767537133,22.105976193548383,44.14572177419343,35.26740823136825
AI,37.42244428152505,0.0,39.52299365982387,45.12555194805218,38.80061079545438,43.87163752913775,38.09375855113653,52.4064715909088,39.10501151328664,38.17139367588901,38.65064805194828,37.933181288537554,39.278412552447584,38.49928109384149,45.16137606060612,41.39830833333298,35.06498821548822,37.12736254545442,38.34251990909105,38.658925685425565,39.65409999999975,45.33287762237786,37.90178272727281,38.822395628891705,37.964102564102525,38.23392735064948,41.42103309090879,37.94608272727267,50.23350245700253,41.380206864564094,39.37613440860202,38.46108080808058,86.27807142857014,38.16883229682367,38.28795581168804,37.873331866028686,38.18335547035549,94.52019377990317,50.05265287081321,41.514989331550304,42.864709090908896,38.73999532828257,35.532785012285046,35.898153198653176,42.40272478206722,37.86879048636364,40.36983370909078,37.724892496392336,40.41072419580426,44.573818181818126,40.2070423197492
AR,25.06054387096773,39.52299365982387,0.0,33.12064259907828,21.63780397580642,37.68682726881713,12.459789411290302,53.0312869193546,13.488851189081858,21.351236967741865,21.3154873241167,17.19226501542775,12.672553253101706,14.4233397096774,21.122824340175864,25.077225924731163,28.21804726403813,15.565645624633364,12.707332231671526,25.705734479262624,20.9660364516128,35.81552490653425,20.13309329032254,14.7821343084401,18.64583199007437,15.71549266359446,22.19888432258051,19.796967249266824,44.64627487532677,32.45259881105982,23.871142451612855,20.19735681003585,68.54904340092126,11.767814897395992,15.64395361520734,16.572049938879427,13.127442221598848,77.1975683056019,33.60494679456717,15.53998880645156,24.17770690322576,14.796928069892449,32.70947692066244,32.165811206690414,26.464181090587672,18.360405521554224,11.440411883871008,24.29874183922164,18.36532505707196,45.54356322580641,38.13998082981082
AW,31.21336405529977,45.12555194805218,33.12064259907828,0.0,32.84410089285702,35.43904761904794,33.59542919642862,55.367223214286405,33.6341838197801,33.12707763975131,32.952885714285976,31.919804546583777,33.081999241758346,36.33092572811051,34.0780947186149,28.0211226190474,38.98436772486817,34.02584753246738,33.39988822077923,31.593702380952323,35.528603246753306,39.07785622710665,33.587437142857425,33.8274772407046,34.533889926740066,34.84417628571448,42.03064671428562,36.06702623376631,43.847698841699184,31.35048469387764,33.3831935483871,34.30955000000007,82.08225000000078,32.162335354561066,34.38683464285688,35.70751368421059,34.80623239751539,90.71452067669266,37.18707030075192,33.53296869747856,34.8305322510824,33.09355527777759,34.07937741312758,39.78881746031787,33.1743694716243,31.069104238311628,32.92028125714278,33.37425000000009,39.38909890109895,51.77101785714355,39.10175862068993
BB,20.072542137096814,38.80061079545438,21.63780397580642,32.84410089285702,0.0,34.826594070512826,19.39244343750005,53.98990624999955,20.834841842307608,15.94204320652192,18.52045505952385,17.686765010869493,21.794472134615503,18.114319379032263,29.83012829545472,21.82812708333312,26.06012986111095,17.69674897727272,19.49147034090909,20.13632926587292,20.05373011363624,36.720329326923,19.83419125000005,19.859489160958987,15.87903573717967,19.18183375000005,20.389212750000084,14.751964659090987,43.539514695945854,27.979606505102065,18.44892909946237,20.48995347222225,68.56420803571397,19.509697250000052,19.45750053571425,17.236744407894843,18.23172961956524,79.63676282894714,38.28719401315784,25.27752419117613,24.645696401515,20.43820791666657,30.40345388513493,29.526332638888665,25.186198030821902,18.37086617272721,23.70497694999989,19.787116170634885,19.52174278846159,44.68676874999967,36.96793211206859
BM,34.83024896608806,43.87163752913775,37.68682726881713,35.43904761904794,34.826594070512826,0.0,37.440364535256485,59.483559294872194,36.8042933589743,36.16018584169432,37.14705274725322,33.578328824971955,36.97833012820516,38.83430826219994,41.24891881118899,36.076366025640816,39.92305128205183,37.10453008857807,37.85717936829842,35.1964835164836,38.199252214452194,38.50315384615436,35.95716000000011,38.12554369160541,37.7925615384618,38.62551124542149,43.13318138461526,38.35423442890447,46.04605128205167,31.72902354788098,37.18059387923928,36.88892564102567,86.40412454212523,36.877828550200704,38.163732774725126,38.20218110661268,37.98809398439224,95.50158029689662,45.23727310391352,40.13022450226212,40.88280116550113,37.69533267093996,34.74158419958451,39.63005128205181,38.450343273621534,33.316981082633994,37.391733589743424,37.10137606837631,41.61593107692314,52.152070512821,36.82943324491618
BO,22.820555100806484,38.09375855113653,12.459789411290302,33.59542919642862,19.39244343750005,37.440364535256485,0.0,52.74462125000015,13.666436752884564,19.03701591032603,18.63097656249995,16.3270405788043,12.90152517788453,10.557116750000048,22.994261145833303,23.806641249999974,25.30252253472228,11.800096914772723,9.06942885795453,23.204501056547628,18.61639025568179,35.12272491987188,19.28947906250003,11.01583227739727,15.375728830128129,10.871590401785696,17.769681687499993,16.262403778409034,44.26012910472978,31.249111670918417,21.11645981518812,19.466562083333315,65.78324642857133,9.907819673945712,11.377248035714253,12.606587828947344,9.16745060054352,76.68243924342103,35.22060365131571,16.406582922794016,22.9568449999999,11.059891493055565,30.733905751689274,29.39003375000005,26.55155605736301,17.472596723863568,15.284714199999954,21.14319173611112,13.697068990384606,44.54115656250001,37.46707285560338
BQ,55.44355846774168,52.4064715909088,53.0312869193546,55.367223214286405,53.98990624999955,59.483559294872194,52.74462125000015,0.0,53.843526530769125,54.39415706521685,53.38987797619093,53.243100586956245,52.80164173076937,54.772806983870616,54.67096401515161,52.36068749999926,53.548844907407336,52.76045813636379,52.86792886363654,55.74604861111124,56.97204659090857,61.03911698717988,54.71039749999986,53.18364160958931,54.87196121794853,53.01435864285744,59.60829449999956,55.1252752272725,60.812721283784015,56.52120280612255,56.92812567204241,55.73569861111057,98.07465178571508,52.91942748795197,53.030840714285226,54.5643222368418,53.30378971739099,102.99266776315888,56.501015131578654,52.70852102941123,53.86329659090893,52.86632444444435,54.45312331081115,54.89935416666656,53.1232892123288,53.52537844090911,53.00386129999985,56.21051091269843,57.61456826923102,50.99531249999969,55.90423922413738
BR,23.56118357022324,39.10501151328664,13.488851189081858,33.6341838197801,20.834841842307608,36.8042933589743,13.666436752884564,53.843526530769125,0.0,20.622951263545097,20.851690813919312,16.698187540468155,15.4863965538461,14.45880202729528,24.20006156783218,24.61097041538454,27.16833971794864,15.426481513286706,14.244919942657354,25.143138418803375,20.32223505594397,36.07612913333328,19.593330492307626,16.285095329188593,17.29015667179483,16.382804892307725,20.32345229230759,17.7160975678321,44.81883849022869,31.18760121318673,22.11102720860204,19.53936143760676,66.91783666813171,13.42650357238181,15.534023060439525,16.42731746315786,14.114514548494949,77.04628641295537,35.42613129716601,17.880506651583648,23.746172733799494,15.884307298290553,31.728790358835703,31.207561715669467,26.54324535890408,17.334196722027926,16.264561584615354,22.724737871550595,17.18566510769226,44.93151463076918,37.136386344297016
BS,20.598790883590404,38.17139367588901,21.351236967741865,33.12707763975131,15.94204320652192,36.16018584169432,19.03701591032603,54.39415706521685,20.622951263545097,0.0,17.82929378881985,17.96959617391298,21.770133956521835,17.40427586956519,30.041263649539093,23.20913876811577,24.920122222221888,17.16332085375486,18.60866193280627,21.49758888888869,20.843715019762644,36.75453857302093,19.719052173913003,19.51944735556882,15.409518394648916,18.2018878385093,20.058832260869504,14.943827628458498,43.0502929494709,29.07126823425008,19.32616442262734,20.5305367149758,67.66656086956463,19.31678169565222,18.921775357142707,17.117729748283782,17.299672347826082,78.45842356979331,37.573763409611054,25.45774216112496,24.31441133069808,19.77636092995152,30.450373325499022,28.34459339774514,26.165155687909404,18.0044693760869,23.66012864347815,19.9827024844719,18.76770273578589,43.24680434782549,36.3121170914538
BZ,22.06055391705085,38.65064805194828,21.3154873241167,32.952885714285976,18.52045505952385,37.14705274725322,18.63097656249995,53.38987797619093,20.851690813919312,17.82929378881985,0.0,19.521524397515407,21.23341081684978,17.770937417818747,29.22324913419937,23.50756309523813,27.287883597883773,17.548471982683925,18.510921164502054,23.2963746031747,21.28901818181826,37.460824908425245,20.43315047619048,18.729312113503017,16.01012197802181,17.625324285714203,21.97484209523805,18.01135424242429,43.84384761904798,30.37582721088452,21.12272688172045,21.7984730158731,69.02019047619106,18.73841792025245,18.27980297619041,18.20339223057648,18.022767225672787,79.38532832080257,37.90087305764419,24.51151127450949,24.36379177489173,18.9435308333332,31.16142496782512,31.03929735449761,26.74423698630139,19.733047784199112,23.491742647618956,21.80755238095245,19.966310058608,43.93114523809572,37.63889720853877
CA,21.890480762973272,37.933181288537554,17.19226501542775,31.919804546583777,17.686765010869493,33.578328824971955,16.3270405788043,53.243100586956245,16.698187540468155,17.96959617391298,19.521524397515407,0.0,16.538980933110373,15.873659754558172,26.128375006587536,22.58468030434776,26.429595326892,16.5778211225296,16.22942273122528,22.73185536507929,19.549191375494004,33.72424394871778,18.07702634782604,17.79331717093506,16.59866646822739,17.376050136645926,20.321213913043326,16.817105185770668,43.01096613160964,27.83940467613132,20.49954994670396,18.74089839613515,68.08695042236016,14.748568348349904,17.32876427639747,15.665160961098412,15.733904434782586,77.3522997757434,34.187689963386674,22.2012431125319,24.40558607905137,18.23575161594197,29.63566080376016,29.4080642673106,25.13409482072656,8.542725756719351,18.930612034782563,21.471198549344315,18.29235217391298,44.32586586956504,34.94495587706129
CL,25.05773512406952,39.278412552447584,12.672553253101706,33.081999241758346,21.794472134615503,36.97833012820516,12.90152517788453,52.80164173076937,15.4863965538461,21.770133956521835,21.23341081684978,16.538980933110373,0.0,14.957880238213368,21.5221996247086,24.91597194871801,28.342463324786387,16.102978482517464,12.60392630769229,25.46850036752143,21.78825097202797,36.06947387179493,20.84301623076931,15.339446256058968,19.29325269230769,15.970449219780178,22.744675461538478,20.047570482517425,43.12189958627864,31.657672585557386,24.09841153598018,21.012345205128224,68.42095957142841,12.065736294717327,15.561031192307652,15.640692020242868,13.172720464882932,78.19401987449382,32.69463740485835,17.377702361990888,24.717024682983684,14.679758876068307,31.737942293139465,32.14268438461548,26.65082497892523,17.585587262587385,13.23964170769226,24.14672574236881,19.053947461538453,45.124941153846216,37.28870867108758
CO,20.856532096774217,38.49928109384149,14.4233397096774,36.33092572811051,18.114319379032263,38.83430826219994,10.557116750000048,54.772806983870616,14.45880202729528,17.40427586956519,17.770937417818747,15.873659754558172,14.957880238213368,0.0,27.827624454545436,25.19444600000002,22.84066513142172,10.006974976539569,10.006925771260946,21.64432081054784,16.205343422287317,35.69631689412731,18.03945532258069,12.003109847547446,13.08690036807275,9.876626511520708,11.423542419354783,12.253537205278583,46.54134370095864,31.67198287491772,18.58862510752682,18.57922902867381,62.33104672350176,11.760630370773391,11.126503182027644,8.986357363327638,7.485628147265015,74.32687929541525,40.37720698981323,20.744478519924076,24.52343274975563,12.307719410394268,30.8836754760244,27.38076206810036,29.31836704153782,17.7628980253665,18.509000987096822,18.3157200834613,7.427536310173661,45.16329629032236,39.29307446607322
CR,33.233542649071616,45.16137606060612,21.122824340175864,34.0780947186149,29.83012829545472,41.24891881118899,22.994261145833303,54.67096401515161,24.20006156783218,30.041263649539093,29.22324913419937,26.128375006587536,21.5221996247086,27.827624454545436,0.0,29.74739136363658,37.23704265993275,25.726022363636236,22.92792100000002,34.08123227994244,31.723524545454826,42.25101382284394,28.66584969696985,23.473829356579603,28.963918484848648,25.12686779220785,35.43587666666669,30.790227272727385,45.19102683865688,36.30378188620923,33.006096823069626,28.896094646464828,75.18187658008588,21.43862961555305,24.75620336580088,27.345047926634862,25.807200600790456,81.71736362041393,25.940274673046247,20.100763520499008,29.52324333333352,22.3814528030302,37.902361367731466,39.87008865319872,28.12740151515159,26.14791708030304,19.60324196363633,34.293008268398395,31.96683049417244,49.338697121212206,42.24166034482778
CW,25.93188252688152,41.39830833333298,25.077225924731163,28.0211226190474,21.82812708333312,36.076366025640816,23.806641249999974,52.36068749999926,24.61097041538454,23.20913876811577,23.50756309523813,22.58468030434776,24.91597194871801,25.19444600000002,29.74739136363658,0.0,32.345504629629055,23.73676118181801,23.74192521212121,26.009388492063064,24.353024999999697,38.10570961538448,22.85346499999995,25.683265639269493,23.887431410256266,25.301349000000183,30.02711566666634,24.88362045454556,43.20294887387361,29.827891326530548,23.920784677419096,24.249513888888675,74.03084166666589,23.3377174457832,24.987355357142704,24.68310587719302,23.958433144927497,82.94274342105184,35.711738333333415,28.057299019607413,26.77825378787856,24.60703805555531,31.95987364864825,35.08647870370319,27.40001609589028,22.961855531818163,26.11613953333324,26.815542460317065,27.732813666666797,47.20727499999943,38.185834770114376
DM,24.990979689367027,35.06498821548822,28.21804726403813,38.98436772486817,26.06012986111095,39.92305128205183,25.30252253472228,53.548844907407336,27.16833971794864,24.920122222221888,27.287883597883773,26.429595326892,28.342463324786387,22.84066513142172,37.23704265993275,32.345504629629055,0.0,24.140321333333063,25.56998398316502,25.839412698412552,27.367550168349883,38.516142450142965,28.09931185185204,26.63482197361754,22.85325270655273,25.40002060317469,23.729473592592527,21.63003545454549,44.561248248248525,33.44300453514754,24.74031899641555,28.739240740740733,71.05396296296321,26.40218243507361,25.791524060846324,23.673703274853825,23.79885997423498,83.07888109161824,44.82218508771916,31.875434999999467,31.567007070707007,26.937517870370105,31.74308608608623,26.90855555555533,34.04072323693552,26.52369020723895,30.404915185185093,22.98137566137554,23.15226343019944,42.69935185185185,35.03745083014041
DO,20.72489872140747,37.12736254545442,15.565645624633364,34.02584753246738,17.69674897727272,37.10453008857807,11.800096914772723,52.76045813636379,15.426481513286706,17.16332085375486,17.548471982683925,16.5778211225296,16.102978482517464,10.006974976539569,25.726022363636236,23.73676118181801,24.140321333333063,0.0,11.774592636363607,21.46070355555531,17.97055418181808,35.55397635431217,18.771667636363556,12.614197028642565,13.994421398601377,10.094866311688282,15.08275427272728,13.447284181818164,44.1716240294841,29.926231643784558,19.473157802541404,19.225962020201933,64.82868280519509,12.847113083242094,11.59987839610387,10.668869358851644,11.058280458498013,76.51601485167468,37.288542976076506,19.49068917112282,23.22042254545449,12.275357348484864,30.08826857002422,27.392454262625957,26.648919402241543,17.578466540909012,18.83494199999997,19.11356889466073,12.334330713286684,43.67722372727275,37.49116751097166
EC,22.768837434017595,38.34251990909105,12.707332231671526,33.39988822077923,19.49147034090909,37.85717936829842,9.06942885795453,52.86792886363654,14.244919942657354,18.60866193280627,18.510921164502054,16.22942273122528,12.60392630769229,10.006925771260946,22.92792100000002,23.74192521212121,25.56998398316502,11.774592636363607,0.0,23.167188520923517,18.931435181818077,34.94862152680663,18.663520090909035,11.462487530510527,15.677676981351947,11.012031259740246,17.842988454545385,16.012084999999896,44.40472121621626,30.982695025974145,21.113301465298097,19.192311343434262,65.80648484415582,9.44700291566262,11.30768975974022,11.812212961722407,9.0435477826087,76.16478462679441,35.04794269377998,16.99284228876999,23.443078878787816,10.73473087373732,31.06218686240785,29.472293936026997,26.264161057285147,17.646810213636336,15.435779327272693,21.27600697979797,13.732236776223685,44.39482772727286,37.45395654231984
GD,19.625458269329204,38.658925685425565,25.705734479262624,31.593702380952323,20.13632926587292,35.1964835164836,23.204501056547628,55.74604861111124,25.143138418803375,21.49758888888869,23.2963746031747,22.73185536507929,25.46850036752143,21.64432081054784,34.08123227994244,26.009388492063064,25.839412698412552,21.46070355555531,23.167188520923517,0.0,22.74047907647889,35.1801330891332,24.456676666666706,24.078290708849856,20.582558852258902,22.95604263492073,23.50916633333322,19.51577274170276,44.14833462033474,27.648956916099586,19.04024782386064,25.153785714285693,72.67584126984129,23.279828302734657,23.491498293650658,21.322749857978327,21.923082815734944,83.84183876357544,42.36814802840431,29.425969183006107,29.49260158730153,24.13757519841245,29.835792363792194,29.755365079364843,30.921980713198465,23.173740550432832,27.722471498412578,17.714809523809496,22.686413536019582,46.84057738095259,36.602181171318975
GF,23.24470674486801,39.65409999999975,20.9660364516128,35.528603246753306,20.05373011363624,38.199252214452194,18.61639025568179,56.97204659090857,20.32223505594397,20.843715019762644,21.28901818181826,19.549191375494004,21.78825097202797,16.205343422287317,31.723524545454826,24.353024999999697,27.367550168349883,17.97055418181808,18.931435181818077,22.74047907647889,0.0,36.25854918414907,16.20997272727274,19.761721432129534,18.467401631701613,18.743509168831192,18.824564363636373,18.390991818181828,47.58356658476645,31.64485157699413,19.70879941348974,16.800761616161648,69.40894805194743,18.93143074589269,18.64499314935051,16.909995215310996,17.023092118577058,79.28362296650643,41.25660693779902,26.068379866309765,26.68704545454537,20.003128964646283,31.994248157247902,30.83539461279432,31.42453088418419,20.888165813636256,23.760958436363502,21.13694170274155,17.002685398601347,48.51254545454497,40.15041065830677
GL,36.20034243176217,45.33287762237786,35.81552490653425,39.07785622710665,36.720329326923,38.50315384615436,35.12272491987188,61.03911698717988,36.07612913333328,36.75453857302093,37.460824908425245,33.72424394871778,36.06947387179493,35.69631689412731,42.25101382284394,38.10570961538448,38.516142450142965,35.55397635431217,34.94862152680663,35.1801330891332,36.25854918414907,0.0,36.16800871794882,35.84857845100115,36.5754641025643,36.45330576556808,39.53920815384593,36.8581999766899,48.14530907830951,37.86619937205696,36.775165425972055,36.40214529914538,83.28501831501879,34.414002959839195,36.16532163919391,36.07036807017544,35.09344837235213,89.82431039136354,48.12130130904162,39.55912970588192,39.92111305361304,36.51388267093999,35.16193832293863,38.267957264957744,41.4591439058658,33.73489852319333,36.99817875897417,35.37155799755819,37.51138276923093,53.040272435897975,39.95241379310361
GP,23.81765612903241,37.90178272727281,20.13309329032254,33.587437142857425,19.83419125000005,35.95716000000011,19.28947906250003,54.71039749999986,19.593330492307626,19.719052173913003,20.43315047619048,18.07702634782604,20.84301623076931,18.03945532258069,28.66584969696985,22.85346499999995,28.09931185185204,18.771667636363556,18.663520090909035,24.456676666666706,16.20997272727274,36.16800871794882,0.0,20.01887054794532,19.31011743589749,19.566850000000045,21.88975,19.18829363636376,46.02072486486493,30.902043469387923,21.86435043010753,11.90467999999997,69.17583000000006,18.7609467590362,19.41544821428569,17.782635789473805,18.124814869565228,78.35980684210547,37.52153315789466,24.590274411764405,25.119610909090905,19.725666388888783,31.415442972973167,31.88267407407427,27.96870794520555,20.01397077727272,22.274959199999916,23.787070476190543,20.023295846153896,46.67940499999997,38.518254137931
GT,23.397110061864865,38.822395628891705,14.7821343084401,33.8274772407046,19.859489160958987,38.12554369160541,11.01583227739727,53.18364160958931,16.285095329188593,19.51944735556882,18.729312113503017,17.79331717093506,15.339446256058968,12.003109847547446,23.473829356579603,25.683265639269493,26.63482197361754,12.614197028642565,11.462487530510527,24.078290708849856,19.761721432129534,35.84857845100115,20.01887054794532,0.0,16.66765743940996,10.306742590998049,18.843812589041125,17.027354047322547,44.628370451684674,31.95941884540124,22.51898911327155,20.555470304414037,67.22084671232894,12.46826784997523,11.228208566536178,13.281668615717418,11.668545955926144,77.19541024513343,35.39037214131217,17.58125533843677,23.18777586135333,10.87932481354646,32.04200837097384,30.1284759766617,26.604433287671256,19.065172733686147,17.388901567123398,21.88398375516422,15.264223995784947,45.47220335616456,38.75468737364198
GY,19.539413316790775,37.964102564102525,18.64583199007437,34.533889926740066,15.87903573717967,37.7925615384618,15.375728830128129,54.87196121794853,17.29015667179483,15.409518394648916,16.01012197802181,16.59866646822739,19.29325269230769,13.08690036807275,28.963918484848648,23.887431410256266,22.85325270655273,13.994421398601377,15.677676981351947,20.582558852258902,18.467401631701613,36.5754641025643,19.31011743589749,16.66765743940996,0.0,14.909393326007264,15.228159435897457,11.954717412587383,43.99056070686075,29.554797226583023,17.427062779156326,19.828358974359027,64.8958435897434,16.0356456932345,14.964013672161228,13.922668636977075,14.091630938684489,76.6035256410249,39.11832246963566,22.83695169683233,21.46179160839148,16.944589679487066,29.84580478170493,28.4112242165242,25.31824418686337,17.09370103228433,22.09350842051277,17.864412087912132,14.185938923076858,43.432603205128174,37.34238240495137
HN,22.345498755760484,38.23392735064948,15.71549266359446,34.84417628571448,19.18183375000005,38.62551124542149,10.871590401785696,53.01435864285744,16.382804892307725,18.2018878385093,17.625324285714203,17.376050136645926,15.970449219780178,9.876626511520708,25.12686779220785,25.301349000000183,25.40002060317469,10.094866311688282,11.012031259740246,22.95604263492073,18.743509168831192,36.45330576556808,19.566850000000045,10.306742590998049,14.909393326007264,0.0,15.655519714285694,14.752194233766224,45.25312901158336,31.767621673469527,20.92061474347164,20.35038358730158,65.4578442857148,12.31466733046472,10.068623642857172,10.539772466165369,10.431906322981348,76.3632804060156,37.66871927819538,19.27020669747896,24.08430740259741,10.485588071428571,31.490110339768503,28.57334132275146,27.59819315459884,18.635517960389567,18.397073028571445,20.515147333333385,12.279266395604328,44.88264085714321,38.96806170443366
HT,22.969484870967804,41.42103309090879,22.19888432258051,42.03064671428562,20.389212750000084,43.13318138461526,17.769681687499993,59.60829449999956,20.32345229230759,20.058832260869504,21.97484209523805,20.321213913043326,22.744675461538478,11.423542419354783,35.43587666666669,30.02711566666634,23.729473592592527,15.08275427272728,17.842988454545385,23.50916633333322,18.824564363636373,39.53920815384593,21.88975,18.843812589041125,15.228159435897457,15.655519714285694,0.0,12.580370545454556,50.5422262972969,35.47134812244893,19.84265806451613,22.107741222222216,60.810808142856615,19.404881084337333,16.62595678571431,12.835840894736831,14.520915391304316,74.35338042105259,47.10243352631561,28.10084947058786,28.65182818181812,19.310302388888765,34.49852883783766,28.31931848148135,34.421307287671226,22.26174490454532,26.097376199999985,18.66202069841276,8.59225138461537,48.42732999999959,43.353556827585706
JM,18.963671231671608,37.94608272727267,19.796967249266824,36.06702623376631,14.751964659090987,38.35423442890447,16.262403778409034,55.1252752272725,17.7160975678321,14.943827628458498,18.01135424242429,16.817105185770668,20.047570482517425,12.253537205278583,30.790227272727385,24.88362045454556,21.63003545454549,13.447284181818164,16.012084999999896,19.51577274170276,18.390991818181828,36.8581999766899,19.18829363636376,17.027354047322547,11.954717412587383,14.752194233766224,12.580370545454556,0.0,44.91684488943461,29.87166962894258,16.574502551319643,19.86313262626267,62.84480246753203,16.99388685761228,15.344433409090968,12.37039746411485,13.68778362845847,76.37649612440134,40.54845846889949,24.35970986630996,23.836075454545423,16.849202550504945,30.221150638820745,26.509865824915902,27.00842070983813,18.065304504545427,22.929027418181807,16.4621078643579,12.365314839160805,44.49658954545436,38.46464648902811
KN,42.38823539668727,50.23350245700253,44.64627487532677,43.847698841699184,43.539514695945854,46.04605128205167,44.26012910472978,60.812721283784015,44.81883849022869,43.0502929494709,43.84384761904798,43.01096613160964,43.12189958627864,46.54134370095864,45.19102683865688,43.20294887387361,44.561248248248525,44.1716240294841,44.40472121621626,44.14833462033474,47.58356658476645,48.14530907830951,46.02072486486493,44.628370451684674,43.99056070686075,45.25312901158336,50.5422262972969,44.91684488943461,0.0,43.20807832322142,43.47922755013081,46.28067987987976,86.24037837837773,43.75921168902651,44.77180392857109,45.68948702702683,45.19303046063433,93.97627169274467,46.74271785206242,45.18098412559574,44.67416797706798,44.1962680855854,43.1603243243245,46.37833033033064,42.18839100333211,42.27040245737098,44.07222152432412,44.403223938224,49.46236808316032,54.83271283783816,46.41237185461324
KY,27.70360105332473,41.380206864564094,32.45259881105982,31.35048469387764,27.979606505102065,31.72902354788098,31.249111670918417,56.52120280612255,31.18760121318673,29.07126823425008,30.37582721088452,27.83940467613132,31.657672585557386,31.67198287491772,36.30378188620923,29.827891326530548,33.44300453514754,29.926231643784558,30.982695025974145,27.648956916099586,31.64485157699413,37.86619937205696,30.902043469387923,31.95941884540124,29.554797226583023,31.767621673469527,35.47134812244893,29.87166962894258,43.20807832322142,0.0,28.92684792626734,31.37389546485268,80.25240816326463,30.551098157118197,31.71816668367328,30.832883523093532,31.274120344276746,89.44559505907529,41.61712671321151,34.80446597238852,34.76209727891159,31.638919948979414,32.19672917815794,35.271154950869374,32.20074545708704,27.85332728339509,33.09691008163265,29.28690022675717,34.019180590266984,48.38759948979609,37.132677691766325
LC,19.63794623655917,39.37613440860202,23.871142451612855,33.3831935483871,18.44892909946237,37.18059387923928,21.11645981518812,56.92812567204241,22.11102720860204,19.32616442262734,21.12272688172045,20.49954994670396,24.09841153598018,18.58862510752682,33.006096823069626,23.920784677419096,24.74031899641555,19.473157802541404,21.113301465298097,19.04024782386064,19.70879941348974,36.775165425972055,21.86435043010753,22.51898911327155,17.427062779156326,20.92061474347164,19.84265806451613,16.574502551319643,43.47922755013081,28.92684792626734,0.0,22.232031182795605,68.31776958525298,21.40995387887033,21.259932876343985,18.634692190152787,19.50427131089289,81.3204816072433,41.35883151669486,28.7053709772292,27.41168690127059,22.502283163082183,30.26406742226084,29.966372759856338,29.38283035793186,21.4322384978005,26.45445399139772,17.45531950844856,19.394351647642623,46.8959543010749,38.79269150908381
MQ,24.913632258064705,38.46108080808058,20.19735681003585,34.30955000000007,20.48995347222225,36.88892564102567,19.466562083333315,55.73569861111057,19.53936143760676,20.5305367149758,21.7984730158731,18.74089839613515,21.012345205128224,18.57922902867381,28.896094646464828,24.249513888888675,28.739240740740733,19.225962020201933,19.192311343434262,25.153785714285693,16.800761616161648,36.40214529914538,11.90467999999997,20.555470304414037,19.828358974359027,20.35038358730158,22.107741222222216,19.86313262626267,46.28067987987976,31.37389546485268,22.232031182795605,0.0,69.5684999999994,18.975590844712208,20.08067194444438,18.53534339181293,18.358610782608608,78.59229298245597,38.13668450292389,25.065683169934296,26.51049797979802,20.51485138888874,32.04244474474492,31.91722592592589,29.47835844748852,20.38278796919184,22.711025822222176,24.410226984126936,20.226691641025592,47.59464166666627,39.09671034482747
MS,69.79315207373263,86.27807142857014,68.54904340092126,82.08225000000078,68.56420803571397,86.40412454212523,65.78324642857133,98.07465178571508,66.91783666813171,67.66656086956463,69.02019047619106,68.08695042236016,68.42095957142841,62.33104672350176,75.18187658008588,74.03084166666589,71.05396296296321,64.82868280519509,65.80648484415582,72.67584126984129,69.40894805194743,83.28501831501879,69.17583000000006,67.22084671232894,64.8958435897434,65.4578442857148,60.810808142856615,62.84480246753203,86.24037837837773,80.25240816326463,68.31776958525298,69.5684999999994,0.0,66.75098734079204,65.70003035714241,63.9960356390973,64.5152153167699,99.96308270676666,82.01789030075183,72.22340071428557,73.16912424242359,66.93403781746049,79.44803088803042,76.04759259259285,75.64198414872739,68.80190102792204,70.15406977142841,67.70966666666692,60.92629991208795,88.55432142857184,86.21023152709407
MX,22.498851129809594,38.16883229682367,11.767814897395992,32.162335354561066,19.509697250000052,36.877828550200704,9.907819673945712,52.91942748795197,13.42650357238181,19.31678169565222,18.73841792025245,14.748568348349904,12.065736294717327,11.760630370773391,21.43862961555305,23.3377174457832,26.40218243507361,12.847113083242094,9.44700291566262,23.279828302734657,18.93143074589269,34.414002959839195,18.7609467590362,12.46826784997523,16.0356456932345,12.31466733046472,19.404881084337333,16.99388685761228,43.75921168902651,30.551098157118197,21.40995387887033,18.975590844712208,66.75098734079204,0.0,11.894819436316672,13.104006670260004,10.60900294133054,76.55817094673449,33.09971890107794,16.616760365698084,22.96536777546554,11.531076383534137,30.5280146522305,29.83315999776882,26.0202744655884,15.70796936500541,14.86554603614457,21.402825802830343,15.369321118628344,44.26374265060251,36.74021224304108
NI,22.11448079493076,38.28795581168804,15.64395361520734,34.38683464285688,19.45750053571425,38.163732774725126,11.377248035714253,53.030840714285226,15.534023060439525,18.921775357142707,18.27980297619041,17.32876427639747,15.561031192307652,11.126503182027644,24.75620336580088,24.987355357142704,25.791524060846324,11.59987839610387,11.30768975974022,23.491498293650658,18.64499314935051,36.16532163919391,19.41544821428569,11.228208566536178,14.964013672161228,10.068623642857172,16.62595678571431,15.344433409090968,44.77180392857109,31.71816668367328,21.259932876343985,20.08067194444438,65.70003035714241,11.894819436316672,0.0,11.833216296992562,11.34507505279503,76.74729772556358,36.2750416729322,18.524281239495757,24.116730422077836,10.96476523809526,30.931520164092365,28.887264722221943,27.725050640900093,18.30140528766229,18.555805814285616,21.014092738095115,13.165535917582396,44.34220464285677,38.62549439655132
PA,20.99326404074704,37.873331866028686,16.572049938879427,35.70751368421059,17.236744407894843,38.20218110661268,12.606587828947344,54.5643222368418,16.42731746315786,17.117729748283782,18.20339223057648,15.665160961098412,15.640692020242868,8.986357363327638,27.345047926634862,24.68310587719302,23.673703274853825,10.668869358851644,11.812212961722407,21.322749857978327,16.909995215310996,36.07036807017544,17.782635789473805,13.281668615717418,13.922668636977075,10.539772466165369,12.835840894736831,12.37039746411485,45.68948702702683,30.832883523093532,18.634692190152787,18.53534339181293,63.9960356390973,13.104006670260004,11.833216296992562,0.0,9.98732429748283,75.90166736842097,39.15299736842098,21.27470072755405,24.717005518341285,13.464427938596453,30.625193627311614,27.54873485380125,28.592966575342587,17.785403741866013,19.017410421052627,18.381908705096123,10.680661578947303,44.82200605263145,39.17274504537205
PE,21.33752585974745,38.18335547035549,13.127442221598848,34.80623239751539,18.23172961956524,37.98809398439224,9.16745060054352,53.30378971739099,14.114514548494949,17.299672347826082,18.022767225672787,15.733904434782586,13.172720464882932,7.485628147265015,25.807200600790456,23.958433144927497,23.79885997423498,11.058280458498013,9.0435477826087,21.923082815734944,17.023092118577058,35.09344837235213,18.124814869565228,11.668545955926144,14.091630938684489,10.431906322981348,14.520915391304316,13.68778362845847,45.19303046063433,31.274120344276746,19.50427131089289,18.358610782608608,64.5152153167699,10.60900294133054,11.34507505279503,9.98732429748283,0.0,75.68743598627007,38.118634215102944,18.807998780051083,23.82663067193674,11.927737562801957,30.79339749706213,27.909311365539352,27.859864215604432,17.247237651976235,16.670930156521816,19.30173340096617,10.57630858862876,44.66850630434755,37.93670379910013
PM,82.13528013582379,94.52019377990317,77.1975683056019,90.71452067669266,79.63676282894714,95.50158029689662,76.68243924342103,102.99266776315888,77.04628641295537,78.45842356979331,79.38532832080257,77.3522997757434,78.19401987449382,74.32687929541525,81.71736362041393,82.94274342105184,83.07888109161824,76.51601485167468,76.16478462679441,83.84183876357544,79.28362296650643,89.82431039136354,78.35980684210547,77.19541024513343,76.6035256410249,76.3632804060156,74.35338042105259,76.37649612440134,93.97627169274467,89.44559505907529,81.3204816072433,78.59229298245597,99.96308270676666,76.55817094673449,76.74729772556358,75.90166736842097,75.68743598627007,0.0,87.43655842105264,79.05616716718238,80.62323811802156,77.60905425438654,88.4140042674247,87.45262183235899,82.45120699351024,78.41867466100443,78.65847042105247,81.00330325814544,73.59123242105235,97.153421052632,95.0502431941932
PR,40.672229558573854,50.05265287081321,33.60494679456717,37.18707030075192,38.28719401315784,45.23727310391352,35.22060365131571,56.501015131578654,35.42613129716601,37.573763409611054,37.90087305764419,34.187689963386674,32.69463740485835,40.37720698981323,25.940274673046247,35.711738333333415,44.82218508771916,37.288542976076506,35.04794269377998,42.36814802840431,41.25660693779902,48.12130130904162,37.52153315789466,35.39037214131217,39.11832246963566,37.66871927819538,47.10243352631561,40.54845846889949,46.74271785206242,41.61712671321151,41.35883151669486,38.13668450292389,82.01789030075183,33.09971890107794,36.2750416729322,39.15299736842098,38.118634215102944,87.43655842105264,0.0,30.459848869969036,36.61153877192986,34.21703586257309,43.75670587482211,45.99087518518503,32.018396503244446,32.98344009449759,30.759484968420985,42.88536806182108,44.38454948987861,52.83045605263129,44.76564161524482
PY,28.958072609107763,41.514989331550304,15.53998880645156,33.53296869747856,25.27752419117613,40.13022450226212,16.406582922794016,52.70852102941123,17.880506651583648,25.45774216112496,24.51151127450949,22.2012431125319,17.377702361990888,20.744478519924076,20.100763520499008,28.057299019607413,31.875434999999467,19.49068917112282,16.99284228876999,29.425969183006107,26.068379866309765,39.55912970588192,24.590274411764405,17.58125533843677,22.83695169683233,19.27020669747896,28.10084947058786,24.35970986630996,45.18098412559574,34.80446597238852,28.7053709772292,25.065683169934296,72.22340071428557,16.616760365698084,18.524281239495757,21.27470072755405,18.807998780051083,79.05616716718238,30.459848869969036,0.0,25.585682985739528,17.48973815359471,35.52405285373554,35.83146940087096,25.90979446817068,22.757929781550768,15.840759752941135,28.622128809523392,24.4053863484162,47.26425029411716,40.3247230527378
SR,28.15764193548389,42.864709090908896,24.17770690322576,34.8305322510824,24.645696401515,40.88280116550113,22.9568449999999,53.86329659090893,23.746172733799494,24.31441133069808,24.36379177489173,24.40558607905137,24.717024682983684,24.52343274975563,29.52324333333352,26.77825378787856,31.567007070707007,23.22042254545449,23.443078878787816,29.49260158730153,26.68704545454537,39.92111305361304,25.119610909090905,23.18777586135333,21.46179160839148,24.08430740259741,28.65182818181812,23.836075454545423,44.67416797706798,34.76209727891159,27.41168690127059,26.51049797979802,73.16912424242359,22.96536777546554,24.116730422077836,24.717005518341285,23.82663067193674,80.62323811802156,36.61153877192986,25.585682985739528,0.0,24.18240290404029,34.718027108927096,36.24529191919186,25.360898381070896,24.329939977272662,25.295709830302965,28.50622813852808,26.970975710955752,47.48108863636352,41.5005438871472
SV,23.412828037634213,38.73999532828257,14.796928069892449,33.09355527777759,20.43820791666657,37.69533267093996,11.059891493055565,52.86632444444435,15.884307298290553,19.77636092995152,18.9435308333332,18.23575161594197,14.679758876068307,12.307719410394268,22.3814528030302,24.60703805555531,26.937517870370105,12.275357348484864,10.73473087373732,24.13757519841245,20.003128964646283,36.51388267093999,19.725666388888783,10.87932481354646,16.944589679487066,10.485588071428571,19.310302388888765,16.849202550504945,44.1962680855854,31.638919948979414,22.502283163082183,20.51485138888874,66.93403781746049,11.531076383534137,10.96476523809526,13.464427938596453,11.927737562801957,77.60905425438654,34.21703586257309,17.48973815359471,24.18240290404029,0.0,31.307973791291037,29.873023425925613,26.48854214231356,19.07029950656564,16.917637344444397,22.269911309523568,15.485961585470008,44.85814138888881,38.06061027777768
SX,28.6903068875329,35.532785012285046,32.70947692066244,34.07937741312758,30.40345388513493,34.74158419958451,30.733905751689274,54.45312331081115,31.728790358835703,30.450373325499022,31.16142496782512,29.63566080376016,31.737942293139465,30.8836754760244,37.902361367731466,31.95987364864825,31.74308608608623,30.08826857002422,31.06218686240785,29.835792363792194,31.994248157247902,35.16193832293863,31.415442972973167,32.04200837097384,29.84580478170493,31.490110339768503,34.49852883783766,30.221150638820745,43.1603243243245,32.19672917815794,30.26406742226084,32.04244474474492,79.44803088803042,30.5280146522305,30.931520164092365,30.625193627311614,30.79339749706213,88.4140042674247,43.75670587482211,35.52405285373554,34.718027108927096,31.307973791291037,0.0,34.029067067067174,35.78621380970015,29.14796102886972,34.178542735135025,29.153519948519847,32.814704952183064,46.74711824324359,35.88193383038217
