ISO_CODE,AG,AI,AR,AW,BB,BM,BO,BQ,BR,BS,BZ,CA,CL,CO,CR,CW,DM,DO,EC,GD,GF,GL,GP,GT,GY,HN,HT,JM,KN,KY,LC,MQ,MS,MX,NI,PA,PE,PM,PR,PY,SR,SV,SX,TC,TT,US,UY,VC,VE,VG,VI
AG,0.0,22.13052199413495,14.969049677419312,18.18866359447006,11.222246774193566,21.223248138957917,13.41021536290317,29.01210887096797,15.933125365012328,11.438872089761563,12.11334715821801,12.57934399298728,14.658400930520989,12.940218193548338,18.604973049853307,14.641387096774173,14.969235364396685,12.222078844574751,13.819210469208082,11.841865335381469,14.362586803519116,19.27618196856908,14.1338191935483,12.616491542200592,11.52349139784948,13.127991714285615,13.06876608064522,10.240481700879716,18.30330601569309,15.799299539170576,10.522483870967736,13.79102526881722,39.779976958525374,14.465373980178768,13.962778928571431,11.952332376909991,13.189976490883565,36.42125127334485,21.03921984719876,17.16427827324465,14.746192082111394,14.200376568100271,16.745442022667746,18.47533930704905,12.9650558550596,12.466368550879688,15.538850361290176,10.65574910394264,12.984647503722025,26.820254032258244,21.59536373748609
AI,22.13052199413495,0.0,24.570129829911977,27.43389285714296,22.800565909090885,28.669279720279853,23.97458636363636,30.61479545454561,25.68157900909084,22.89193517786553,23.37074372294374,22.84056096047427,24.03358688811195,23.656812410557198,26.871939696969868,25.34707424242409,22.04346464646465,22.366692545454345,23.978447818181763,24.210448773448668,24.121627272727206,26.73437995338,23.10038045454548,23.245095915317684,23.41675501165504,23.80610922077924,24.08484868181823,22.435056363636427,26.718879606879625,25.753144712430483,23.36806549364611,22.83116010101013,49.514623376623305,24.4789013001095,23.91293198051932,22.959889712918734,23.625521130434738,45.172244019138766,28.034103492823046,26.65240144384988,25.697578787878705,24.35367502525228,23.371518427518435,23.17647811447811,23.75330734744704,23.08426046818171,24.53663981818172,23.107290043289986,23.815899790209837,29.935897727272856,26.03012539184951
AR,14.969049677419312,24.570129829911977,0.0,17.83915704147461,13.441199467741912,23.901546488006595,7.094171794354805,28.082421354838637,10.635878839454064,12.79777209256659,11.836499026113607,10.855327028050445,6.57451943672455,7.556103161290316,10.894844316715528,13.64176593548383,18.37183136678611,8.579024187683258,6.948851167155412,16.741514466973864,13.396093800586446,21.044943875930496,12.830507774193515,8.150990435704777,11.383870646815488,8.930010700460807,12.60489559677416,11.812610011730165,22.52422854925892,19.29125317972348,14.22157974193545,12.95027268100353,39.78807968663568,8.047634996113473,9.41797678571426,8.677149979626442,7.477254019635321,35.78598236672307,15.381671113752116,9.504655567362406,12.674862498533702,8.846261087813586,20.53645225980812,20.770066473118256,13.272158570039744,11.31155141246328,6.826161690322597,15.3443393056835,8.933365900744379,29.01342799999993,24.44306328587312
AW,18.18866359447006,27.43389285714296,17.83915704147461,0.0,18.931274999999992,23.18460073260087,17.83826232142849,29.831107142857334,20.1180550780219,18.82489130434781,18.4515952380952,18.402759049689383,17.595254164835097,18.188433198156677,18.982030692640656,16.459019047619076,22.447533068783176,17.804542441558414,17.726111272727145,19.209099206349197,20.024563636363727,22.749385531135644,19.954229285714213,17.82477884540126,19.425683882783936,18.815540857142818,21.875846214285747,19.620788181818263,23.921038610038693,19.015484693877585,18.895692780337995,19.716642857142904,46.23003571428609,18.003163884681523,18.35897535714282,18.57116278195496,18.405283254658386,42.31913157894772,20.861548796992597,19.841595546218212,18.82475757575755,18.310107103174488,21.321931467181525,24.819079365079453,18.427492465753364,18.077665996753208,18.21109942857129,18.901964285714246,18.894531120879133,31.478125000000183,24.75088177339904
BB,11.222246774193566,22.800565909090885,13.441199467741912,18.931274999999992,0.0,21.629225,11.91088843749997,28.792812499999982,14.46344833846149,8.579852173913018,9.624845833333266,9.23284139130432,12.558532269230694,10.842311096774186,16.99022871212109,12.274324999999992,15.4757560185186,10.2049362727273,12.23843954545446,12.279545634920662,12.495102272727344,20.031491987179518,11.282444999999967,11.101135410958934,8.95785448717953,11.376998642857105,10.95443900000011,7.986165681818152,19.761865202702644,16.196733163265407,9.694467069892466,11.116262500000095,39.02895178571412,12.865931283132564,12.47510428571432,9.666914736842092,11.378274195652171,35.034940789473524,19.828929868421163,16.174653970588164,12.815113636363634,12.829643055555506,18.50240810810806,18.289250925925923,11.061533047945192,9.647756949999955,14.079293899999891,11.050715277777812,11.17531861538459,27.16633749999994,22.69001508620681
BM,21.223248138957917,28.669279720279853,23.901546488006595,23.18460073260087,21.629225,0.0,23.47652283653845,34.39611538461569,25.181874499999903,21.38285529542907,22.543548717948795,20.49046067670005,23.43366228205136,23.71658524896607,26.153452424242577,23.17855897435881,23.758133903134052,22.625654475524254,24.045730447552444,21.17311233211224,23.629944755244704,23.09479487179502,23.85307525641036,23.3950991359327,22.23746410256416,23.795466908424903,24.295066782051347,22.068744382284468,24.542276507276608,20.1825138670854,21.57235649296948,23.43388846153858,50.00181684981723,24.05733477015744,23.90871735347973,22.94012635627541,23.802923725752475,45.75898650472375,27.33947925775991,25.69931268476579,24.24529580419581,24.05217489316221,22.255638946638992,24.838715099715227,21.02762992623812,20.28735188170152,24.080350307692196,21.750525030524976,23.673022769230823,33.66758333333368,25.354898320070824
BO,13.41021536290317,23.97458636363636,7.094171794354805,17.83826232142849,11.91088843749997,23.47652283653845,0.0,27.282070312500007,10.600539574999946,11.280926372282565,10.180978437499965,9.85481714130434,6.646756326923074,5.881553020161306,11.17704558712113,12.801711562499944,17.158830995370298,6.566006846590923,5.046922340909073,15.194082326388802,12.232152840909023,19.708917988781987,12.323764687499958,5.2909039383561725,9.596319903846132,6.295242383928571,10.602909437499966,9.674451903409071,21.628076089527053,18.35588657525504,12.546206448252622,12.332162569444394,38.056675223214455,7.070123860692738,6.914732232142855,6.57459460526317,5.540792309782621,34.78262776315803,15.87082399671048,9.448352738970543,11.589893361742352,6.5304162152778025,19.59579896959456,19.774632847222176,12.45288946489722,10.20153502613632,7.836186162500022,13.690030287698352,6.58743755288465,28.26316531250004,24.04427132543103
BQ,29.01210887096797,30.61479545454561,28.082421354838637,29.831107142857334,28.792812499999982,34.39611538461569,27.282070312500007,0.0,29.152954084615278,28.47181630434754,28.41769642857155,28.221171260869543,27.606768230769383,27.016999677419395,29.059634696969848,27.14679999999977,28.114050925925955,26.47807545454524,27.45510090909092,30.71901190476172,30.848868181817995,32.823147435897695,29.771220000000127,27.01849589041116,28.777107051282123,27.67147171428577,30.0383585,28.31670000000016,31.388922297297444,31.28370408163287,29.7501048387096,29.475886111111237,53.071964285714046,28.10909983132526,27.72338321428553,27.225924473684337,26.699764217391223,49.21223026315777,30.24898184210541,29.12482676470543,28.837787121212155,27.78041194444419,29.895135135135277,29.90365277777773,28.198635616438363,28.14207499545444,28.195330999999943,29.542418650793568,27.910336846154006,30.16487500000024,32.6875862068967
BR,15.933125365012328,25.68157900909084,10.635878839454064,20.1180550780219,14.46344833846149,25.181874499999903,10.600539574999946,29.152954084615278,0.0,13.480576796320992,13.31066061208788,12.013927466555169,10.796742515384576,10.450587697022314,14.216897287412523,15.622726823076873,19.22791047150988,10.816143413286692,10.71406348881114,17.72280046947491,14.612547494405522,21.743011223076845,14.318067515384593,10.544265723814494,12.517765997435855,11.322964234065902,13.668309030769189,12.425575344755202,23.17275266548848,20.62714889120869,15.514947552274528,14.506830865811883,39.86055282307684,10.906484550046294,11.441478426373568,11.0717689364372,10.428663958193972,35.74947789757075,17.825611395546474,12.501765810407216,13.62468820815849,11.319222128205094,21.518240823492665,21.8521289564102,14.169706027502588,12.030139096853135,11.738751299999963,16.31053687362631,11.490938023076888,29.665289899999934,25.33158243793096
BS,11.438872089761563,22.89193517786553,12.79777209256659,18.82489130434781,8.579852173913018,21.38285529542907,11.280926372282565,28.47181630434754,13.480576796320992,0.0,9.211627329192469,9.155505521739077,12.414449180601908,10.487255194950894,16.229079512516332,12.434763768115962,15.159404830917932,9.736142948616545,11.728150679841816,12.94788502415461,12.612686561264866,19.534894760312014,11.355756739130417,10.464788838594368,8.328845150501685,10.556251316770137,10.558208630434796,7.955494703557228,19.493889541715497,16.179105057675326,10.28887246376812,11.351205072463788,38.64355031055862,12.287278148245155,11.684534829192556,9.308856086956466,10.799994260869518,34.661302517162014,18.844240205949784,15.08766419437334,11.756820421607324,12.074446968598942,18.384634077555734,17.895736231884,10.58246408576535,8.767707482806252,13.558659321739029,11.34072187715666,10.649393685618673,26.61959999999977,22.113514542728435
BZ,12.11334715821801,23.37074372294374,11.836499026113607,18.4515952380952,9.624845833333266,22.543548717948795,10.180978437499965,28.41769642857155,13.31066061208788,9.211627329192469,0.0,10.044231807453365,11.380838567765462,9.499338064516088,15.519618398268213,12.532771428571296,15.963426455026308,9.217505584415548,10.575918181818087,13.249358730158656,12.682428138528088,20.20691208791205,11.263089285714148,9.103128936725309,8.760556410256374,9.532986571428458,11.240973499999976,9.115435411255325,19.952383011582945,17.238891156462554,11.085074039938446,11.456748412698344,38.67208571428596,11.046878423981616,10.01351035714286,8.900447343358318,10.070026327122088,35.53856591478721,18.298784937343463,14.038142436974722,11.471926839826764,10.543069404761864,18.411656628056534,18.68237883597877,11.092970645792514,9.780002550432853,12.693315371428458,12.35442857142845,9.548725560439491,27.60837500000008,22.86936518883413
CA,12.57934399298728,22.84056096047427,10.855327028050445,18.402759049689383,9.23284139130432,20.49046067670005,9.85481714130434,28.221171260869543,12.013927466555169,9.155505521739077,10.044231807453365,0.0,9.667649638795924,8.652394194950856,14.624711313570474,12.981465956521676,15.678226539452412,8.796058415019743,9.8412769051383,13.257463332643116,12.638050999999914,18.291701160535048,11.145161304347813,9.363288536628932,8.518883711259729,9.78466283850928,9.367091195652137,7.934377110671907,19.73793174265564,15.81533724134864,11.08187605750343,11.016752971014402,38.10530157142839,10.243533019381855,10.607794413043449,7.926885471395846,9.067823608695614,33.18165889931338,17.878941860411885,14.223008304347797,11.995108660079024,10.910295432367109,18.63609963924788,18.37855963768109,10.17934933829656,4.869191043280607,11.49568098260866,12.323288011732124,9.070377903009978,27.585886913043467,21.56837997751119
CL,14.658400930520989,24.03358688811195,6.57451943672455,17.595254164835097,12.558532269230694,23.43366228205136,6.646756326923074,27.606768230769383,10.796742515384576,12.414449180601908,11.380838567765462,9.667649638795924,0.0,7.108477392059523,10.632989447552395,13.362213410256349,17.91370364387455,8.006573363636317,6.210017741258717,15.881415735042635,13.17183237062926,19.765653461538417,12.569480923076862,7.732454787144338,10.918072128205043,8.576176824175779,12.24736773076915,11.152810566433477,21.82025140332643,18.75272519466245,13.811781206782335,12.736377598290508,38.83926319780234,7.743763193697849,9.3062353241758,7.633043704453405,6.782905046822713,35.24049733198402,15.301310489878473,10.63436799547506,12.42288404895096,8.234402636752101,19.974532550935518,20.6436984301994,12.830896154899856,10.14460239195798,7.291610907692324,14.868427473748367,8.82802669230765,28.389788923077067,23.566143270557045
CO,12.940218193548338,23.656812410557198,7.556103161290316,18.188433198156677,10.842311096774186,23.71658524896607,5.881553020161306,27.016999677419395,10.450587697022314,10.487255194950894,9.499338064516088,8.652394194950856,7.108477392059523,0.0,13.007406486803474,12.578178580645169,15.801883395459935,5.646131601172979,5.651367741935462,14.325027847414194,11.661022240469176,19.83263175020674,11.072211838709672,5.408542989836456,8.389348976013213,5.62406039631332,8.32198827419354,7.8586198885630205,21.114167039232736,18.151209643186267,11.761524688172006,11.215193655913934,36.97288308755754,7.775517790516887,7.084947343317941,4.764029426145964,4.506146193548361,33.43255287606112,17.407926156196943,11.799036140417442,11.488248420332356,7.3511121630824094,19.346900024411447,18.650355304659467,12.596033723376026,9.325720032697896,9.242333922580697,12.613699542242657,4.56798975186102,27.95249487096776,23.900640031145723
CR,18.604973049853307,26.871939696969868,10.894844316715528,18.982030692640656,16.99022871212109,26.153452424242577,11.17704558712113,29.059634696969848,14.216897287412523,16.229079512516332,15.519618398268213,14.624711313570474,10.632989447552395,13.007406486803474,0.0,16.789069999999878,22.06253262626269,12.582457454545384,10.84367139393937,20.34597141414141,17.574143333333293,23.20379041958046,16.873269242424136,11.465792125363192,15.70694804195796,12.824988606060495,18.05345168181812,16.274686363636263,24.70466577395585,22.01472725417444,17.99198904203314,17.102204040403958,41.73616852813869,11.230613394304468,12.013067738095206,13.345474673046118,12.348019370223971,37.59522138756009,12.262693173843644,10.808005062388522,16.05127848484835,11.029940277777744,22.912739074529075,24.313561313131377,15.499305209630476,14.942892368181807,10.001492678787784,19.21138988455982,14.355818965034898,31.00474772727296,26.283133657262407
CW,14.641387096774173,25.34707424242409,13.64176593548383,16.459019047619076,12.274324999999992,23.17855897435881,12.801711562499944,27.14679999999977,15.622726823076873,12.434763768115962,12.532771428571296,12.981465956521676,13.362213410256349,12.578178580645169,16.789069999999878,0.0,18.972161111110985,12.027721212121223,13.178133696969596,15.585155555555538,13.521431818181831,21.47169615384597,13.709588333333192,12.500037716894957,13.11017307692315,13.0494489523809,15.11580783333344,13.223625454545434,22.576062162161996,18.059310204081655,13.299623655913967,13.6639055555556,42.16769523809486,13.996516068273078,13.880340357142888,12.2555003508772,12.734787594202894,38.30756578947329,19.87484543859662,16.298569411764632,13.73623787878782,13.993485277777678,19.59445315315301,21.066355555555383,13.602784474885835,13.124701977272665,14.459507333333203,15.221713492063484,13.326879538461505,29.43021666666648,24.476264367815894
DM,14.969235364396685,22.04346464646465,18.37183136678611,22.447533068783176,15.4757560185186,23.758133903134052,17.158830995370298,28.114050925925955,19.22791047150988,15.159404830917932,15.963426455026308,15.678226539452412,17.91370364387455,15.801883395459935,22.06253262626269,18.972161111110985,0.0,15.400301905723891,17.35041474747459,16.40845502645508,18.10375656565658,21.3399772079773,16.89597944444435,16.146827133434815,15.09395641025644,16.55886373544967,15.379925537037204,13.851601683501656,20.326114114114056,19.570044595616128,15.113772998805322,16.762035185185255,42.17864021164013,17.92332514725563,17.4859235846561,15.195653625731037,16.29823241545894,38.42566081871339,23.73684504873308,20.977873159041035,18.423994949494915,17.943687870370205,19.4399659659659,17.30992592592597,17.15798082191772,15.927268133164905,19.23436801481465,14.607148148148204,16.003880188034117,27.132023148148185,21.515201787994823
DO,12.222078844574751,22.366692545454345,8.579024187683258,17.804542441558414,10.2049362727273,22.625654475524254,6.566006846590923,26.47807545454524,10.816143413286692,9.736142948616545,9.217505584415548,8.796058415019743,8.006573363636317,5.646131601172979,12.582457454545384,12.027721212121223,15.400301905723891,0.0,6.52312418181816,13.645058623376633,11.78774236363635,19.60083303962691,11.265152272727294,5.619821770859236,8.53879160372953,5.749042077922064,8.533827045454519,7.80751981818176,19.97131567076148,17.05139771057515,11.450747751710638,11.363877131313115,37.45995992207779,8.195470888280338,7.280350850649336,5.696815062200921,6.153405351778636,34.00590228708097,16.76525022009572,11.614131561497336,11.335389878787916,7.110975520202,18.1917807125306,17.617565070707016,11.615763603985028,9.252489359090866,9.741557672727287,12.349420118326094,6.2084189370629,27.102791636363413,22.870829736676864
EC,13.819210469208082,23.978447818181763,6.948851167155412,17.726111272727145,12.23843954545446,24.045730447552444,5.046922340909073,27.45510090909092,10.71406348881114,11.728150679841816,10.575918181818087,9.8412769051383,6.210017741258717,5.651367741935462,10.84367139393937,13.178133696969596,17.35041474747459,6.52312418181816,0.0,15.76080905050493,12.766112545454437,20.105903258741165,12.38895499999993,5.76705504109585,10.003837720279678,6.615594389610388,10.99802486363632,9.955307636363589,21.851676422604367,18.68778348422997,13.059042377321475,12.450360989898876,38.41720480519488,6.772212336254078,7.407869487012968,6.556623301435379,5.385618007905129,34.746670153110244,15.621692133971196,10.07377306951868,11.893084969696917,6.500992904040417,19.810218633906523,20.00071233670027,12.7557327198007,10.045950604545414,8.231166618181854,14.238704063491948,6.983563930069892,28.22908709090912,23.850422689655105
GD,11.841865335381469,24.210448773448668,16.741514466973864,19.209099206349197,12.279545634920662,21.17311233211224,15.194082326388802,30.71901190476172,17.72280046947491,12.94788502415461,13.249358730158656,13.257463332643116,15.881415735042635,14.325027847414194,20.34597141414141,15.585155555555538,16.40845502645508,13.645058623376633,15.76080905050493,0.0,14.86260707070713,20.74984126984119,15.15556880952371,14.309495542509262,12.497250915750945,14.85499780952374,14.161851293650887,11.944453795093766,19.924410124410063,16.40491383219964,11.134541730670794,14.79929603174612,42.2581746031746,16.192553126219153,15.373027976190508,13.145420258980806,14.833081991718435,38.70901420217198,23.087208178780365,19.36383972922484,16.404193506493446,16.03203519841258,18.746699270699217,19.27849735449732,14.865812524461775,13.65308013297251,16.96640241904747,10.54347619047622,14.400784258852203,28.88167857142843,23.16965024630525
GF,14.362586803519116,24.121627272727206,13.396093800586446,20.024563636363727,12.495102272727344,23.629944755244704,12.232152840909023,30.848868181817995,14.612547494405522,12.612686561264866,12.682428138528088,12.638050999999914,13.17183237062926,11.661022240469176,17.574143333333293,13.521431818181831,18.10375656565658,11.78774236363635,12.766112545454437,14.86260707070713,0.0,22.035748951048888,9.77492499999997,12.050038630136964,11.572579953380009,12.360235558441502,11.70380722727278,11.65844545454543,22.28039287469277,18.94159350649358,12.426787390029396,9.963952020202072,41.43934935064901,13.776473893756808,13.494406655844164,10.851756794258336,11.990657193675888,36.49915167464082,21.28810626794268,15.881454973261931,13.742212121212123,13.814460732323129,20.136521130221094,19.887398989898976,14.867067372353656,13.333572031818107,14.052814799999885,13.950223809523871,11.955129090909027,30.48066590909075,25.146191536049997
GL,19.27618196856908,26.73437995338,21.044943875930496,22.749385531135644,20.031491987179518,23.09479487179502,19.708917988781987,32.823147435897695,21.743011223076845,19.534894760312014,20.20691208791205,18.291701160535048,19.765653461538417,19.83263175020674,23.20379041958046,21.47169615384597,21.3399772079773,19.60083303962691,20.105903258741165,20.74984126984119,22.035748951048888,0.0,21.29974884615385,19.78446617492108,19.99352564102568,20.532845326007298,20.796728628205216,19.56078629370636,23.69162162162168,20.70015960230253,19.906638544251496,20.903514957265006,46.15735164835196,19.93492543867772,20.311891639194062,19.624200553306423,19.99060969230766,42.46623211875878,25.10192203778692,22.84759598793324,21.76849347319343,20.63583087606817,22.00017047817051,23.94945299145303,20.123527924130627,18.28743818496497,21.441406923076773,19.4071831501831,20.020564974358983,31.840012820513063,24.4618028293546
GP,14.1338191935483,23.10038045454548,12.830507774193515,19.954229285714213,11.282444999999967,23.85307525641036,12.323764687499958,29.771220000000127,14.318067515384593,11.355756739130417,11.263089285714148,11.145161304347813,12.569480923076862,11.072211838709672,16.873269242424136,13.709588333333192,16.89597944444435,11.265152272727294,12.38895499999993,15.15556880952371,9.77492499999997,21.29974884615385,0.0,11.645262260273968,10.982483717948734,12.125738428571388,11.107679500000046,11.024341363636353,21.47967418918912,18.44134234693877,12.665822849462243,6.305804999999961,39.91282928571428,13.15300922891566,12.7727010714286,10.346995526315787,11.6196093478261,33.98761026315805,19.54801657894747,16.092528529411666,13.517102878787783,13.444182499999922,19.62622932432421,19.538495370370327,13.52417952054791,12.24154531363632,13.718678599999915,14.40251976190466,11.62703376923073,29.1147350000001,24.032759827586165
GT,12.616491542200592,23.245095915317684,8.150990435704777,17.82477884540126,11.101135410958934,23.3950991359327,5.2909039383561725,27.01849589041116,10.544265723814494,10.464788838594368,9.103128936725309,9.363288536628932,7.732454787144338,5.408542989836456,11.465792125363192,12.500037716894957,16.146827133434815,5.619821770859236,5.76705504109585,14.309495542509262,12.050038630136964,19.78446617492108,11.645262260273968,0.0,9.207526603442188,4.57925692759292,9.467019390410938,8.622468268991215,20.86806988522782,17.607850545149653,11.81809968773013,11.6471218721461,37.77979373776929,6.987057983990715,5.765228546966704,5.612223828406565,5.454493139964229,34.10704155731818,16.05690098774337,10.467070233682504,11.667149265255324,5.574093542617935,18.8905722251019,18.56996986301376,12.150517534246603,9.731886849999963,8.969325671232918,12.596373594259603,5.969640109589016,27.70592698630155,23.38477098724625
GY,11.52349139784948,23.41675501165504,11.383870646815488,19.425683882783936,8.95785448717953,22.23746410256416,9.596319903846132,28.777107051282123,12.517765997435855,8.328845150501685,8.760556410256374,8.518883711259729,10.918072128205043,8.389348976013213,15.70694804195796,13.11017307692315,15.09395641025644,8.53879160372953,10.003837720279678,12.497250915750945,11.572579953380009,19.99352564102568,10.982483717948734,9.207526603442188,0.0,9.33335975824173,9.0967788076923,6.6319986946386695,20.15027588357591,16.870288278388355,10.13942737799838,11.092858547008593,37.51176959706948,11.084885459684877,10.455527115384626,7.657386680161916,9.069326399108116,34.41616963562748,19.35507785425109,14.327528627450937,9.124627972027998,10.71489288461538,18.342966943866987,17.91224757834761,9.630888479100827,8.858368840442841,12.34861414358967,11.236645054945113,8.622416615384575,27.414927564102623,22.802573032714463
HN,13.127991714285615,23.80610922077924,8.930010700460807,18.815540857142818,11.376998642857105,23.795466908424903,6.295242383928571,27.67147171428577,11.322964234065902,10.556251316770137,9.532986571428458,9.78466283850928,8.576176824175779,5.62406039631332,12.824988606060495,13.0494489523809,16.55886373544967,5.749042077922064,6.615594389610388,14.85499780952374,12.360235558441502,20.532845326007298,12.125738428571388,4.57925692759292,9.33335975824173,0.0,9.271421785714262,8.585298571428496,21.285499173745134,18.15732151020409,12.092955726574411,12.250425333333274,37.97766600000032,8.269040366609266,6.586766642857151,5.641265022556368,6.166415180124199,34.429780105263376,17.280421563909805,11.59038857142855,12.070930294372218,6.529721404761905,19.356739297297235,18.723868793650748,12.640861052837556,10.032746137012955,9.767223657142868,12.968516412698325,5.84284729670327,28.118142285714384,23.97568471921179
HT,13.06876608064522,24.08484868181823,12.60489559677416,21.875846214285747,10.95443900000011,24.295066782051347,10.602909437499966,30.0383585,13.668309030769189,10.558208630434796,11.240973499999976,9.367091195652137,12.24736773076915,8.32198827419354,18.05345168181812,15.11580783333344,15.379925537037204,8.533827045454519,10.99802486363632,14.161851293650887,11.70380722727278,20.796728628205216,11.107679500000046,9.467019390410938,9.0967788076923,9.271421785714262,0.0,6.970681227272688,21.78688863513517,18.934917785714354,11.600490220430176,10.933025388888922,37.17384207142844,12.036311632530092,10.854114714285751,7.403214078947294,9.27758328260867,32.76422728947358,21.62594676315796,16.12993949999999,13.404715439393932,11.63172500000001,20.24883428378385,17.52989157407421,13.93550704794518,10.156422186363573,13.743497299999987,12.274014944444527,7.381565961538427,28.729690499999997,24.365801706896544
JM,10.240481700879716,22.435056363636427,11.812610011730165,19.620788181818263,7.986165681818152,22.068744382284468,9.674451903409071,28.31670000000016,12.425575344755202,7.955494703557228,9.115435411255325,7.934377110671907,11.152810566433477,7.8586198885630205,16.274686363636263,13.223625454545434,13.851601683501656,7.80751981818176,9.955307636363589,11.944453795093766,11.65844545454543,19.56078629370636,11.024341363636353,8.622468268991215,6.6319986946386695,8.585298571428496,6.970681227272688,0.0,19.525681474201523,16.677783562152154,9.384905865102583,10.887222525252486,36.31481402597397,11.053656706462183,10.13807646103893,6.776291722487973,8.662464411067146,32.87068851674646,19.840885598086253,14.541532406417048,11.321718787878796,10.53754477272722,18.12762594594597,16.73285252525254,10.391194595267748,8.37760615909087,12.56722359999995,9.838533593073556,7.978419566433512,26.445963636363764,22.51412952978065
KN,18.30330601569309,26.718879606879625,22.52422854925892,23.921038610038693,19.761865202702644,24.542276507276608,21.628076089527053,31.388922297297444,23.17275266548848,19.493889541715497,19.952383011582945,19.73793174265564,21.82025140332643,21.114167039232736,24.70466577395585,22.576062162161996,20.326114114114056,19.97131567076148,21.851676422604367,19.924410124410063,22.28039287469277,23.69162162162168,21.47967418918912,20.86806988522782,20.15027588357591,21.285499173745134,21.78688863513517,19.525681474201523,0.0,21.02692498621075,19.48391397849459,21.36577042042047,45.91833590733604,22.10555718756098,21.44514377413113,20.202693869132364,21.458832310223208,42.22335704125194,25.66478738264595,23.92686564387881,22.70969082719081,21.684127845345127,20.24854054054049,22.62195995995992,20.207166901147662,19.660871604791023,22.72571953513504,19.53611540111533,21.479021122661152,30.08724662162174,23.66311183597388
KY,15.799299539170576,25.753144712430483,19.29125317972348,19.015484693877585,16.196733163265407,20.1825138670854,18.35588657525504,31.28370408163287,20.62714889120869,16.179105057675326,17.238891156462554,15.81533724134864,18.75272519466245,18.151209643186267,22.01472725417444,18.059310204081655,19.570044595616128,17.05139771057515,18.68778348422997,16.40491383219964,18.94159350649358,20.70015960230253,18.44134234693877,17.607850545149653,16.870288278388355,18.15732151020409,18.934917785714354,16.677783562152154,21.02692498621075,0.0,16.78056901470277,18.17868356009078,45.19383673469408,19.02773234398813,18.592704438775517,17.024145596133238,18.281891204968925,41.245448979592034,23.379453329753076,21.317869423769203,19.72071360544217,18.646183531745887,18.915196359625,21.19211715797442,16.265638691641005,15.864610750556553,19.559848416326407,16.461233560090804,18.23803396232336,29.65118112244917,23.12180014074601
LC,10.522483870967736,23.36806549364611,14.22157974193545,18.895692780337995,9.694467069892466,21.57235649296948,12.546206448252622,29.7501048387096,15.514947552274528,10.28887246376812,11.085074039938446,11.08187605750343,13.811781206782335,11.761524688172006,17.99198904203314,13.299623655913967,15.113772998805322,11.450747751710638,13.059042377321475,11.134541730670794,12.426787390029396,19.906638544251496,12.665822849462243,11.81809968773013,10.13942737799838,12.092955726574411,11.600490220430176,9.384905865102583,19.48391397849459,16.78056901470277,0.0,12.690006630824405,39.88226267281088,13.3943450406788,12.981051593702004,10.95262122807014,12.272024979897113,36.332595359365946,20.92108206564811,16.76086219481327,13.88874418377317,13.391877428315295,18.251926184248735,18.319452807646343,13.040786507585736,11.348701420674397,15.070402094623494,9.80125294418844,11.930110762613635,28.04896102150532,22.43330552465695
MQ,13.79102526881722,22.83116010101013,12.95027268100353,19.716642857142904,11.116262500000095,23.43388846153858,12.332162569444394,29.475886111111237,14.506830865811883,11.351205072463788,11.456748412698344,11.016752971014402,12.736377598290508,11.215193655913934,17.102204040403958,13.6639055555556,16.762035185185255,11.363877131313115,12.450360989898876,14.79929603174612,9.963952020202072,20.903514957265006,6.305804999999961,11.6471218721461,11.092858547008593,12.250425333333274,10.933025388888922,10.887222525252486,21.36577042042047,18.17868356009078,12.690006630824405,0.0,40.035753174602974,13.283040204819256,12.875492579365089,10.54451590643271,11.542102898550713,34.22363187134498,20.07258584795335,16.293482026143664,13.80099040404041,13.507887499999924,19.50833948948955,19.21214259259261,13.288788508371349,12.11079106919184,14.008807022222092,14.153308730158782,11.781952102564034,29.21245277777789,23.564719348659043
MS,39.779976958525374,49.514623376623305,39.78807968663568,46.23003571428609,39.02895178571412,50.00181684981723,38.056675223214455,53.071964285714046,39.86055282307684,38.64355031055862,38.67208571428596,38.10530157142839,38.83926319780234,36.97288308755754,41.73616852813869,42.16769523809486,42.17864021164013,37.45995992207779,38.41720480519488,42.2581746031746,41.43934935064901,46.15735164835196,39.91282928571428,37.77979373776929,37.51176959706948,37.97766600000032,37.17384207142844,36.31481402597397,45.91833590733604,45.19383673469408,39.88226267281088,40.035753174602974,0.0,39.52692485197944,38.07922964285684,36.58041751879695,37.93922741614888,49.011127819548896,44.5291706015036,42.00328773109181,40.00209220779204,38.34425551587286,46.09753667953688,45.60587301587305,39.77141761252451,38.62327268506489,39.85325857142849,40.39876190476192,37.18312841758251,51.39057142857125,49.62950246305376
MX,14.465373980178768,24.4789013001095,8.047634996113473,18.003163884681523,12.865931283132564,24.05733477015744,7.070123860692738,28.10909983132526,10.906484550046294,12.287278148245155,11.046878423981616,10.243533019381855,7.743763193697849,7.775517790516887,11.230613394304468,13.996516068273078,17.92332514725563,8.195470888280338,6.772212336254078,16.192553126219153,13.776473893756808,19.93492543867772,13.15300922891566,6.987057983990715,11.084885459684877,8.269040366609266,12.036311632530092,11.053656706462183,22.10555718756098,19.02773234398813,13.3943450406788,13.283040204819256,39.52692485197944,0.0,8.269467790877746,8.383183194039296,7.433660234153966,35.45204795370964,15.53212753772985,10.05794756413889,12.76871389521724,7.491871426372124,20.058325095082967,20.457142349397504,13.075948954778015,10.511269952409604,9.143185134939747,14.792502806463927,8.905926705282633,28.387584397590288,24.056673159534576
NI,13.962778928571431,23.91293198051932,9.41797678571426,18.35897535714282,12.47510428571432,23.90871735347973,6.914732232142855,27.72338321428553,11.441478426373568,11.684534829192556,10.01351035714286,10.607794413043449,9.3062353241758,7.084947343317941,12.013067738095206,13.880340357142888,17.4859235846561,7.280350850649336,7.407869487012968,15.373027976190508,13.494406655844164,20.311891639194062,12.7727010714286,5.765228546966704,10.455527115384626,6.586766642857151,10.854114714285751,10.13807646103893,21.44514377413113,18.592704438775517,12.981051593702004,12.875492579365089,38.07922964285684,8.269467790877746,0.0,7.661451635338314,7.584821642857124,34.74222103383425,16.207706785714343,10.962403970588255,12.764246807359283,5.994508888888898,19.74606757722,19.56299207671952,13.237686208414887,10.608117600649289,10.09052949999998,13.861581944444444,6.99176297252746,28.081611071428355,23.664903903940708
PA,11.952332376909991,22.959889712918734,8.677149979626442,18.57116278195496,9.666914736842092,22.94012635627541,6.57459460526317,27.225924473684337,11.0717689364372,9.308856086956466,8.900447343358318,7.926885471395846,7.633043704453405,4.764029426145964,13.345474673046118,12.2555003508772,15.195653625731037,5.696815062200921,6.556623301435379,13.145420258980806,10.851756794258336,19.624200553306423,10.346995526315787,5.612223828406565,7.657386680161916,5.641265022556368,7.403214078947294,6.776291722487973,20.202693869132364,17.024145596133238,10.95262122807014,10.54451590643271,36.58041751879695,8.383183194039296,7.661451635338314,0.0,5.126277675057193,33.15632263157905,17.552475789473785,11.820555603715162,11.236279218500789,7.457972500000031,18.710687923186413,17.43994235867449,11.49331585436193,8.63599650502388,9.067690442105247,11.48037215538845,5.408411263157863,27.502011578947467,23.40717228675143
PE,13.189976490883565,23.625521130434738,7.477254019635321,18.405283254658386,11.378274195652171,23.802923725752475,5.540792309782621,26.699764217391223,10.428663958193972,10.799994260869518,10.070026327122088,9.067823608695614,6.782905046822713,4.506146193548361,12.348019370223971,12.734787594202894,16.29823241545894,6.153405351778636,5.385618007905129,14.833081991718435,11.990657193675888,19.99060969230766,11.6196093478261,5.454493139964229,9.069326399108116,6.166415180124199,9.27758328260867,8.662464411067146,21.458832310223208,18.281891204968925,12.272024979897113,11.542102898550713,37.93922741614888,7.433660234153966,7.584821642857124,5.126277675057193,0.0,34.07619204576635,16.714910503432506,11.080334833759576,11.592768711462435,7.303039084541044,19.65333931844888,18.96550070209339,12.667740743299584,9.63515829110668,8.950665704347887,13.043882280193204,5.865577110367859,28.13191317391297,24.07172160719633
PM,36.42125127334485,45.172244019138766,35.78598236672307,42.31913157894772,35.034940789473524,45.75898650472375,34.78262776315803,49.21223026315777,35.74947789757075,34.661302517162014,35.53856591478721,33.18165889931338,35.24049733198402,33.43255287606112,37.59522138756009,38.30756578947329,38.42566081871339,34.00590228708097,34.746670153110244,38.70901420217198,36.49915167464082,42.46623211875878,33.98761026315805,34.10704155731818,34.41616963562748,34.429780105263376,32.76422728947358,32.87068851674646,42.22335704125194,41.245448979592034,36.332595359365946,34.22363187134498,49.011127819548896,35.45204795370964,34.74222103383425,33.15632263157905,34.07619204576635,0.0,40.5326163157894,37.73332687306442,37.13626491228055,35.18191571637403,42.39114651493621,42.20305653021442,35.70332400865182,34.069292505023824,36.21595290526314,37.19299832915615,33.29347544129566,48.491407894736746,45.068992740471614
PR,21.03921984719876,28.034103492823046,15.381671113752116,20.861548796992597,19.828929868421163,27.33947925775991,15.87082399671048,30.24898184210541,17.825611395546474,18.844240205949784,18.298784937343463,17.878941860411885,15.301310489878473,17.407926156196943,12.262693173843644,19.87484543859662,23.73684504873308,16.76525022009572,15.621692133971196,23.087208178780365,21.28810626794268,25.10192203778692,19.54801657894747,16.05690098774337,19.35507785425109,17.280421563909805,21.62594676315796,19.840885598086253,25.66478738264595,23.379453329753076,20.92108206564811,20.07258584795335,44.5291706015036,15.53212753772985,16.207706785714343,17.552475789473785,16.714910503432506,40.5326163157894,0.0,14.52937154798769,19.585824449760825,15.57386966374268,24.51465668563316,25.796443021442567,17.70712492429712,17.089481791148273,14.972601347368393,21.47322213032589,18.055410421052645,31.421166052631737,26.67206274047203
PY,17.16427827324465,26.65240144384988,9.504655567362406,19.841595546218212,16.174653970588164,25.69931268476579,9.448352738970543,29.12482676470543,12.501765810407216,15.08766419437334,14.038142436974722,14.223008304347797,10.63436799547506,11.799036140417442,10.808005062388522,16.298569411764632,20.977873159041035,11.614131561497336,10.07377306951868,19.36383972922484,15.881454973261931,22.84759598793324,16.092528529411666,10.467070233682504,14.327528627450937,11.59038857142855,16.12993949999999,14.541532406417048,23.92686564387881,21.317869423769203,16.76086219481327,16.293482026143664,42.00328773109181,10.05794756413889,10.962403970588255,11.820555603715162,11.080334833759576,37.73332687306442,14.52937154798769,0.0,14.736849001782463,10.172970669934632,22.30589179650206,22.61220405228723,14.952040354552746,14.194222892245929,9.430052776470571,17.61887047619032,12.099083864253332,30.74413676470539,26.381728843812965
SR,14.746192082111394,25.697578787878705,12.674862498533702,18.82475757575755,12.815113636363634,24.24529580419581,11.589893361742352,28.837787121212155,13.62468820815849,11.756820421607324,11.471926839826764,11.995108660079024,12.42288404895096,11.488248420332356,16.05127848484835,13.73623787878782,18.423994949494915,11.335389878787916,11.893084969696917,16.404193506493446,13.742212121212123,21.76849347319343,13.517102878787783,11.667149265255324,9.124627972027998,12.070930294372218,13.404715439393932,11.321718787878796,22.70969082719081,19.72071360544217,13.88874418377317,13.80099040404041,40.00209220779204,12.76871389521724,12.764246807359283,11.236279218500789,11.592768711462435,37.13626491228055,19.585824449760825,14.736849001782463,0.0,12.854784469696922,20.11484496314492,20.99952424242416,11.658108717310066,12.050496177272692,13.553026993939314,15.305222366522305,12.159526153846103,29.17276287878788,24.57447429467084
SV,14.200376568100271,24.35367502525228,8.846261087813586,18.310107103174488,12.829643055555506,24.05217489316221,6.5304162152778025,27.78041194444419,11.319222128205094,12.074446968598942,10.543069404761864,10.910295432367109,8.234402636752101,7.3511121630824094,11.029940277777744,13.993485277777678,17.943687870370205,7.110975520202,6.500992904040417,16.03203519841258,13.814460732323129,20.63583087606817,13.444182499999922,5.574093542617935,10.71489288461538,6.529721404761905,11.63172500000001,10.53754477272722,21.684127845345127,18.646183531745887,13.391877428315295,13.507887499999924,38.34425551587286,7.491871426372124,5.994508888888898,7.457972500000031,7.303039084541044,35.18191571637403,15.57386966374268,10.172970669934632,12.854784469696922,0.0,20.060125578077887,19.92551749999977,13.092639014459609,10.99793553484844,9.281368500000031,14.413528769841184,7.80127808974355,28.19179916666641,24.13851409003813
