ISO_CODE,AE,AF,AM,AZ,BD,BH,BN,BT,CN,GE,HK,ID,IL,IN,IQ,JO,JP,KG,KH,KR,KW,KZ,LA,LB,LK,MM,MN,MO,MV,MY,NP,OM,PH,PK,PS,QA,SA,SG,TH,TJ,TM,TR,TW,UZ,VN,YE
AE,0.0,21.69961361533365,21.222717059924904,20.74687496364817,18.63699235955046,11.703517584269626,28.72624382022432,22.779447025428453,20.193104988763636,23.300706278651496,32.052069398668095,22.300912535954865,23.632850627038785,17.821028464752132,24.470046617977253,26.03687553890938,22.29257834966239,21.60315499999968,22.1492490022468,26.53113959484429,12.090933647939908,21.75938031567652,23.058609087639997,19.650838791375623,18.046576615414853,21.370905874630264,24.409438101123705,36.01580898876394,36.82822535360192,31.706743612603677,19.79090142322083,14.379000005913376,22.420881993720982,17.593355643754016,30.47203444622783,9.502573824237578,12.944860341291816,21.33380491507705,32.83160271550549,25.53005801892329,34.8039112734074,22.63263013151144,37.88333828681245,21.67281748168015,32.26955639422676,22.70329328517893
AF,21.69961361533365,0.0,25.29281735293965,24.13237999999893,19.998747399999708,23.816550529411437,36.276766470586814,25.53956835913184,22.437652705881863,28.57125783529355,38.55663656862617,24.482636982352453,30.62617886147965,21.91873410893209,25.60545064705908,31.02122481481356,23.83898858823433,23.76122872548846,25.54294527058712,28.96907029411801,21.880340470587637,23.55541607843013,24.261504988233877,25.940013751987724,23.24149141382864,23.68081536841995,28.95129458823468,43.0823038235277,44.80967705882169,38.49754892838777,22.89105333333332,19.830971609906847,29.72204979411735,22.17858817647016,33.54730235293959,21.221271197478323,19.60629989705843,30.99679540355688,36.91682111294128,26.971898390090963,35.57177630251788,25.58044124197817,42.19309260371445,23.5447171483362,34.93577939046585,22.622119663864385
AM,21.222717059924904,25.29281735293965,0.0,16.335423333333505,22.040063666666537,22.37567566666708,32.66293676470509,24.398440350876665,18.981584333333046,18.29555579999915,34.587423703702626,22.18971746923033,25.521026021505165,22.03207965185142,26.96136174509843,29.4772942592583,20.36316051999903,18.323341666666384,23.851856266666186,25.847355352941875,21.413298999999444,18.49817190476168,22.06415926666564,22.057971126127224,21.00341333333377,22.109985508771285,20.80461333333292,37.186561666665725,41.977505686274114,36.1209298405789,23.587892708333627,19.832670526316043,25.963387372549,24.746536588235006,32.0110526190468,20.746823690475583,20.626326083332863,27.091992751938363,33.64139801333379,22.715643421051965,32.81296428571275,21.93414275000004,38.60349714035048,17.620481956521438,32.50976267241348,22.34567095238033
AZ,20.74687496364817,24.13237999999893,16.335423333333505,0.0,20.50646879215671,22.580421235295024,33.48227529411678,24.9612138080495,16.668722313725198,19.72686129411731,35.367202385620146,20.032871338913587,26.75246426944937,20.16038198300601,25.1905428823531,29.283620174291386,18.330037369411126,17.480394607843046,23.36037872156821,24.96713982352971,20.104607921568256,16.610198403361206,20.876404470588074,22.499925405405733,19.74934259029928,21.55220368420996,21.321323823529543,39.221384705880624,44.42703529411642,36.64121739386113,23.61875109068632,18.173980464396383,25.873211411764476,23.8670668235291,32.60273193277321,19.693797542016583,19.07938143382314,27.776840807113626,33.75254784000036,21.50752430340532,30.000828207282357,16.36102900133657,39.33942186687256,15.810045051150668,32.57162135395508,20.325427815125877
BD,18.63699235955046,19.998747399999708,22.040063666666537,20.50646879215671,0.0,19.89005680000024,34.43429200784281,22.940836621052533,17.329091466666412,25.316836133333226,37.22725444444405,19.863719761538217,30.23706371827956,15.808488755555404,26.327770125490108,30.8416288814811,18.82202447999965,20.68305986666661,22.357726866666496,26.54978336470563,18.912379399999757,20.017103152380905,21.88119466666647,25.04015285945928,17.51209408421045,19.003196392982257,25.20797813333323,41.54085679999959,41.80808405097997,36.54186756811568,18.160383666666757,14.82800335438592,25.784057411764547,18.56641907843136,34.14750790476162,17.639654014285544,16.49051985833351,28.27174117674385,34.99850157333323,23.714358659649108,31.65398810476176,22.046385504545366,41.10686198245618,19.92284405507237,33.66007481034472,19.78291338095228
BH,11.703517584269626,23.816550529411437,22.37567566666708,22.580421235295024,19.89005680000024,0.0,29.877578294118766,23.272179210527064,21.955369000000204,25.57626900000004,34.051555037036685,24.10988543846145,26.40334312903234,19.676065496296133,26.515644705882863,28.55439722222171,24.180984199999383,23.00668933333463,24.422930333333326,28.062276000000857,13.59967900000005,23.45317176190599,24.026775400000687,21.977600189190227,20.923914859649862,23.50443215789453,26.522012000000803,36.96163000000069,37.453483117648126,33.77347313043424,22.46672716666713,14.514694473684392,25.89303438235286,21.383901941176568,31.29714242857291,11.192587928571598,15.407291000000113,24.036970627907557,34.844041360000475,27.033520473685837,36.71832023809674,24.643215750000216,39.42836621052663,22.662443217392397,34.0427624310346,24.071374523810945
BN,28.72624382022432,36.276766470586814,32.66293676470509,33.48227529411678,34.43429200784281,29.877578294118766,0.0,29.902950773993204,34.60040949019571,33.797955035293406,37.360528333332496,31.93513889004452,34.77475779886066,34.91626228714558,37.79926088235329,38.30430657951987,36.158721355293736,34.205493627450394,33.278648666666015,35.903219352941875,31.17470576470513,35.375088151260314,33.769333458822814,33.21548883942791,31.623274643962816,32.98866627863718,33.45509411764627,35.69760882352946,38.68105294117726,28.895896186700178,33.896983026961074,33.15264362229076,30.705459323529105,35.09468005882303,41.57226596638599,29.83439094537737,32.472186272057975,26.313438317373816,38.70286319294151,36.33701501547994,47.92670714285879,35.943259378341644,41.80969296904056,34.52413037084381,39.434057518256,37.49533128851565
BT,22.779447025428453,25.53956835913184,24.398440350876665,24.9612138080495,22.940836621052533,23.272179210527064,29.902950773993204,0.0,23.45830340350852,27.220978463157365,36.90628160818658,24.239528637651464,30.62203505942244,22.15944608576959,30.20532900619273,33.42556781676343,25.05208188210433,23.523161315789476,25.983076961403132,28.300782752323133,23.51225824561341,24.688833759398563,24.99371406315741,27.47535798008636,22.993893508772224,23.3973333684205,26.43028636842085,37.0648731578948,37.56912755418023,36.35854550343176,20.836783366228417,22.44121000000025,25.861198235294054,25.223966625386783,36.69357225563889,22.391332161653477,23.33083006578901,27.72832189718516,36.237761732631945,26.172760526315805,37.42002243107779,26.96641924999971,40.54007426315784,23.97877076659026,34.581976699636975,25.97086614035086
CN,20.193104988763636,22.437652705881863,18.981584333333046,16.668722313725198,17.329091466666412,21.955369000000204,34.60040949019571,23.45830340350852,0.0,22.217793066666346,34.61559462962909,14.777465823076671,27.96657658064526,15.04532781481439,25.414152254902003,30.328431703703025,8.707221679999783,14.780364333333171,22.10880839999933,21.83906982352953,17.766536666666294,12.859545047619095,17.3296946666664,23.88341781981991,18.87094999999979,18.946034912280425,22.566291999999684,39.90657966666652,46.32082937254857,37.70505155072426,23.0348565833331,12.627196912280594,25.05311730392117,22.63588211764684,33.707061047618815,18.475411976190017,14.53795166666672,27.078765441860504,33.4513881066668,17.734297684210386,22.684464380952157,17.25463109848472,39.10701492982447,13.781946014492725,31.63389559195373,13.230435333333403
GE,23.300706278651496,28.57125783529355,18.29555579999915,19.72686129411731,25.316836133333226,25.57626900000004,33.797955035293406,27.220978463157365,22.217793066666346,0.0,36.369645429629024,26.030552669230595,26.84949842580676,25.80182931111093,29.61223547058868,30.396345185184547,24.86572999999956,24.365485266666184,24.87144346666628,30.491796435294845,24.65264839999942,23.80730502857114,25.71460519999929,23.766412378378472,22.673442919298427,25.356554084210057,20.845664999999578,39.45978259999972,39.41491875294047,37.27390583478212,25.760394075000026,24.04895503157876,26.938107400000067,26.95445954117652,34.2319702285708,23.09713161428516,24.594181624999703,28.638388725582047,36.44384592000052,27.414836252631027,36.89757866666616,25.32726093181813,41.228369042105214,23.479239678260388,36.39443907931019,26.93226750476178
HK,32.052069398668095,38.55663656862617,34.587423703702626,35.367202385620146,37.22725444444405,34.051555037036685,37.360528333332496,36.90628160818658,34.61559462962909,36.369645429629024,0.0,33.45333359800512,32.57897406810008,36.22230654074041,36.50998164270165,36.06784722222154,35.3194106592588,34.619774074073284,34.13168417036987,31.770892618736795,32.93272099999941,34.50625161375583,33.26380022962864,34.02994463963977,35.39094794346966,33.1153288869392,36.81824118518422,23.502410370369628,50.08872499999969,31.145196766505297,36.37970085648112,35.129612875243254,34.142624215686,38.853251021786335,41.22797076719483,33.08274697089847,34.05494737962915,25.603745826873123,33.02981091851849,39.406414259258526,46.842405105819225,36.416455527777615,22.85148229239722,35.055613123992785,32.53583281800708,37.79223182539623
ID,22.300912535954865,24.482636982352453,22.18971746923033,20.032871338913587,19.863719761538217,24.10988543846145,31.93513889004452,24.239528637651464,14.777465823076671,26.030552669230595,33.45333359800512,0.0,28.912535311910485,17.598444483475507,25.99742228371001,31.11817916780568,13.742471266153666,16.053342115384364,23.83313752051248,20.638592406787,20.05278049487153,14.598534556410142,18.03433083846134,25.60626323887717,21.217928337516742,20.445868322671856,25.64322923846133,38.87869329999989,46.67740933257847,34.48911604180561,23.719928128845925,16.825170829554384,23.998473629864087,25.10471041945665,35.10131392197758,21.2865295384612,17.33589247115372,27.04337106171696,30.94533638615384,20.44152223198341,26.69717869487124,19.050807624825005,37.22534385870414,15.843156139464767,29.317602631299334,16.78006180549431
IL,23.632850627038785,30.62617886147965,25.521026021505165,26.75246426944937,30.23706371827956,26.40334312903234,34.77475779886066,30.62203505942244,27.96657658064526,26.84949842580676,32.57897406810008,28.912535311910485,0.0,29.021204024611613,25.553890499051096,23.828150119474003,29.48299677419264,27.50674112903171,29.128124533333324,30.96549868500955,24.52372238709686,27.52760764976918,28.79350329032245,20.780145876198667,27.803482127900388,29.02465716128993,29.908974580645246,37.69902354838605,43.53665043643105,34.73012781065853,29.38406782930101,27.384981629880976,30.8195946157492,30.96232485199188,27.2893747004606,24.257587707372988,25.092996774193036,27.188410555138574,33.42055581806494,31.72586852291976,41.35411904761663,28.162540343841588,37.315153149405646,27.61905349929814,33.3778096012233,27.767094915514164
IN,17.821028464752132,21.91873410893209,22.03207965185142,20.16038198300601,15.808488755555404,19.676065496296133,34.91626228714558,22.15944608576959,15.04532781481439,25.80182931111093,36.22230654074041,17.598444483475507,29.021204024611613,0.0,26.780317288888668,31.03685228148096,16.008980810370097,17.509785051851303,23.65393882222184,24.267867832679624,17.599001177777506,17.069938598941427,20.755208140740468,25.07017992632597,18.119481660428345,20.928294032748298,26.32090936296298,41.55526282962934,43.52117820653534,37.62075725475032,19.141959041666457,13.2001487021438,26.19204521045727,19.369006636601057,34.76557026137524,17.42161987354482,14.839364446296196,28.14779485546893,34.79088879111124,20.94929672475583,29.022644597882785,20.048657739562167,40.54261068693961,17.332927115619462,32.6072961416345,17.66062314497307
IQ,24.470046617977253,25.60545064705908,26.96136174509843,25.1905428823531,26.327770125490108,26.515644705882863,37.79926088235329,30.20532900619273,25.414152254902003,29.61223547058868,36.50998164270165,25.99742228371001,25.553890499051096,26.780317288888668,0.0,21.040959784313685,25.80193100941145,25.600403803921843,27.4098342313728,29.22407199999995,22.210618450980768,24.87153833893592,25.712628129412323,21.161239836247976,26.753567342621093,25.859682356037027,30.63728982353025,41.821227529412056,47.24443429411779,37.82910214322208,28.65814975980405,23.883794919504865,31.700152676470644,28.711364941176345,24.20091022689093,23.57289270168072,20.89652255147068,31.835644545827552,35.01681880235313,29.54945841176525,37.64444514565861,25.876417843583084,40.14993921981433,25.280203892583632,32.63894242292092,21.341289644257884
JO,26.03687553890938,31.02122481481356,29.4772942592583,29.283620174291386,30.8416288814811,28.55439722222171,38.30430657951987,33.42556781676343,30.328431703703025,30.396345185184547,36.06784722222154,31.11817916780568,23.828150119474003,31.03685228148096,21.040959784313685,0.0,31.57584111111062,30.35930537036928,30.06912398518475,32.84279278649271,25.330913851851207,30.26942708994632,30.78181339259172,21.01594468468452,29.325074990253004,29.86963317348872,32.4485408518513,41.226558148148,46.23943527233051,37.18448880032172,31.05378659722202,28.614091637426352,33.814965751633835,31.880991130718566,21.067780423279935,25.94684633597813,25.594201662036696,31.50131490956035,35.88866401629619,34.516283606236684,42.82122719576618,30.228377618686487,40.058553522417256,30.42941148953211,35.515887170497564,27.70132476190397
JP,22.29257834966239,23.83898858823433,20.36316051999903,18.330037369411126,18.82202447999965,24.180984199999383,36.158721355293736,25.05208188210433,8.707221679999783,24.86572999999956,35.3194106592588,13.742471266153666,29.48299677419264,16.008980810370097,25.80193100941145,31.57584111111062,0.0,13.49554235999972,23.704087359999512,19.210171348234976,19.46511271999958,10.721717908571197,17.530810879999628,25.47108701405355,20.737578588069628,19.715059755789085,24.65672683999944,40.65347212000026,48.33953525176523,39.15877779304292,24.494018598333067,14.086658471578495,26.175697835293796,24.471210548234865,35.20770052571397,20.99986584857058,15.29547579499984,29.16765377674312,32.9933704800004,16.897112808420715,21.437226537142116,16.89229430454541,38.47136498315803,12.737231719999752,30.866266559309853,12.688335017142585
KG,21.60315499999968,23.76122872548846,18.323341666666384,17.480394607843046,20.68305986666661,23.00668933333463,34.205493627450394,23.523161315789476,14.780364333333171,24.365485266666184,34.619774074073284,16.053342115384364,27.50674112903171,17.509785051851303,25.600403803921843,30.35930537036928,13.49554235999972,0.0,24.520286866666357,21.57697152941226,19.678308333332872,9.723863571428607,18.904257666666176,24.34124319819953,20.990127456140637,21.109336192982017,25.36312700000009,38.5113816666661,45.433442647059934,37.57986142028896,24.093187500000248,15.960589912281105,26.872732264705625,24.85132231372516,34.18142214285712,20.698070119047028,16.922628875000033,28.40229593023299,33.64117346666706,15.521640789473643,24.289822619047705,18.58119497727236,38.225205087719125,10.316268260869288,30.85819583333297,16.166888333333567
KH,22.1492490022468,25.54294527058712,23.851856266666186,23.36037872156821,22.357726866666496,24.422930333333326,33.278648666666015,25.983076961403132,22.10880839999933,24.87144346666628,34.13168417036987,23.83313752051248,29.128124533333324,23.65393882222184,27.4098342313728,30.06912398518475,23.704087359999512,24.520286866666357,0.0,27.51067738431407,22.574750266665863,24.02584213333312,20.702343866666045,24.84914474594644,22.123757698245733,18.76541903157864,23.34025373333284,37.70770886666634,41.83307469019552,33.50504399130388,23.64118346666665,22.32904819649109,25.540479701960663,24.64738674117623,34.33557620952341,22.145611842856432,21.883896024999974,26.71072991627909,31.807882146666667,28.494526049122367,35.968034133332736,25.367744962120927,38.63957295087697,24.560481759419822,31.73196123103395,25.76555561904742
KR,26.53113959484429,28.96907029411801,25.847355352941875,24.96713982352971,26.54978336470563,28.062276000000857,35.903219352941875,28.300782752323133,21.83906982352953,30.491796435294845,31.770892618736795,20.638592406787,30.96549868500955,24.267867832679624,29.22407199999995,32.84279278649271,19.210171348234976,21.57697152941226,27.51067738431407,0.0,24.658978882353374,20.208740596639064,22.277175729412612,28.26002577583456,26.722851334365377,23.73199768730634,29.120319117648016,37.37042541176528,49.61217123529391,35.82639332992269,28.452564394608416,23.495748888545105,28.86824644117628,30.540454235294,37.13011395798298,26.288488936974904,23.171669625000018,27.997087993159845,30.88333837176543,26.740521235295144,33.23930578431492,24.2768679719252,33.516770402476766,22.03304271099801,29.20093618965516,23.83461517366989
KW,12.090933647939908,21.880340470587637,21.413298999999444,20.104607921568256,18.912379399999757,13.59967900000005,31.17470576470513,23.51225824561341,17.766536666666294,24.65264839999942,32.93272099999941,20.05278049487153,24.52372238709686,17.599001177777506,22.210618450980768,25.330913851851207,19.46511271999958,19.678308333332872,22.574750266665863,24.658978882353374,0.0,18.9018076190473,20.982523066665973,19.432929279279524,19.42009715789442,21.08573399999953,25.341671333332798,37.41321999999968,41.01700745097961,33.7220749999997,21.924933166666644,12.00358736842077,24.11279949019588,21.759124607843003,29.218940666666764,9.811545880952366,9.788371708333258,23.914314341085163,33.39867392000021,23.75759831578881,32.10276114285617,21.27824853787852,39.064187912280296,19.63144013043431,32.10692712068928,18.85719314285683
KZ,21.75938031567652,23.55541607843013,18.49817190476168,16.610198403361206,20.017103152380905,23.45317176190599,35.375088151260314,24.688833759398563,12.859545047619095,23.80730502857114,34.50625161375583,14.598534556410142,27.52760764976918,17.069938598941427,24.87153833893592,30.26942708994632,10.721717908571197,9.723863571428607,24.02584213333312,20.208740596639064,18.9018076190473,0.0,17.71640965714278,24.00772783783877,20.58665393483728,20.74796462155356,24.690633190476348,39.78436166666688,46.85340350140208,37.79999130227675,23.925079851190777,14.970363609022987,26.546655935574112,24.854634414565613,34.11312809523795,20.332150833332765,16.31286895238099,28.42953036544905,32.94718483619098,15.599829122807044,22.292676190476065,16.822472570346203,38.29056939598998,10.377646118012368,30.42434468226572,14.16933619047624
LA,23.058609087639997,24.261504988233877,22.06415926666564,20.876404470588074,21.88119466666647,24.026775400000687,33.769333458822814,24.99371406315741,17.3296946666664,25.71460519999929,33.26380022962864,18.03433083846134,28.79350329032245,20.755208140740468,25.712628129412323,30.78181339259172,17.530810879999628,18.904257666666176,20.702343866666045,22.277175729412612,20.982523066665973,17.71640965714278,0.0,25.26741465945999,22.11641654035106,19.51722393684171,25.00108679999974,37.71479419999964,46.08195199999964,34.87818701739052,24.671829225000184,18.77829122105268,26.569756552941115,25.798878176470406,33.79708085714238,21.90303218571353,19.47947944999981,27.39798605581457,25.281820240000417,23.534685536841607,30.38815335238045,21.130412113636275,36.45644062105232,18.723385330434272,28.455617231034065,20.02901628571423
LB,19.650838791375623,25.940013751987724,22.057971126127224,22.499925405405733,25.04015285945928,21.977600189190227,33.21548883942791,27.47535798008636,23.88341781981991,23.766412378378472,34.02994463963977,25.60626323887717,20.780145876198667,25.07017992632597,21.161239836247976,21.01594468468452,25.47108701405355,24.34124319819953,24.84914474594644,28.26002577583456,19.432929279279524,24.00772783783877,25.26741465945999,0.0,23.213913413940883,24.37488862019911,25.4483460270271,37.95665756756868,42.006040317965706,34.264143620446525,25.255464206081417,22.206380640114748,27.468200426867945,26.07988572496013,24.856140926641533,19.624594662162263,20.21863822972949,26.467826505342696,34.15120355243245,28.3230192460896,37.60023380952501,24.530524375307216,38.97496221194884,24.20747503525364,33.65562620270232,23.33759674388764
LK,18.046576615414853,23.24149141382864,21.00341333333377,19.74934259029928,17.51209408421045,20.923914859649862,31.623274643962816,22.993893508772224,18.87094999999979,22.673442919298427,35.39094794346966,21.217928337516742,27.803482127900388,18.119481660428345,26.753567342621093,29.325074990253004,20.737578588069628,20.990127456140637,22.123757698245733,26.722851334365377,19.42009715789442,20.58665393483728,22.11641654035106,23.213913413940883,0.0,20.04720336842108,23.059411140350957,39.10808842105207,38.82489068111403,33.656019041189616,19.614955482456327,17.562614736842367,23.65446352786366,19.888346985551973,33.233343157894794,17.851961723057684,18.797885368420943,25.64109406772778,33.87662602666667,24.505815789473942,33.22784375939847,22.79418284888329,39.65298636842115,20.657326967963595,33.103779708711194,22.152583308270916
MM,21.370905874630264,23.68081536841995,22.109985508771285,21.55220368420996,19.003196392982257,23.50443215789453,32.98866627863718,23.3973333684205,18.946034912280425,25.356554084210057,33.1153288869392,20.445868322671856,29.02465716128993,20.928294032748298,25.859682356037027,29.86963317348872,19.715059755789085,21.109336192982017,18.76541903157864,23.73199768730634,21.08573399999953,20.74796462155356,19.51722393684171,24.37488862019911,20.04720336842108,0.0,23.419237315789136,36.88990647368397,43.00595377089828,33.59837982379813,21.1184311491226,19.373479789473382,24.282492849845102,23.4451706222908,33.385549969924554,21.027596469924127,19.18510218421037,25.887886533659465,30.99478186736837,25.220221894736035,32.93978553884628,23.44286333851647,37.18841910526335,20.90127067963341,30.474281637930574,21.998680771929443
MN,24.409438101123705,28.95129458823468,20.80461333333292,21.321323823529543,25.20797813333323,26.522012000000803,33.45509411764627,26.43028636842085,22.566291999999684,20.845664999999578,36.81824118518422,25.64322923846133,29.908974580645246,26.32090936296298,30.63728982353025,32.4485408518513,24.65672683999944,25.36312700000009,23.34025373333284,29.120319117648016,25.341671333332798,24.690633190476348,25.00108679999974,25.4483460270271,23.059411140350957,23.419237315789136,0.0,38.979760999999165,41.05901399999901,36.20452343478215,25.68223979166664,24.311291578948016,24.891742529411776,27.706127882352845,35.41586128571383,23.992607642857163,25.18559249999975,28.690300116279605,35.61431792000053,28.44297873684185,37.09295747618928,26.42678784090896,40.633735263158,24.76616869565214,34.704384775861946,27.054532666666532
MO,36.01580898876394,43.0823038235277,37.186561666665725,39.221384705880624,41.54085679999959,36.96163000000069,35.69760882352946,37.0648731578948,39.90657966666652,39.45978259999972,23.502410370369628,38.87869329999989,37.69902354838605,41.55526282962934,41.821227529412056,41.226558148148,40.65347212000026,38.5113816666661,37.70770886666634,37.37042541176528,37.41321999999968,39.78436166666688,37.71479419999964,37.95665756756868,39.10808842105207,36.88990647368397,38.979760999999165,0.0,47.80103823529544,34.811754434782095,39.51912812500029,39.83025552631588,36.71257185294089,42.66868617647074,45.40757571428431,36.813454642855966,39.069134999999285,30.588497558140467,37.89433664000065,42.17196289473704,52.34468238095348,41.67997070454553,29.758400105262524,39.29340804347865,37.11674981034556,42.94886357142901
MV,36.82822535360192,44.80967705882169,41.977505686274114,44.42703529411642,41.80808405097997,37.453483117648126,38.68105294117726,37.56912755418023,46.32082937254857,39.41491875294047,50.08872499999969,46.67740933257847,43.53665043643105,43.52117820653534,47.24443429411779,46.23943527233051,48.33953525176523,45.433442647059934,41.83307469019552,49.61217123529391,41.01700745097961,46.85340350140208,46.08195199999964,42.006040317965706,38.82489068111403,43.00595377089828,41.05901399999901,47.80103823529544,0.0,46.18418205882279,39.61692780637298,42.17466442724425,41.19533629411709,40.830115529411685,48.029336554621125,38.26572300420064,42.4807404632339,39.8292847195616,51.21826077176511,46.522732352942526,58.879346638658994,46.92045559759345,54.10376230650248,46.2739660485951,51.30452578600541,48.66407375350328
MY,31.706743612603677,38.49754892838777,36.1209298405789,36.64121739386113,36.54186756811568,33.77347313043424,28.895896186700178,36.35854550343176,37.70505155072426,37.27390583478212,31.145196766505297,34.48911604180561,34.73012781065853,37.62075725475032,37.82910214322208,37.18448880032172,39.15877779304292,37.57986142028896,33.50504399130388,35.82639332992269,33.7220749999997,37.79999130227675,34.87818701739052,34.264143620446525,33.656019041189616,33.59837982379813,36.20452343478215,34.811754434782095,46.18418205882279,0.0,34.93091439130421,36.17811637299714,33.16394879155999,37.025693682864514,41.722191658384304,33.221135835402954,35.62762221739062,24.239378585439464,34.053293514782574,41.6817954759716,50.02818458592002,38.541374868576696,34.47463614645265,37.93514156521659,36.0793508853069,40.63257490476116
NP,19.79090142322083,22.89105333333332,23.587892708333627,23.61875109068632,18.160383666666757,22.46672716666713,33.896983026961074,20.836783366228417,23.0348565833331,25.760394075000026,36.37970085648112,23.719928128845925,29.38406782930101,19.141959041666457,28.65814975980405,31.05378659722202,24.494018598333067,24.093187500000248,23.64118346666665,28.452564394608416,21.924933166666644,23.925079851190777,24.671829225000184,25.255464206081417,19.614955482456327,21.1184311491226,25.68223979166664,39.51912812500029,39.61692780637298,34.93091439130421,0.0,21.101679287281144,25.10673236029381,20.97207250735284,34.70487886904774,19.603292410714374,21.60536187499997,27.04525579941897,35.18113695666698,27.583925603070448,37.12679077380945,26.014830867424237,40.03941066228085,24.02200971920305,34.19182628160904,25.54929101190518
OM,14.379000005913376,19.830971609906847,19.832670526316043,18.173980464396383,14.82800335438592,14.514694473684392,33.15264362229076,22.44121000000025,12.627196912280594,24.04895503157876,35.129612875243254,16.825170829554384,27.384981629880976,13.2001487021438,23.883794919504865,28.614091637426352,14.086658471578495,15.960589912281105,22.32904819649109,23.495748888545105,12.00358736842077,14.970363609022987,18.77829122105268,22.206380640114748,17.562614736842367,19.373479789473382,24.311291578948016,39.83025552631588,42.17466442724425,36.17811637299714,21.101679287281144,0.0,25.0515921455108,19.31267584829705,31.52176593985016,12.150285657894903,9.162491664473436,26.129302154223105,33.808432616842296,19.63110000000034,27.01678666666723,18.844767489234325,39.77598542105246,15.21024618993166,32.07065630943682,14.604410426065632
PH,22.420881993720982,29.72204979411735,25.963387372549,25.873211411764476,25.784057411764547,25.89303438235286,30.705459323529105,25.861198235294054,25.05311730392117,26.938107400000067,34.142624215686,23.998473629864087,30.8195946157492,26.19204521045727,31.700152676470644,33.814965751633835,26.175697835293796,26.872732264705625,25.540479701960663,28.86824644117628,24.11279949019588,26.546655935574112,26.569756552941115,27.468200426867945,23.65446352786366,24.282492849845102,24.891742529411776,36.71257185294089,41.19533629411709,33.16394879155999,25.10673236029381,25.0515921455108,0.0,27.084067647058674,37.298930861344246,22.95920804201661,24.641466867646887,24.46146954582742,34.16576993647045,30.1428924318883,38.03632567787057,27.74326720454521,38.44007203250767,26.16406502173882,34.0796488823528,28.3526351400559
PK,17.593355643754016,22.17858817647016,24.746536588235006,23.8670668235291,18.56641907843136,21.383901941176568,35.09468005882303,25.223966625386783,22.63588211764684,26.95445954117652,38.853251021786335,25.10471041945665,30.96232485199188,19.369006636601057,28.711364941176345,31.880991130718566,24.471210548234865,24.85132231372516,24.64738674117623,30.540454235294,21.759124607843003,24.854634414565613,25.798878176470406,26.07988572496013,19.888346985551973,23.4451706222908,27.706127882352845,42.66868617647074,40.830115529411685,37.025693682864514,20.97207250735284,19.31267584829705,27.084067647058674,0.0,35.09890271428559,19.83496070168045,19.22921137499988,29.11357024213365,37.07318563294117,28.068100541795225,36.665778389355296,25.48743151203192,42.8422652198142,24.21302999999977,36.20069961561824,25.065920490195783
PS,30.47203444622783,33.54730235293959,32.0110526190468,32.60273193277321,34.14750790476162,31.29714242857291,41.57226596638599,36.69357225563889,33.707061047618815,34.2319702285708,41.22797076719483,35.10131392197758,27.2893747004606,34.76557026137524,24.20091022689093,21.067780423279935,35.20770052571397,34.18142214285712,34.33557620952341,37.13011395798298,29.218940666666764,34.11312809523795,33.79708085714238,24.856140926641533,33.233343157894794,33.385549969924554,35.41586128571383,45.40757571428431,48.029336554621125,41.722191658384304,34.70487886904774,31.52176593985016,37.298930861344246,35.09890271428559,0.0,29.690095357141917,29.25819367857061,35.55722272425215,40.24711042857181,38.169547142856615,46.09064476190261,34.24201549675305,44.398053917293325,33.27219400621121,39.90918831773457,30.142346666667223
QA,9.502573824237578,21.221271197478323,20.746823690475583,19.693797542016583,17.639654014285544,11.192587928571598,29.83439094537737,22.391332161653477,18.475411976190017,23.09713161428516,33.08274697089847,21.2865295384612,24.257587707372988,17.42161987354482,23.57289270168072,25.94684633597813,20.99986584857058,20.698070119047028,22.145611842856432,26.288488936974904,9.811545880952366,20.332150833332765,21.90303218571353,19.624594662162263,17.851961723057684,21.027596469924127,23.992607642857163,36.813454642855966,38.26572300420064,33.221135835402954,19.603292410714374,12.150285657894903,22.95920804201661,19.83496070168045,29.690095357141917,0.0,12.104702535714084,22.71663549003341,33.41520124857159,24.380979868419917,33.675253452379124,22.17814867207779,38.855000071427945,20.33495709627281,32.69335165024577,20.24844464285659
SA,12.944860341291816,19.60629989705843,20.626326083332863,19.07938143382314,16.49051985833351,15.407291000000113,32.472186272057975,23.33083006578901,14.53795166666672,24.594181624999703,34.05494737962915,17.33589247115372,25.092996774193036,14.839364446296196,20.89652255147068,25.594201662036696,15.29547579499984,16.922628875000033,21.883896024999974,23.171669625000018,9.788371708333258,16.31286895238099,19.47947944999981,20.21863822972949,18.797885368420943,19.18510218421037,25.18559249999975,39.069134999999285,42.4807404632339,35.62762221739062,21.60536187499997,9.162491664473436,24.641466867646887,19.22921137499988,29.25819367857061,12.104702535714084,0.0,25.64576592441781,33.056970605000366,20.69038392763113,28.206510017856427,18.666732511363595,39.05548301973659,16.43572077717403,31.624939624999683,14.635314732143051
SG,21.33380491507705,30.99679540355688,27.091992751938363,27.776840807113626,28.27174117674385,24.036970627907557,26.313438317373816,27.72832189718516,27.078765441860504,28.638388725582047,25.603745826873123,27.04337106171696,27.188410555138574,28.14779485546893,31.835644545827552,31.50131490956035,29.16765377674312,28.40229593023299,26.71072991627909,27.997087993159845,23.914314341085163,28.42953036544905,27.39798605581457,26.467826505342696,25.64109406772778,25.887886533659465,28.690300116279605,30.588497558140467,39.8292847195616,24.239378585439464,27.04525579941897,26.129302154223105,24.46146954582742,29.11357024213365,35.55722272425215,22.71663549003341,25.64576592441781,0.0,31.14617721674436,32.483884430845094,41.54146440752933,29.611054871564463,31.512645616890804,28.547957861476725,31.77128905092187,31.58579176079795
TH,32.83160271550549,36.91682111294128,33.64139801333379,33.75254784000036,34.99850157333323,34.844041360000475,38.70286319294151,36.237761732631945,33.4513881066668,36.44384592000052,33.02981091851849,30.94533638615384,33.42055581806494,34.79088879111124,35.01681880235313,35.88866401629619,32.9933704800004,33.64117346666706,31.807882146666667,30.88333837176543,33.39867392000021,32.94718483619098,25.281820240000417,34.15120355243245,33.87662602666667,30.99478186736837,35.61431792000053,37.89433664000065,51.21826077176511,34.053293514782574,35.18113695666698,33.808432616842296,34.16576993647045,37.07318563294117,40.24711042857181,33.41520124857159,33.056970605000366,31.14617721674436,0.0,38.03719333263223,45.23089628381016,33.80776883181825,34.43071235157887,32.995914420870044,30.94609167931031,35.603152607619435
TJ,25.53005801892329,26.971898390090963,22.715643421051965,21.50752430340532,23.714358659649108,27.033520473685837,36.33701501547994,26.172760526315805,17.734297684210386,27.414836252631027,39.406414259258526,20.44152223198341,31.72586852291976,20.94929672475583,29.54945841176525,34.516283606236684,16.897112808420715,15.521640789473643,28.494526049122367,26.740521235295144,23.75759831578881,15.599829122807044,23.534685536841607,28.3230192460896,24.505815789473942,25.220221894736035,28.44297873684185,42.17196289473704,46.522732352942526,41.6817954759716,27.583925603070448,19.63110000000034,30.1428924318883,28.068100541795225,38.169547142856615,24.380979868419917,20.69038392763113,32.483884430845094,38.03719333263223,0.0,28.06272130325784,22.533638929425543,43.20020068421072,15.400914244850904,35.72761546914746,19.2678496741854
TM,34.8039112734074,35.57177630251788,32.81296428571275,30.000828207282357,31.65398810476176,36.71832023809674,47.92670714285879,37.42002243107779,22.684464380952157,36.89757866666616,46.842405105819225,26.69717869487124,41.35411904761663,29.022644597882785,37.64444514565861,42.82122719576618,21.437226537142116,24.289822619047705,35.968034133332736,33.23930578431492,32.10276114285617,22.292676190476065,30.38815335238045,37.60023380952501,33.22784375939847,32.93978553884628,37.09295747618928,52.34468238095348,58.879346638658994,50.02818458592002,37.12679077380945,27.01678666666723,38.03632567787057,36.665778389355296,46.09064476190261,33.675253452379124,28.206510017856427,41.54146440752933,45.23089628381016,28.06272130325784,0.0,28.597624176406487,50.03438372180511,24.25094963768053,42.97040696962331,24.724876190476035
TR,22.63263013151144,25.58044124197817,21.93414275000004,16.36102900133657,22.046385504545366,24.643215750000216,35.943259378341644,26.96641924999971,17.25463109848472,25.32726093181813,36.416455527777615,19.050807624825005,28.162540343841588,20.048657739562167,25.876417843583084,30.228377618686487,16.89229430454541,18.58119497727236,25.367744962120927,24.2768679719252,21.27824853787852,16.822472570346203,21.130412113636275,24.530524375307216,22.79418284888329,23.44286333851647,26.42678784090896,41.67997070454553,46.92045559759345,38.541374868576696,26.014830867424237,18.844767489234325,27.74326720454521,25.48743151203192,34.24201549675305,22.17814867207779,18.666732511363595,29.611054871564463,33.80776883181825,22.533638929425543,28.597624176406487,0.0,39.81023826196192,17.75196497529612,32.03765843338552,19.208539715367763
TW,37.88333828681245,42.19309260371445,38.60349714035048,39.33942186687256,41.10686198245618,39.42836621052663,41.80969296904056,40.54007426315784,39.10701492982447,41.228369042105214,22.85148229239722,37.22534385870414,37.315153149405646,40.54261068693961,40.14993921981433,40.058553522417256,38.47136498315803,38.225205087719125,38.63957295087697,33.516770402476766,39.064187912280296,38.29056939598998,36.45644062105232,38.97496221194884,39.65298636842115,37.18841910526335,40.633735263158,29.758400105262524,54.10376230650248,34.47463614645265,40.03941066228085,39.77598542105246,38.44007203250767,42.8422652198142,44.398053917293325,38.855000071427945,39.05548301973659,31.512645616890804,34.43071235157887,43.20020068421072,50.03438372180511,39.81023826196192,0.0,38.35679787185358,34.06329718058054,41.49361257393523
UZ,21.67281748168015,23.5447171483362,17.620481956521438,15.810045051150668,19.92284405507237,22.662443217392397,34.52413037084381,23.97877076659026,13.781946014492725,23.479239678260388,35.055613123992785,15.843156139464767,27.61905349929814,17.332927115619462,25.280203892583632,30.42941148953211,12.737231719999752,10.316268260869288,24.560481759419822,22.03304271099801,19.63144013043431,10.377646118012368,18.723385330434272,24.20747503525364,20.657326967963595,20.90127067963341,24.76616869565214,39.29340804347865,46.2739660485951,37.93514156521659,24.02200971920305,15.21024618993166,26.16406502173882,24.21302999999977,33.27219400621121,20.33495709627281,16.43572077717403,28.547957861476725,32.995914420870044,15.400914244850904,24.25094963768053,17.75196497529612,38.35679787185358,0.0,30.85835194677633,15.197949120082724
VN,32.26955639422676,34.93577939046585,32.50976267241348,32.57162135395508,33.66007481034472,34.0427624310346,39.434057518256,34.581976699636975,31.63389559195373,36.39443907931019,32.53583281800708,29.317602631299334,33.3778096012233,32.6072961416345,32.63894242292092,35.515887170497564,30.866266559309853,30.85819583333297,31.73196123103395,29.20093618965516,32.10692712068928,30.42434468226572,28.455617231034065,33.65562620270232,33.103779708711194,30.474281637930574,34.704384775861946,37.11674981034556,51.30452578600541,36.0793508853069,34.19182628160904,32.07065630943682,34.0796488823528,36.20069961561824,39.90918831773457,32.69335165024577,31.624939624999683,31.77128905092187,30.94609167931031,35.72761546914746,42.97040696962331,32.03765843338552,34.06329718058054,30.85835194677633,0.0,33.004872417898106
YE,22.70329328517893,22.622119663864385,22.34567095238033,20.325427815125877,19.78291338095228,24.071374523810945,37.49533128851565,25.97086614035086,13.230435333333403,26.93226750476178,37.79223182539623,16.78006180549431,27.767094915514164,17.66062314497307,21.341289644257884,27.70132476190397,12.688335017142585,16.166888333333567,25.76555561904742,23.83461517366989,18.85719314285683,14.16933619047624,20.02901628571423,23.33759674388764,22.152583308270916,21.998680771929443,27.054532666666532,42.94886357142901,48.66407375350328,40.63257490476116,25.54929101190518,14.604410426065632,28.3526351400559,25.065920490195783,30.142346666667223,20.24844464285659,14.635314732143051,31.58579176079795,35.603152607619435,19.2678496741854,24.724876190476035,19.208539715367763,41.49361257393523,15.197949120082724,33.004872417898106,0.0
