ISO_CODE,AO,BF,BI,BJ,BW,CD,CF,CG,CI,CM,CV,DJ,DZ,EG,ER,ET,GA,GH,GM,GN,GQ,GW,KE,KM,LR,LS,LY,MA,MG,ML,MR,MU,MW,MZ,NA,NE,NG,RE,RW,SC,SL,SN,SO,SS,ST,SZ,TD,TG,TN,TZ,UG,YT,ZA,ZM,ZW
AO,0.0,9.098623805916317,8.51610535714285,7.942945487012961,12.57018797351517,7.614160654761903,10.896726266233763,8.153489007936445,8.451902096273274,8.061326071428567,8.48654321428573,10.51922043650793,11.96287102380947,13.38540712162158,11.40367852787456,8.736357976190392,8.796100595238057,9.225139722222172,9.122155198412688,8.879873373015837,10.74513665750916,9.192321291208764,9.522651554325916,9.750875357142837,8.845065542328031,9.686845587557574,16.342821571428576,11.843270000000022,9.037803452380963,9.128731964285702,9.60305686507936,15.045686880952283,8.277894967532411,6.396687214285714,10.32349202380954,9.863520760869523,9.1141614785714,13.01086369047615,8.466044438775498,15.592977370129846,11.042919957627117,8.56061379464285,11.134363809523837,12.28528750000001,10.110937697044308,9.479853611111084,9.873638598901085,8.070992200460816,15.361843184104526,9.85990249999998,8.949245948275813,11.082100490033234,8.474854071428538,8.694394642857107,8.62993426691727
BF,9.098623805916317,0.0,6.500393282828256,4.769614646464657,12.661048791283552,5.526050214646469,8.236038383838405,5.380504184704155,4.690831684233609,5.213300656565638,10.4324741010101,8.00768333333335,10.260125906204827,12.011638632814597,9.602254372998264,6.973596174242348,5.351466161616119,7.855621952861915,6.631683838383856,5.328330555555526,9.13822773892772,8.059485547785552,7.61796474178406,7.669474963924968,6.553039057239056,7.845121016617769,14.762078722222164,10.431901790404064,7.794900663780667,5.525567095959605,6.351771717171718,13.761907555555451,6.84664621212119,7.922172272727295,8.7639382323232,5.394898199385157,6.82900194696966,11.597111616161513,6.344602638631214,14.369259595959496,9.896338983050798,5.339945785984828,8.890965075757586,10.47603116161613,9.891351201671856,7.726689898989919,7.197977777777778,5.093479341805144,14.429866761985917,7.628083795093801,8.041992633228752,8.844786070002334,7.087030714794975,7.8204326262625825,6.688245816055293
BI,8.51610535714285,6.500393282828256,0.0,5.517013181818161,11.962265056179696,5.420287083333338,7.499410454545394,5.590096428571372,6.171343478260858,5.740623125000006,9.382170999999977,7.567308888888813,10.609262523809468,12.589931999999983,9.22790829268286,6.1271845833333165,6.068848333333276,7.762165185185156,5.844527222222224,6.181476111111066,8.850311794871738,7.544807692307586,7.104428309859174,7.133727142857079,5.911183888888864,6.829273387096707,14.994880999999982,10.96196825,7.031269047619038,7.324453749999995,6.82511499999997,13.813242999999868,5.663623181818137,7.13021499999998,8.605978333333269,6.581561739130417,6.623319749999984,11.941826666666625,5.330172040816323,14.01588348484853,9.22908644067794,6.688937812500014,8.196619166666682,9.272409999999898,9.535634482758551,6.807176666666596,7.225498461538373,5.096403387096755,15.114641126760452,6.945991666666659,7.043835689655106,9.136337674418524,6.610836294117627,7.378047222222157,6.22897842105261
BJ,7.942945487012961,4.769614646464657,5.517013181818161,0.0,12.439746629213415,4.58467329545454,7.411769999999959,5.056176176046137,3.9940293873517128,4.578928579545437,9.674144545454544,6.922296969696926,9.902527303030228,11.871141685503655,7.393319002217215,5.195325075757522,5.254936363636323,6.892632087542044,5.479001010100991,5.31997065656561,7.128949347319264,6.206901188811122,6.685031498079365,5.729564935064872,5.750016329966298,6.586064193548327,14.892031863636326,9.95249746590907,7.223593030302994,5.296978181818173,5.726846767676762,13.723699818181746,5.016744090909038,7.0292148181818135,8.308117121212046,5.197792687747016,5.658554159090871,11.12893719696966,4.518110964749519,13.622899696969688,9.794383312788884,4.563683835227249,8.250264621212118,9.977045909090858,8.237515956112775,6.125920707070644,5.992167342657291,3.1885694721407485,14.609779052496686,6.257721125541091,7.44158231974912,7.482581458773712,5.591497117647008,7.191743939393868,5.625587320574122
BW,12.57018797351517,12.661048791283552,11.962265056179696,12.439746629213415,0.0,11.9470778885767,14.38192288049017,12.007147619047531,12.43290140937956,11.305285624999986,13.362900269662871,14.754059737827562,14.497869268592757,15.288025737017906,16.24711921074244,12.478915702247065,12.061844177732336,9.50889355389089,12.451194319600464,12.031819282147309,15.776951541342314,14.89356750216058,11.58162141952836,14.82372688603512,11.813283187682009,10.741775099673722,17.342376022471825,14.865021155898908,10.339971813804151,13.125865042134798,13.552111922596628,14.800861827715242,11.878080362614805,10.983269730337089,10.723652228464346,13.243271030776665,11.028279653370747,15.01630234082386,12.35684652602604,17.663239019407406,10.088928261283534,13.21093824789325,13.86980663857675,12.029750280898815,15.77274219294823,11.75961485642934,14.560505358686065,12.2562808263863,16.751735200189753,11.382246795077563,9.295730418442371,15.540566239874384,11.172946923331107,9.335246516853934,10.627105807214576
CD,7.614160654761903,5.526050214646469,5.420287083333338,4.58467329545454,11.9470778885767,0.0,7.254310568181808,3.856974583333301,4.893443097826045,4.471573541666646,10.075764416666646,7.4390845833332975,10.32938953571421,12.116379610360315,8.59082814024385,5.524344583333287,5.585669962121178,7.0799943055555055,6.222319583333332,5.72260763888885,7.80045221153842,7.189334070512784,6.867623397887318,6.635954821428547,6.200770694444428,6.793759744623628,14.949275749999918,10.506071916666668,6.715616249999982,6.080106250000001,6.229499861111108,14.285765416666578,5.321255643939361,6.5675190833333446,8.731492916666603,6.198156431159411,6.024524966666627,12.111166249999911,5.347305756802718,14.234047840908936,9.460811956214611,5.468366562500007,8.36575374999999,9.594892083333322,9.084118117816011,6.482762361111082,6.7048488141025375,4.412605309139784,14.72901447769941,6.566555654761891,6.709803979884992,8.588383226744135,6.326961857843102,6.953619583333289,5.62160190789473
CF,10.896726266233763,8.236038383838405,7.499410454545394,7.411769999999959,14.38192288049017,7.254310568181808,0.0,7.626587590187531,7.7119506126482,7.528918806818185,11.465898909090926,8.221415656565686,12.208806480519383,14.152729356265288,11.079742128603142,8.307886287878675,8.02751060606054,9.868373265993156,8.108016161616204,8.163437222222154,10.35080582750586,8.309169930069926,9.279071843789955,8.39818376623378,8.521406397306436,9.096777126099695,16.50437836363631,12.498847784090904,9.326698787878794,8.844699772727278,8.490549999999992,15.37799175757558,8.193015909090885,9.606846636363684,10.926068636363636,8.238186956521758,8.594394568181773,13.706233712121142,7.719008905380367,13.902518181818245,11.797244375962997,8.1570012784091,10.122292954545465,10.479634999999956,10.654108777429506,8.3650565656566,8.047991608391593,7.218432551319658,16.326212509602914,9.12930835497832,9.577513824451309,9.8477917547569,9.074022903743282,9.924354444444402,8.518545741626752
CG,8.153489007936445,5.380504184704155,5.590096428571372,5.056176176046137,12.007147619047531,3.856974583333301,7.626587590187531,0.0,5.217910424430579,4.833247063492003,9.856278730158673,7.662788095238015,10.4022933809523,12.373159778635712,9.52831935733632,6.439268115079262,4.97758694083688,7.717080052909981,6.450738888888869,5.497189761904688,8.740400366300246,7.755715384615274,7.615125376704622,7.20142936507928,6.428084126984078,7.097605632360384,14.975588730158655,10.7499073928571,6.828275238095171,6.121985218253911,6.345217460317402,13.910539682539564,6.036432503607404,7.083508555555504,8.7789523015872,5.985062525879882,6.747169016666601,11.90147817460304,5.911751927437606,14.425658730158617,9.364695399515682,5.831033576388835,8.792696706349162,9.897512301587216,9.60404220032829,7.032506349206256,7.047120146520047,4.625064874551932,14.787182099262116,7.460975555555505,7.391383683634266,8.94938726467321,6.776362516339797,7.430720317460233,6.369562456140273
CI,8.451902096273274,4.690831684233609,6.171343478260858,3.9940293873517128,12.43290140937956,4.893443097826045,7.7119506126482,5.217910424430579,0.0,4.174660923913015,9.79146586956525,7.636493405797057,9.588460708074454,11.545983954171527,8.783282985153713,6.2207538768115125,5.091382140974909,7.117985209339737,6.245872681159377,4.931842898550669,8.310657408026703,7.280710083611998,6.895899721371691,6.85820593167696,6.322039299516855,7.312313695652124,14.278990891304366,9.76785811956521,7.197005517598335,5.406916249999992,6.229491425120758,13.214815144927536,6.218572845849732,7.277217173913065,8.56025565217388,5.566338913043441,5.917490123913002,11.025680362318822,5.7373925421472505,13.783502681159414,10.055241263817232,4.657281562499969,8.465790253623185,10.181297826086968,9.0849800524737,7.039341086956463,6.938933461538405,4.4751073562411765,13.97684648805868,6.61086907867491,7.424018868065914,8.026620854398345,6.3294336163682425,7.721577125603807,6.323374336384403
CM,8.061326071428567,5.213300656565638,5.740623125000006,4.578928579545437,11.305285624999986,4.471573541666646,7.528918806818185,4.833247063492003,4.174660923913015,0.0,9.397224000000028,7.615141458333317,9.64249377976186,11.660018074324292,8.737044024390267,5.56358416666665,4.868681060606019,6.722106365740717,5.929862916666656,5.077298819444413,8.037735993589767,7.455942596153863,6.659055651408454,7.03128446428572,6.415832476851825,6.620138084677409,14.232145250000036,9.814571250000004,6.289882083333301,5.690278125000002,6.322716180555553,13.49347504166661,6.05198454545453,6.468467874999998,8.183788541666631,5.977708695652161,5.440228599999982,11.417977083333309,5.274175931122456,13.653085511363685,9.15280360169489,5.192525312500026,7.868403541666651,9.613993125000002,9.27035683189657,6.525075555555543,7.00622192307692,4.664227600806435,14.216098600351987,6.3202119047619325,6.543132112068924,8.463019825581418,6.153043999999996,6.629002708333289,5.619222401315777
CV,8.48654321428573,10.4324741010101,9.382170999999977,9.674144545454544,13.362900269662871,10.075764416666646,11.465898909090926,9.856278730158673,9.79146586956525,9.397224000000028,0.0,11.071941111111082,12.298897761904714,13.850728648648616,13.360276390243833,10.64612658333328,9.61362175757572,10.826005555555492,10.050383777777778,9.704264777777793,12.891016307692238,10.341053846153802,11.228671690140787,11.326711714285654,10.175629481481485,10.536332903225796,16.395198999999963,12.205665750000016,10.021671809523829,10.505284500000045,10.913084888888822,14.339823999999927,10.4869733636363,8.469504999999993,10.976518333333264,10.62844921739125,10.37246505000001,12.654380666666569,9.916588081632634,15.336632848484715,12.127577762711889,10.535147312500037,11.937049166666691,12.214152999999884,11.473437655172347,10.506998666666652,11.36630461538457,9.73878451612904,15.71238847887308,11.127105523809524,10.931343241379285,11.855354139534812,10.092034529411809,10.736451333333358,10.406596842105216
DJ,10.51922043650793,8.00768333333335,7.567308888888813,6.922296969696926,14.754059737827562,7.4390845833332975,8.221415656565686,7.662788095238015,7.636493405797057,7.615141458333317,11.071941111111082,0.0,10.501540111111002,12.391967171171077,9.620340785907912,7.3642888888887805,7.863447474747396,10.159263333333234,6.944383333333346,7.892028333333233,9.370297863247895,7.4972747863248,9.359232237871616,7.031280952380971,8.427431481481495,8.87653745519712,15.277696388888838,10.818726111111074,9.44633380952378,7.9436536111110785,7.066699999999978,14.53796333333319,7.698235101010065,9.629146666666678,10.718201666666646,7.196841787439623,8.673469049999936,12.728062499999895,7.15604523809526,14.456292424242434,11.826009133709944,7.197890243055539,8.23356805555554,10.59213499999995,10.27530287356324,7.970238888888927,6.826506410256418,6.9315808243727615,14.832801971830824,9.008771269841215,9.8015153256704,8.604371188630532,8.135079052287509,10.050978888888832,8.274888713450242
DZ,11.96287102380947,10.260125906204827,10.609262523809468,9.902527303030228,14.497869268592757,10.32938953571421,12.208806480519383,10.4022933809523,9.588460708074454,9.64249377976186,12.298897761904714,10.501540111111002,0.0,8.842483612612583,13.472926177700216,10.707767607142792,9.983839406926329,11.26933563492056,10.628009698412637,9.639164761904702,13.182241417582274,11.80808877289366,11.20428361166994,11.46148890476179,11.016118629629544,11.775771875575948,9.836647499999986,7.060547154761867,10.579897761904691,10.107573488095182,8.739853777777746,14.299520619047533,11.052176320346216,10.606976666666634,11.876083619047549,10.244979215320845,10.383511264285668,13.41917938095232,10.793678659863849,16.046825225108133,12.929526202582652,9.806884877976142,10.660559357142786,13.032245619047542,13.329534136288872,11.587753539682431,11.460947498168368,10.437181620583653,9.511559877263531,11.446837476190415,11.178940996715852,11.659429943521484,10.307237176470544,11.484017380952304,10.771674563909691
EG,13.38540712162158,12.011638632814597,12.589931999999983,11.871141685503655,15.288025737017906,12.116379610360315,14.152729356265288,12.373159778635712,11.545983954171527,11.660018074324292,13.850728648648616,12.391967171171077,8.842483612612583,0.0,14.512091735003224,12.36271463288282,11.897288728910665,12.891184982982908,12.511494984984944,11.716138393393347,14.544578493416436,13.51741296049889,12.553056011419782,13.190152494208425,12.595912406406342,13.219647907584934,11.124003932432451,9.809338486486446,12.608110849420807,12.257673641891865,11.003042390390323,14.830805513513488,12.462042105651047,12.310519810810796,13.185868513513462,12.193652658049308,12.169419085135088,14.512318315315293,12.496644912299969,17.086727416871465,14.800600080622932,11.845675978040456,12.394056995495436,14.77887245945944,14.722134128611296,13.34539639639631,13.14361048648642,12.414728184829915,11.042450293109964,12.793373603603571,12.738535163094069,13.24526428158384,11.524486790143026,12.818980846846804,12.507738611664278
ER,11.40367852787456,9.602254372998264,9.22790829268286,7.393319002217215,16.24711921074244,8.59082814024385,11.079742128603142,9.52831935733632,8.783282985153713,8.737044024390267,13.360276390243833,9.620340785907912,13.472926177700216,14.512091735003224,0.0,6.715280243902328,10.00294016999251,10.5985137217704,8.05537940379404,9.501796084010774,6.364890556597857,7.707690431519653,9.861662201992376,6.565757317073142,8.909257633242984,8.981762155782807,18.20888176829262,13.540958240853676,11.178975516840833,9.272549207317088,8.486911178861746,17.273707934959152,7.356178104212795,10.337266512195209,11.607520284552791,9.409953658536518,8.93745390365852,15.083504674796606,6.330059382777483,15.812179600886784,13.415888755684165,8.273608285061,10.01000721544713,12.838759146341344,9.04258116063914,8.134312195121977,8.157241838649117,7.7783053501180275,17.97311369632413,8.499778420441283,10.506888839360698,9.195310833805983,8.409063639885144,10.34185883468827,8.240620693196334
ET,8.736357976190392,6.973596174242348,6.1271845833333165,5.195325075757522,12.478915702247065,5.524344583333287,8.307886287878675,6.439268115079262,6.2207538768115125,5.56358416666665,10.64612658333328,7.3642888888887805,10.707767607142792,12.36271463288282,6.715280243902328,0.0,6.93994337121205,7.125675462962906,5.022313055555503,6.726730833333247,6.994171602563982,6.713853333333224,6.397771414319231,6.139856964285612,6.568265185185107,6.064202419354761,15.386325166666651,10.783124708333329,7.519470416666584,6.774638333333311,6.234281666666596,15.01206808333322,4.967001363636295,7.191855249999988,8.965284166666537,6.824640688405699,5.648596799999986,12.959434999999909,3.9063826445578154,14.538705871212,9.691508608756946,5.946602395833315,7.417645833333287,9.582291249999928,8.75677228448261,5.595739444444358,6.691648173076805,5.030835900537571,15.580102946009283,5.531888035714252,6.779456939655069,8.436954767441733,5.875622651960755,7.006295555555463,4.968650109649078
GA,8.796100595238057,5.351466161616119,6.068848333333276,5.254936363636323,12.061844177732336,5.585669962121178,8.02751060606054,4.97758694083688,5.091382140974909,4.868681060606019,9.61362175757572,7.863447474747396,9.983839406926329,11.897288728910665,10.00294016999251,6.93994337121205,0.0,7.973693299663238,6.649445454545434,5.840956515151445,9.144843939393832,8.096969114219,7.448540042680309,7.744204761904676,6.916303535353485,7.65597766373402,14.6856464090909,10.216582219696924,7.200319956709932,6.413053257575717,6.746372474747408,13.151653878787808,6.67267651515142,7.6606629090908465,8.438504090908985,6.172282938076389,6.889223492424188,10.870770454545369,6.3489831478045184,14.069053030302952,9.856646404725153,5.832289138257544,8.866988409090855,10.323971060605992,10.045600783698951,7.639491414141316,7.466658391608279,5.174973167155387,14.402251609048111,7.700566450216422,7.799972622779406,8.840655567300827,6.961768568627408,7.663193838383748,6.669252105263097
GH,9.225139722222172,7.855621952861915,7.762165185185156,6.892632087542044,9.50889355389089,7.0799943055555055,9.868373265993156,7.717080052909981,7.117985209339737,6.722106365740717,10.826005555555492,10.159263333333234,11.26933563492056,12.891184982982908,10.5985137217704,7.125675462962906,7.973693299663238,0.0,7.353705185185135,7.447658703703661,10.663894131053986,9.847143247863135,6.9686114501825385,9.741417566137436,6.89166592592587,7.030633178016679,15.061074351851856,11.438638041666618,6.484491058201014,7.883214212962927,8.79497259259256,14.743579481481332,7.185667020201947,7.504353037037006,8.864261666666591,8.208655233494285,5.022478064814776,13.348313611111028,7.145609455782268,14.86885986531972,7.292894456999316,7.995113738425898,9.45445805555552,8.262209814814772,11.270827151979413,7.64445592592585,9.445351196581084,7.019010358422907,15.418299420970175,6.023227460317423,5.243309744572115,10.886017691644978,7.796308590413899,6.367260740740693,6.190258167641297
GM,9.122155198412688,6.631683838383856,5.844527222222224,5.479001010100991,12.451194319600464,6.222319583333332,8.108016161616204,6.450738888888869,6.245872681159377,5.929862916666656,10.050383777777778,6.944383333333346,10.628009698412637,12.511494984984944,8.05537940379404,5.022313055555503,6.649445454545434,7.353705185185135,0.0,6.225382777777732,7.83494145299146,6.783299145299141,7.128069640062577,6.255742063492072,6.317340740740755,6.162862186379928,15.328798888888883,10.82433348611111,7.647899523809495,6.647794583333294,6.074875000000024,14.176565111111072,5.228299747474747,7.712452444444445,8.852379444444376,5.91387391304349,6.07325500555551,12.415936111111076,4.366149886621344,14.507031818181767,9.0371549905838,5.6108439236111085,7.506084166666665,9.236781666666664,9.354611685823766,5.971077777777794,6.561641452991451,4.9271578853046565,15.177054147104718,6.217175873015858,7.328079578543967,8.468295348837184,6.485488254901917,7.677648888888844,5.549949122807013
GN,8.879873373015837,5.328330555555526,6.181476111111066,5.31997065656561,12.031819282147309,5.72260763888885,8.163437222222154,5.497189761904688,4.931842898550669,5.077298819444413,9.704264777777793,7.892028333333233,9.639164761904702,11.716138393393347,9.501796084010774,6.726730833333247,5.840956515151445,7.447658703703661,6.225382777777732,0.0,9.318523974358886,8.23785132478623,7.57842553208135,7.898856904761804,6.209897222222171,7.772807580645068,14.080513777777782,9.906627305555505,7.148739761904724,4.816044166666621,6.432859444444401,13.347287666666675,7.010459595959496,7.318648555555518,8.753049999999918,5.229458623188349,6.454245072222151,12.031509444444453,6.399606428571379,14.241569646464676,9.3098255649717,5.22904253472217,7.597944166666656,9.90778666666664,10.107905306513349,7.794662777777671,7.346786282051171,5.428059157706056,14.133022902973298,6.869615158730106,7.464510632183823,8.867226679586485,7.371855856209091,7.649638333333268,6.755287514619817
GQ,10.74513665750916,9.13822773892772,8.850311794871738,7.128949347319264,15.776951541342314,7.80045221153842,10.35080582750586,8.740400366300246,8.310657408026703,8.037735993589767,12.891016307692238,9.370297863247895,13.182241417582274,14.544578493416436,6.364890556597857,6.994171602563982,9.144843939393832,10.663894131053986,7.83494145299146,9.318523974358886,0.0,7.295964102564047,9.81232681473448,6.301676373626346,9.157143019943,8.73714946236553,18.13175735897429,13.062147089743595,10.394492893772837,9.164439647435914,8.367901923076873,17.28655333333312,7.120308216783148,9.851651794871868,11.503561153846087,9.156480156075755,8.92634409871793,14.4809304487178,6.379458346415465,15.64584149184135,13.074959973924384,7.8720474919871855,10.711836474358943,13.081238333333198,9.062344827586148,7.859369230769252,7.789428205128146,7.131190239867649,17.946590563380123,8.795899963369894,10.497027418213882,9.03248598688129,8.248524273001419,10.239335384615323,7.838997192982376
GW,9.192321291208764,8.059485547785552,7.544807692307586,6.206901188811122,14.89356750216058,7.189334070512784,8.309169930069926,7.755715384615274,7.280710083611998,7.455942596153863,10.341053846153802,7.4972747863248,11.80808877289366,13.51741296049889,7.707690431519653,6.713853333333224,8.096969114219,9.847143247863135,6.783299145299141,8.23785132478623,7.295964102564047,0.0,9.044827508125636,5.176365384615341,8.005714245014227,8.201508933002414,16.86290919230764,12.094661259615384,9.600877435897385,8.10405019230767,7.476103632478609,15.641108820512658,6.885012062936992,8.399228615384622,10.548766282051224,7.967504347826082,8.349667449999956,13.334266987179369,5.912402354788053,14.26185501165496,11.878142503259433,7.022859014423077,9.849913910256392,11.356863461538346,7.605320424403121,7.185735042735033,6.624038461538409,6.302328287841174,16.423460054171006,8.343227838827795,9.561227559681589,7.954569230769165,7.418177995475045,9.618984615384536,7.64948615384606
KE,9.522651554325916,7.61796474178406,7.104428309859174,6.685031498079365,11.58162141952836,6.867623397887318,9.279071843789955,7.615125376704622,6.895899721371691,6.659055651408454,11.228671690140787,9.359232237871616,11.20428361166994,12.553056011419782,9.861662201992376,6.397771414319231,7.448540042680309,6.9686114501825385,7.128069640062577,7.57842553208135,9.81232681473448,9.044827508125636,0.0,8.75314064386315,7.319479577464771,7.005615633802803,15.190761169014085,11.05189373063379,8.011107813547959,8.242043961267607,8.132572582159607,14.342480272300389,6.269702131882166,7.865643915492987,8.183803685445996,8.063035143906909,5.947395585211242,12.7386279694835,6.029344705375096,14.250044955185585,9.971515485796091,7.451631368838033,8.866674260563375,9.504118380281705,10.654691340456427,7.186147934272266,8.781874918743197,6.850999913675603,15.083160563380192,6.095303259557321,5.83714598348711,10.166396917785704,6.401156531068733,6.6971701564945,6.0043688287620265
KM,9.750875357142837,7.669474963924968,7.133727142857079,5.729564935064872,14.82372688603512,6.635954821428547,8.39818376623378,7.20142936507928,6.85820593167696,7.03128446428572,11.326711714285654,7.031280952380971,11.46148890476179,13.190152494208425,6.565757317073142,6.139856964285612,7.744204761904676,9.741417566137436,6.255742063492072,7.898856904761804,6.301676373626346,5.176365384615341,8.75314064386315,0.0,7.775878042328033,7.515606682027616,16.658321714285677,11.594379232142854,8.976788095238051,7.659058928571411,6.877032936507916,15.549532285714104,6.069106168831117,8.590043428571455,10.491393571428512,7.335559937888176,8.033292064285678,12.893329166666549,5.375260204081612,14.53312965367954,11.87294903147696,6.33132227678571,9.41476988095236,11.507446428571322,8.079845566502419,6.628792857142848,5.925326923076877,5.787381336405502,16.118731830985737,7.966891428571378,9.465313300492454,7.168290863787326,6.888906815125978,9.411140476190386,7.136478120300681
LR,8.845065542328031,6.553039057239056,5.911183888888864,5.750016329966298,11.813283187682009,6.200770694444428,8.521406397306436,6.428084126984078,6.322039299516855,6.415832476851825,10.175629481481485,8.427431481481495,11.016118629629544,12.595912406406342,8.909257633242984,6.568265185185107,6.916303535353485,6.89166592592587,6.317340740740755,6.209897222222171,9.157143019943,8.005714245014227,7.319479577464771,7.775878042328033,0.0,7.469918876941436,15.237436296296282,11.220387472222212,8.014433968253934,7.24799254629626,7.128383333333325,14.259014370370268,5.9206369528619245,7.654341259259238,8.451614629629562,6.732871014492772,6.024202668518463,12.741485648148062,5.999281254724125,14.0605774410774,8.245047394852442,6.841336516203679,8.25010268518517,9.388851296296304,9.759562068965495,7.399274074074078,7.882726495726485,5.684265471923509,15.287554997391654,6.9065873015872725,7.08486800766274,9.311865805340192,7.122395305010842,7.309152592592533,6.584154502923927
LS,9.686845587557574,7.845121016617769,6.829273387096707,6.586064193548327,10.741775099673722,6.793759744623628,9.096777126099695,7.097605632360384,7.312313695652124,6.620138084677409,10.536332903225796,8.87653745519712,11.775771875575948,13.219647907584934,8.981762155782807,6.064202419354761,7.65597766373402,7.030633178016679,6.162862186379928,7.772807580645068,8.73714946236553,8.201508933002414,7.005615633802803,7.515606682027616,7.469918876941436,0.0,15.756642516129022,11.739111947580644,6.99244746543775,8.127574233870938,7.782017204301034,14.719954838709487,5.401001246334272,7.350304161290308,8.44521919354831,8.003750911640912,6.223722495161247,12.85001048387085,5.41736800526658,14.844473411534716,9.490675997812955,7.478818256048356,9.104786155913969,9.031953387096715,10.041976751946567,4.861848028673786,8.343666997518547,6.155735483870942,15.976117124034372,6.056265299539119,6.786012647385863,9.801627231807908,5.900172491461034,7.071257025089512,4.900823259762287
LY,16.342821571428576,14.762078722222164,14.994880999999982,14.892031863636326,17.342376022471825,14.949275749999918,16.50437836363631,14.975588730158655,14.278990891304366,14.232145250000036,16.395198999999963,15.277696388888838,9.836647499999986,11.124003932432451,18.20888176829262,15.386325166666651,14.6856464090909,15.061074351851856,15.328798888888883,14.080513777777782,18.13175735897429,16.86290919230764,15.190761169014085,16.658321714285677,15.237436296296282,15.756642516129022,0.0,11.797721874999995,14.605608952380916,14.724168499999983,13.237498388888865,17.373071833333206,15.566044681818184,14.387159500000031,15.337091999999958,14.824650630434752,14.797667749999984,16.94392916666658,15.541790224489786,19.801511242424056,16.006841593220283,14.79670493750002,14.528848833333363,16.081333999999984,18.03352399999991,16.223971444444427,16.26650965384613,15.2797226774193,10.905277429577447,15.543363761904777,14.608253206896546,16.459662034883664,14.935654941176471,15.316726111111102,15.127655473684182
MA,11.843270000000022,10.431901790404064,10.96196825,9.95249746590907,14.865021155898908,10.506071916666668,12.498847784090904,10.7499073928571,9.76785811956521,9.814571250000004,12.205665750000016,10.818726111111074,7.060547154761867,9.809338486486446,13.540958240853676,10.783124708333329,10.216582219696924,11.438638041666618,10.82433348611111,9.906627305555505,13.062147089743595,12.094661259615384,11.05189373063379,11.594379232142854,11.220387472222212,11.739111947580644,11.797721874999995,0.0,10.72645136904758,9.977522249999986,9.185763069444423,14.59472462499998,10.958515988636329,10.964310750000044,11.5420170833333,10.391006461956508,10.540250300000002,13.545247666666674,10.789207395408171,16.19900287121216,13.004754150423707,9.789787437499978,11.03365216666665,13.07267725000002,13.341380129310354,11.628393402777789,11.383376480769218,10.49826450806451,10.372909973591485,11.437924803571418,11.302287043103428,11.83610683139534,10.30161897794119,11.625285986111116,10.769268302631572
MG,9.037803452380963,7.794900663780667,7.031269047619038,7.223593030302994,10.339971813804151,6.715616249999982,9.326698787878794,6.828275238095171,7.197005517598335,6.289882083333301,10.021671809523829,9.44633380952378,10.579897761904691,12.608110849420807,11.178975516840833,7.519470416666584,7.200319956709932,6.484491058201014,7.647899523809495,7.148739761904724,10.394492893772837,9.600877435897385,8.011107813547959,8.976788095238051,8.014433968253934,6.99244746543775,14.605608952380916,10.72645136904758,0.0,7.74664029761901,8.504426428571403,13.55992019047613,7.739002532467476,6.900302857142846,9.393012142857136,8.35691043478259,6.8186871499999375,11.87454273809523,7.459084353741474,14.303776709956688,7.991293155770749,7.70172447916662,9.190260119047602,8.671375476190466,10.911897865352994,7.497576825396785,9.365879047619,7.029538986175108,14.43528665995964,6.964893809523787,6.518223136288954,10.182639136212597,8.029368142857114,7.648916031745993,6.579924260651612
ML,9.128731964285702,5.525567095959605,7.324453749999995,5.296978181818173,13.125865042134798,6.080106250000001,8.844699772727278,6.121985218253911,5.406916249999992,5.690278125000002,10.505284500000045,7.9436536111110785,10.107573488095182,12.257673641891865,9.272549207317088,6.774638333333311,6.413053257575717,7.883214212962927,6.647794583333294,4.816044166666621,9.164439647435914,8.10405019230767,8.242043961267607,7.659058928571411,7.24799254629626,8.127574233870938,14.724168499999983,9.977522249999986,7.74664029761901,0.0,6.672257222222216,14.244104916666606,7.121501363636322,7.716415999999987,9.439700416666629,5.4498726086956175,7.051739799999986,12.1889125,6.599491581632652,14.54635662878788,9.889959449152505,4.903660312500013,8.582495833333319,10.503275000000007,10.051205431034482,8.149114722222203,7.3838948076922915,5.549271532258063,14.423971443661856,7.669939940476187,8.394698060344751,8.926656133720915,7.38573626470588,8.562961944444393,6.934428552631562
MR,9.60305686507936,6.351771717171718,6.82511499999997,5.726846767676762,13.552111922596628,6.229499861111108,8.490549999999992,6.345217460317402,6.229491425120758,6.322716180555553,10.913084888888822,7.066699999999978,8.739853777777746,11.003042390390323,8.486911178861746,6.234281666666596,6.746372474747408,8.79497259259256,6.074875000000024,6.432859444444401,8.367901923076873,7.476103632478609,8.132572582159607,6.877032936507916,7.128383333333325,7.782017204301034,13.237498388888865,9.185763069444423,8.504426428571403,6.672257222222216,0.0,14.251214222222083,6.52643232323228,7.942401888888883,9.677306666666604,6.044192995169096,7.251206627777738,12.694433333333247,5.659644784580499,15.14865833333318,10.289114030131747,5.614234340277764,7.210296944444446,10.207623888888817,9.630677203065051,7.190002777777767,6.8281871794871565,5.737371594982074,13.18154535993731,7.46123468253966,8.245011762452005,8.683063242894022,7.168418921568584,8.390078888888858,6.693889649122777
MU,15.045686880952283,13.761907555555451,13.813242999999868,13.723699818181746,14.800861827715242,14.285765416666578,15.37799175757558,13.910539682539564,13.214815144927536,13.49347504166661,14.339823999999927,14.53796333333319,14.299520619047533,14.830805513513488,17.273707934959152,15.01206808333322,13.151653878787808,14.743579481481332,14.176565111111072,13.347287666666675,17.28655333333312,15.641108820512658,14.342480272300389,15.549532285714104,14.259014370370268,14.719954838709487,17.373071833333206,14.59472462499998,13.55992019047613,14.244104916666606,14.251214222222083,0.0,14.55267548484837,14.279754666666646,13.372531666666552,13.894695884057835,14.279420216666564,11.959349999999926,14.443456925169963,16.222989696969567,15.749448677966006,13.878938437499944,15.066631833333282,16.206382333333185,17.098243172413596,14.828883999999825,15.592106871794703,13.954780946236472,15.645383615023382,15.149451714285606,14.482810091954027,15.119752651162582,13.268254999999971,14.196574666666663,14.343578315789346
MW,8.277894967532411,6.84664621212119,5.663623181818137,5.016744090909038,11.878080362614805,5.321255643939361,8.193015909090885,6.036432503607404,6.218572845849732,6.05198454545453,10.4869733636363,7.698235101010065,11.052176320346216,12.462042105651047,7.356178104212795,4.967001363636295,6.67267651515142,7.185667020201947,5.228299747474747,7.010459595959496,7.120308216783148,6.885012062936992,6.269702131882166,6.069106168831117,5.9206369528619245,5.401001246334272,15.566044681818184,10.958515988636329,7.739002532467476,7.121501363636322,6.52643232323228,14.55267548484837,0.0,6.8518037272727,8.009596060605961,6.867665711462436,5.826171677272677,12.200018560605928,4.039941883116866,13.95096893939381,9.675278312788846,5.979939289772701,8.381345530303008,9.485354545454475,8.657717789968565,5.339072979797941,6.923953671328601,4.840534237536626,15.355800877080531,5.980657857142801,6.85324782131649,8.587058298097174,5.587042545454484,6.35111944444435,4.63218772727269
MZ,6.396687214285714,7.922172272727295,7.13021499999998,7.0292148181818135,10.983269730337089,6.5675190833333446,9.606846636363684,7.083508555555504,7.277217173913065,6.468467874999998,8.469504999999993,9.629146666666678,10.606976666666634,12.310519810810796,10.337266512195209,7.191855249999988,7.6606629090908465,7.504353037037006,7.712452444444445,7.318648555555518,9.851651794871868,8.399228615384622,7.865643915492987,8.590043428571455,7.654341259259238,7.350304161290308,14.387159500000031,10.964310750000044,6.900302857142846,7.716415999999987,7.942401888888883,14.279754666666646,6.8518037272727,0.0,9.049391333333338,8.351186695652174,7.084159649999976,11.983172333333362,6.92804648979593,14.471428818181929,8.976355864406727,7.599497937500014,9.143703833333348,9.978440000000042,9.183972689655208,7.17311377777777,9.0206031538462,6.918681838709695,14.251123563380231,7.671952523809522,7.063113034482712,9.94133058139541,7.213805705882339,7.015942666666636,6.697565368421045
NA,10.32349202380954,8.7639382323232,8.605978333333269,8.308117121212046,10.723652228464346,8.731492916666603,10.926068636363636,8.7789523015872,8.56025565217388,8.183788541666631,10.976518333333264,10.718201666666646,11.876083619047549,13.185868513513462,11.607520284552791,8.965284166666537,8.438504090908985,8.864261666666591,8.852379444444376,8.753049999999918,11.503561153846087,10.548766282051224,8.183803685445996,10.491393571428512,8.451614629629562,8.44521919354831,15.337091999999958,11.5420170833333,9.393012142857136,9.439700416666629,9.677306666666604,13.372531666666552,8.009596060605961,9.049391333333338,0.0,9.249872681159369,8.04070198333326,12.053485833333214,8.11128867346932,14.566840454545472,10.53128059322031,9.349922604166652,10.615500833333336,11.15457333333332,11.941360402298812,8.669061666666567,10.415810128205074,8.29457553763438,15.55981617370881,9.09443738095235,8.38710959770103,11.26943988372089,6.966714470588185,8.099217222222121,7.468670438596418
NE,9.863520760869523,5.394898199385157,6.581561739130417,5.197792687747016,13.243271030776665,6.198156431159411,8.238186956521758,5.985062525879882,5.566338913043441,5.977708695652161,10.62844921739125,7.196841787439623,10.244979215320845,12.193652658049308,9.409953658536518,6.824640688405699,6.172282938076389,8.208655233494285,5.91387391304349,5.229458623188349,9.156480156075755,7.967504347826082,8.063035143906909,7.335559937888176,6.732871014492772,8.003750911640912,14.824650630434752,10.391006461956508,8.35691043478259,5.4498726086956175,6.044192995169096,13.894695884057835,6.867665711462436,8.351186695652174,9.249872681159369,0.0,6.802774789130386,11.994795833333216,6.1009570541260025,14.814926745717912,10.00181805453204,5.445064660326065,8.143232717391314,10.195655434782562,10.272834932533629,7.730574396135271,6.504219397993293,5.099175315568009,14.528737238211686,7.394333105590053,8.35602349325329,8.765915571284104,7.72459215601019,8.47273512077291,6.757076201372967
NG,9.1141614785714,6.82900194696966,6.623319749999984,5.658554159090871,11.028279653370747,6.024524966666627,8.594394568181773,6.747169016666601,5.917490123913002,5.440228599999982,10.37246505000001,8.673469049999936,10.383511264285668,12.169419085135088,8.93745390365852,5.648596799999986,6.889223492424188,5.022478064814776,6.07325500555551,6.454245072222151,8.92634409871793,8.349667449999956,5.947395585211242,8.033292064285678,6.024202668518463,6.223722495161247,14.797667749999984,10.540250300000002,6.8186871499999375,7.051739799999986,7.251206627777738,14.279420216666564,5.826171677272677,7.084159649999976,8.04070198333326,6.802774789130386,0.0,12.754447416666595,5.543804315306099,14.0947440772727,8.55720300593214,6.7311315124999975,7.887025883333304,8.88491734999999,10.08475733965515,6.436989372222177,7.973014419230728,5.846210395161255,15.054848514788675,5.481593535714272,5.668635743103378,9.42497985465114,6.448843638235245,6.329821394444407,5.072003181578928
RE,13.01086369047615,11.597111616161513,11.941826666666625,11.12893719696966,15.01630234082386,12.111166249999911,13.706233712121142,11.90147817460304,11.025680362318822,11.417977083333309,12.654380666666569,12.728062499999895,13.41917938095232,14.512318315315293,15.083504674796606,12.959434999999909,10.870770454545369,13.348313611111028,12.415936111111076,12.031509444444453,14.4809304487178,13.334266987179369,12.7386279694835,12.893329166666549,12.741485648148062,12.85001048387085,16.94392916666658,13.545247666666674,11.87454273809523,12.1889125,12.694433333333247,11.959349999999926,12.200018560605928,11.983172333333362,12.053485833333214,11.994795833333216,12.754447416666595,0.0,12.031657738095149,15.893258333333188,14.409697316384186,11.541492395833282,14.08024916666662,14.79430916666654,14.576088793103349,12.63509722222213,13.04591826923067,11.492657930107455,14.877219201877814,13.4368771428571,12.841307758620662,12.081206201550245,10.865953539215663,12.570560277777805,12.290281228070096
RW,8.466044438775498,6.344602638631214,5.330172040816323,4.518110964749519,12.35684652602604,5.347305756802718,7.719008905380367,5.911751927437606,5.7373925421472505,5.274175931122456,9.916588081632634,7.15604523809526,10.793678659863849,12.496644912299969,6.330059382777483,3.9063826445578154,6.3489831478045184,7.145609455782268,4.366149886621344,6.399606428571379,6.379458346415465,5.912402354788053,6.029344705375096,5.375260204081612,5.999281254724125,5.41736800526658,15.541790224489786,10.789207395408171,7.459084353741474,6.599491581632652,5.659644784580499,14.443456925169963,4.039941883116866,6.92804648979593,8.11128867346932,6.1009570541260025,5.543804315306099,12.031657738095149,0.0,14.24453129251693,9.668030508474564,5.624046332908159,7.414855493197263,9.18867295918368,8.14968789584794,5.021140589569135,6.30907598116168,4.322619354838685,15.557636283414674,4.951501700680246,6.667560007037201,7.823516326530584,5.515965542617004,6.7466750566892895,4.524849129967779
SC,15.592977370129846,14.369259595959496,14.01588348484853,13.622899696969688,17.663239019407406,14.234047840908936,13.902518181818245,14.425658730158617,13.783502681159414,13.653085511363685,15.336632848484715,14.456292424242434,16.046825225108133,17.086727416871465,15.812179600886784,14.538705871212,14.069053030302952,14.86885986531972,14.507031818181767,14.241569646464676,15.64584149184135,14.26185501165496,14.250044955185585,14.53312965367954,14.0605774410774,14.844473411534716,19.801511242424056,16.19900287121216,14.303776709956688,14.54635662878788,15.14865833333318,16.222989696969567,13.95096893939381,14.471428818181929,14.566840454545472,14.814926745717912,14.0947440772727,15.893258333333188,14.24453129251693,0.0,16.843896302003124,14.48237910037885,15.553131742424204,16.118623181818037,14.228446185997816,13.906511111111111,14.790592307692254,13.963063049853298,19.209465655142893,15.258257878787813,14.759286112852674,13.658105003523564,13.386579363636317,14.79469818181826,14.626993556618716
