ISO_CODE,AG,AI,AR,AW,BB,BM,BO,BQ,BR,BS,BZ,CA,CL,CO,CR,CW,DM,DO,EC,GD,GF,GL,GP,GT,GY,HN,HT,JM,KN,KY,LC,MQ,MS,MX,NI,PA,PE,PM,PR,PY,SR,SV,SX,TC,TT,US,UY,VC,VE,VG,VI
AG,0.0,53.14810703812311,33.668458967741934,41.1377908986185,25.686701814516127,42.57782051282144,32.54163004032296,70.64828427419323,35.02811710744371,26.809236886394874,29.656516589862537,28.808855934080874,32.15508210421892,31.44759151612916,37.09826716520122,32.35066290322523,33.84721027479141,31.864563689148405,32.81419791788898,26.81406144393225,33.512495601172745,48.63553101737058,31.317458709678384,31.7427628236862,26.4113188585611,31.39354467281172,28.81145020967742,24.064394310850687,41.76350043592031,40.03092890059308,26.93115053763428,30.2688286738358,88.1160391705078,34.30061502720552,31.94368388248756,29.856311952462327,32.005771380083715,81.49681663837087,39.23907105263135,35.59993333965667,31.79981270772245,32.51454414874456,43.04792240627787,45.81018399044195,26.10563769332741,28.227036522433774,33.74887169032229,23.60142447516647,30.620086037221277,64.09841532257997,54.51676640711818
AI,53.14810703812311,0.0,54.30521696187587,64.58454058441644,51.85707329545408,63.05623659673731,53.65987613636439,75.60324431818098,56.213936564335135,51.674617391303286,53.63372034632129,50.97965268379408,53.18066683916171,52.750960624632505,57.28051303030381,57.22076363636276,50.206954545454565,52.23597872727336,53.86853436363669,56.59311327561341,56.15593636363549,68.67103146853209,51.7021799999996,53.1068648194279,50.903350582750456,52.72195784415683,50.12422022727177,47.958370909090384,60.59090786240813,64.12193599257928,56.1964824046914,50.938273737372846,107.56466233766,55.97715206462246,53.116337370128896,51.63470851674568,53.18919768379386,96.7800263157875,59.510702822965314,55.73263058823306,55.230881818181125,53.40024553030268,60.308721130221485,55.92503198653212,50.41937260273982,51.50239243181799,54.256220436363215,52.33425324675327,51.820308300699686,70.06457954545395,65.23902037617486
AR,33.668458967741934,54.30521696187587,0.0,43.91607129493045,25.162614653226008,48.24795578825391,10.605929580645164,67.85380949999846,16.386844577915557,23.58525917812057,21.354787972350195,17.446208744740453,10.588201856079346,9.877593774193478,18.224094852394806,27.574708193548403,36.4514260310631,13.608686375366572,11.827078785923677,36.83381885407032,26.316251043988284,49.66935069975089,21.928644580645248,10.82913777728668,20.973992066170243,11.474113972350176,13.440543274193544,19.059737835777103,50.72784600348647,45.01160131797164,32.42712956989246,20.95633787096768,81.73024058985928,13.971460110765586,11.84885132949305,10.70842803735138,10.222510799439029,66.50857289643305,25.10238468930396,12.821616053130835,23.101935503421327,12.386404564515985,53.49259200523019,48.88943752449134,23.07803705965521,20.234145041202165,9.027848864516166,30.624735816692287,10.021819744416796,68.52471670967589,62.78077586651708
AW,41.1377908986185,64.58454058441644,43.91607129493045,0.0,41.53328660714305,50.57226053113675,41.260019285714726,76.09175892857307,47.35415190879067,42.58617655279473,41.06412261904864,41.698574099378455,41.82289438461623,41.06979095852484,42.3498734848495,37.89325833333288,50.59872685185294,41.53598912987006,40.82519331168867,42.36275198412743,43.49069058441595,53.9730572344336,43.73110642857215,41.27338237769175,41.76649587912141,40.97297471428644,43.282974071428,42.01082811688301,53.9342939189198,45.01450765306184,42.40037653609846,42.97622738095246,106.94073214285854,42.44946400344247,40.650788928570506,41.28349206766905,41.58774887577592,94.15373590225722,44.01769003759338,43.14387449579669,44.180099891775285,41.25863424603138,52.48070994208573,57.251659391535725,41.27796139921757,41.081011086363375,42.972874028570935,41.16518055555597,40.47557800000052,77.86901785714461,63.32761145320267
BB,25.686701814516127,51.85707329545408,25.162614653226008,41.53328660714305,0.0,42.05994983974367,24.241409375000256,68.55005624999902,26.031292088461225,16.57246603260911,19.72647053571437,19.033281945651925,23.745246673077244,22.911221814516377,29.25423587121285,24.44310208333276,32.63744328703653,24.39594520454489,24.75154834090933,26.56812073412653,26.21210738636295,48.00559567307713,20.60886625000025,23.58064806506892,16.110331570513083,23.406915821428907,19.988196250000243,15.656709431818305,44.24493327702685,39.19881186224512,21.645677889784764,20.158049305555718,81.85412767857066,26.15432829819278,24.185666607142377,21.512477039473875,23.469689163043288,72.97597006578884,31.98165901315819,27.84348492646944,21.793655871211964,24.748417916666074,46.62076030405399,45.47967615740703,16.877170633561626,19.216343572727087,25.25395594999976,22.70006041666649,22.500399288461853,63.406381249998944,56.01133383620545
BM,42.57782051282144,63.05623659673731,48.24795578825391,50.57226053113675,42.05994983974367,0.0,47.771484895834064,81.5414407051297,49.17311639230716,42.80590735785893,45.46289194139312,41.40751382497172,46.47156517948786,46.53315083126471,51.399914428905234,46.72180128205105,47.24043019943103,47.3651448531472,47.93910661072306,43.83114529914561,48.35592354312355,53.44882051282186,46.25884692307689,47.03673863365047,42.47272051282089,46.95361231501932,44.14489478205066,41.70354344988319,53.20466112266225,45.00976033490433,44.4070620347397,45.08826324786303,105.08640476190595,49.35910942570291,47.32110151098818,45.07699789473632,46.88041505908522,93.98975708502152,52.6471845748978,50.38854328808269,47.11366433566394,47.93077297008512,52.825063756064864,55.14924786324894,42.4093321742186,41.09027891340298,47.7654789333328,42.33742857142903,46.24195141025691,75.85768269230896,57.48998850574728
BO,32.54163004032296,53.65987613636439,10.605929580645164,41.260019285714726,24.241409375000256,47.771484895834064,0.0,66.07567093750099,16.52996059423062,22.7957538858696,19.321809702380765,16.80887859782605,9.84260739903834,8.278781274193621,14.847934602272328,25.92501604166684,35.955286620370664,11.169433982954484,7.008828880681822,35.8183601488098,25.1483965625001,48.30623511218013,21.532984062500173,7.142041875000051,19.875991017627957,7.805411633928567,12.564267562499923,18.16777411931796,48.9787837753385,43.37853511479637,31.19231726478507,20.581225694444363,81.53954861607212,11.376688248493895,7.769497098214334,8.943017121710456,7.611198869565239,66.56091725329044,22.776765888157804,10.25887068014691,21.505921164772488,7.925146041666771,51.39256701013582,47.4259350810191,21.98509551797928,19.355510322727103,10.940777312499936,29.841325372024105,7.693873677884704,67.19003562500092,61.56941837284559
BQ,70.64828427419323,75.60324431818098,67.85380949999846,76.09175892857307,68.55005624999902,81.5414407051297,66.07567093750099,0.0,69.41581470769178,68.33997663043301,69.0274315476204,67.56905154347805,66.29241903846199,65.16313885483734,67.21733659090938,69.71899583333204,68.17361805555548,64.08621604545576,65.58491968181868,73.64341765873007,73.89024431818055,83.79593750000141,70.78402249999968,65.45479523972689,67.130434294871,64.85135078571582,66.20553799999868,64.24316386363546,77.4795962837834,81.36109056122288,72.97959072580534,69.62074583333231,120.67200892857264,68.47587093373542,64.88680071428436,65.23462434210434,65.6016404999993,112.85271381579074,69.07174565789373,66.59410044117428,70.2674374999987,65.15924888888892,78.68022804054023,74.02100231481543,66.68135907534239,67.5823791954545,67.28526569999933,69.62833630952385,64.51655434615431,78.41381250000009,84.66580818965569
BR,35.02811710744371,56.213936564335135,16.386844577915557,47.35415190879067,26.031292088461225,49.17311639230716,16.52996059423062,69.41581470769178,0.0,24.47497998628725,24.23794394542089,17.915335940133552,16.866327930769074,15.173308121339796,24.305081531235004,30.815831889743137,37.67797927777726,18.18204038951022,17.657055755943915,37.36667735811912,25.066653872027636,50.62894721794819,23.320258315384404,16.128333444573084,21.586335064102336,16.53114406483501,14.538976230769162,19.76857458111852,53.1125343407479,46.73372865541571,32.97395272580604,22.45422940256373,82.6914235285709,19.601294536885888,17.261227158241617,14.75423706842095,15.966005441137076,67.74416783117347,30.566400221457208,19.08218301945681,24.2049206850813,17.60044329401697,55.63265322224485,50.68471029885988,23.9635911040039,21.16409318356628,17.085322269230694,31.703160636019145,15.222144499999851,69.96603588461484,64.54869692440249
BS,26.809236886394874,51.674617391303286,23.58525917812057,42.58617655279473,16.57246603260911,42.80590735785893,22.7957538858696,68.33997663043301,24.47497998628725,0.0,17.533595445134377,17.898039086956285,22.209152561872987,21.33987736746144,28.04454889328121,24.909115217390525,32.473114814813634,22.41832993675822,23.33195290118584,28.920263561075675,25.80881383399127,49.35718383500511,19.868304347826,22.19047478856484,15.433818060200824,21.73598736645981,18.28660571739133,15.07662727272726,45.01718343125639,39.59652555456933,23.708896353435644,20.003099516908044,80.96020621117829,24.75628055264527,22.549512344719883,19.580646178489804,21.87986286956495,72.80084370709214,30.59837910755175,26.379587212274917,20.38323649538824,23.109581871979888,47.86082972972898,44.43044235104568,16.851978320428774,17.01650824999979,23.635906713043028,24.963242857142127,20.766879260869608,63.50102934782446,55.75304152923362
BZ,29.656516589862537,53.63372034632129,21.354787972350195,41.06412261904864,19.72647053571437,45.46289194139312,19.321809702380765,69.0274315476204,24.23794394542089,17.533595445134377,0.0,18.95798374948217,19.651168065933973,18.777029777265785,23.867980562770924,23.67405952380957,35.630977248678064,19.7907229696966,19.765959532467523,32.183404761905244,25.18185238095264,48.434639926741184,20.6712914285714,18.47942168949796,17.01344102564079,18.39720657142845,18.754526547619097,18.1462175757576,47.246121879022944,41.19606734693951,26.21844654377904,20.6138047619048,84.91143809523952,20.748499195065897,18.642471547618825,17.618253934837227,19.16453909316756,73.5851977443623,27.623533709273698,22.57921602240795,19.48994761904736,19.23198599206298,49.26316949807048,46.93456560846669,19.24369654272664,18.40543132489152,21.233155199999608,27.556007936508447,17.908412509157362,66.95277857143,59.29379622331768
CA,28.808855934080874,50.97965268379408,17.446208744740453,41.698574099378455,19.033281945651925,41.40751382497172,16.80887859782605,67.56905154347805,17.915335940133552,17.898039086956285,18.95798374948217,0.0,15.276133488294215,15.435671453015384,21.53218024901173,25.58088989855037,32.92690943800271,17.22538933992079,17.245638415019634,30.07877929951645,24.709842620552887,44.22903007023361,19.709877608695493,15.999100984514527,15.34277925641017,15.817161968944,12.676354630434703,14.586802486165915,46.103476696826775,38.74221163354004,26.33571077840058,19.162712845410265,79.42183173291971,18.16762082242005,16.492681437888074,13.53068719221958,15.809881956521576,65.78953114187584,24.325377375285928,20.38363907672615,19.23143018313554,16.861079118357384,48.8678683137481,45.49649057165812,15.96512927159016,8.954456938142226,17.421863713043443,25.56945425189743,15.019789076922974,63.80907843478216,56.46501942278813
CL,32.15508210421892,53.18066683916171,10.588201856079346,41.82289438461623,23.745246673077244,46.47156517948786,9.84260739903834,66.29241903846199,16.866327930769074,22.209152561872987,19.651168065933973,15.276133488294215,0.0,9.38040051861033,15.655825258741014,26.296371692308,35.40890324216595,12.495626237762089,9.726018587412357,35.003666234432984,25.59883637762261,47.81824953846238,21.486347230769365,9.847202421496132,19.478451641025565,9.871089164834952,13.303343269230524,17.987047132866998,48.80535379625856,43.2974498430148,30.738308138958335,20.573154170940164,81.48544019780148,12.507406523632984,10.382220972527367,9.401441093117205,8.990027578595239,66.93572523886697,22.386608178137585,12.569568271493,21.914199995338144,10.314571260683527,51.22252807900279,47.549036826211605,21.346725414120147,18.142494856992894,10.288639938461396,29.384927741148203,9.310050230769114,66.67810261538511,60.74467224403257
CO,31.44759151612916,52.750960624632505,9.877593774193478,41.06979095852484,22.911221814516377,46.53315083126471,8.278781274193621,65.16313885483734,15.173308121339796,21.33987736746144,18.777029777265785,15.435671453015384,9.38040051861033,0.0,16.69031976441829,25.16520416129039,34.1642288327358,10.266606272727174,8.45005728152491,34.6385962124934,24.286430026392967,47.94237941356412,20.194670741935614,7.706704921343192,18.59056667245656,7.677796520737183,10.438773596774116,16.302174554252215,48.32643296338196,42.80237200855757,30.14840708602159,19.135236146953407,78.96737546082758,12.117359875631529,8.381777066820185,7.156150022071163,7.451975098176649,64.31231705772342,24.085516358234376,12.614339265654523,20.76732242326498,9.320008496415635,50.91512874367825,46.28004649103848,21.00526782722054,18.119805459677245,11.065673477419407,28.31474836815162,5.874071548387028,66.48715148386945,60.78679788765155
CR,37.09826716520122,57.28051303030381,18.224094852394806,42.3498734848495,29.25423587121285,51.399914428905234,14.847934602272328,67.21733659090938,24.305081531235004,28.04454889328121,23.867980562770924,21.53218024901173,15.655825258741014,16.69031976441829,0.0,29.398327575758252,41.25004144781231,18.35399878787836,14.275358909090688,40.01436365079433,30.270518484849127,50.74903666666744,26.940802121212744,14.699360963055302,25.288277785547987,14.365563376622982,20.70683874242429,24.42672575757604,52.19127979525056,47.01020429808371,35.716745620723955,26.14242777777818,89.44889900432652,15.57049110149691,14.034190746753032,16.0039434290266,16.09283685112001,73.63259995215222,22.163256299840505,15.200457896612924,26.376984545455105,13.609341843434096,54.03516226863293,51.219020101010805,25.45175896637613,23.748225762121127,16.492917199999454,34.94852520923589,16.384010440559123,71.09570772727227,64.02062130616585
CW,32.35066290322523,57.22076363636276,27.574708193548403,37.89325833333288,24.44310208333276,46.72180128205105,25.92501604166684,69.71899583333204,30.815831889743137,24.909115217390525,23.67405952380957,25.58088989855037,26.296371692308,25.16520416129039,29.398327575758252,0.0,40.36999259259161,26.107636060605238,26.045315272727493,34.04603333333211,27.48982272727169,50.64249999999982,26.01631666666666,25.447487808219662,24.75002948717918,25.263360666667,25.965755166666163,25.22661121212135,49.40257477477433,42.955543537414925,28.29802741935396,25.71497222222161,91.4381714285696,27.56350128112434,25.40290273809449,24.44308105263176,25.755419942028688,79.66402631578785,32.16561508771964,28.50976392156714,26.37151666666605,26.331116944443497,49.717455405405104,50.44255925925871,25.70986666666633,25.473624992423986,27.252589466666237,30.767874603173414,24.25070135897457,70.53714166666543,60.908056321837215
DM,33.84721027479141,50.206954545454565,36.4514260310631,50.59872685185294,32.63744328703653,47.24043019943103,35.955286620370664,68.17361805555548,37.67797927777726,32.473114814813634,35.630977248678064,32.92690943800271,35.40890324216595,34.1642288327358,41.25004144781231,40.36999259259161,0.0,35.5770391986525,36.30814428956266,36.238280423280095,40.42569292929214,52.74990028490119,36.1012362962966,34.72377081177147,31.04106695156697,34.48095433862496,30.79914709259232,27.87085494949517,44.67005305305361,48.12692894935822,35.79594145758595,34.92659999999977,88.83821957671977,38.46843712405168,35.4921650925915,32.910495945419264,35.12319058615094,82.00145224171578,45.026830233917366,39.170482135074096,37.11530572390541,36.0593245370362,47.11180380380446,43.24655555555547,31.05418543886336,33.24704848568998,36.70141952592541,32.15019576719526,33.68158401424544,61.85727314814796,54.24858492975631
DO,31.864563689148405,52.23597872727336,13.608686375366572,41.53598912987006,24.39594520454489,47.3651448531472,11.169433982954484,64.08621604545576,18.18204038951022,22.41832993675822,19.7907229696966,17.22538933992079,12.495626237762089,10.266606272727174,18.35399878787836,26.107636060605238,35.5770391986525,0.0,11.053731090908862,35.57338756998485,25.9876870909082,50.062079370629874,21.834963090908587,10.698334749688572,20.00941031701611,9.705226545454392,12.832645590909143,17.87521690909072,48.16738539066372,42.87145955102064,31.52146715737916,20.749916020201493,80.83221524675425,14.830216651697697,10.0857009675324,10.13144450717696,11.406124316205446,66.96914322488153,21.938100382775037,14.473165914438471,22.680205393939108,11.590313388888877,50.1370532432437,45.45312579798017,22.486777745952335,19.18801146818172,14.217501418181923,29.734560522365303,9.087327195804107,66.13299000000114,59.14816583699141
EC,32.81419791788898,53.86853436363669,11.827078785923677,40.82519331168867,24.75154834090933,47.93910661072306,7.008828880681822,65.58491968181868,17.657055755943915,23.33195290118584,19.765959532467523,17.245638415019634,9.726018587412357,8.45005728152491,14.275358909090688,26.045315272727493,36.30814428956266,11.053731090908862,0.0,36.16637372294408,25.999184909091,48.49155201864839,22.20273490909097,8.039369315068411,20.318610083915992,8.03659670129878,13.82205540909052,18.75433381818164,49.07941130712574,43.86372047495398,31.69918561485857,21.30817333333321,82.53137670129965,11.224234888280384,8.161755785714337,9.552726765550023,8.244883810276717,67.59419595215346,21.69899152153094,10.925249529411538,22.10763993939384,8.296861661616203,51.47620892383335,47.63842600000032,22.201548998754603,19.69016647727253,11.53824796363614,30.301890129870458,8.015051839160796,67.51594045454593,61.45067249529821
GD,26.81406144393225,56.59311327561341,36.83381885407032,42.36275198412743,26.56812073412653,43.83114529914561,35.8183601488098,73.64341765873007,37.36667735811912,28.920263561075675,32.183404761905244,30.07877929951645,35.003666234432984,34.6385962124934,40.01436365079433,34.04603333333211,36.238280423280095,35.57338756998485,36.16637372294408,0.0,34.97714718614637,48.31583882783936,32.8175446031748,34.88499139160756,28.17468241758249,34.64344771428631,31.42882353174561,26.69787036075048,43.83833462033464,40.17038548752823,26.87863594469984,32.0771714285712,91.20738888888845,37.642259636450575,35.35259646825285,32.972797192982526,34.986040636300466,83.79684377610673,42.04618824561345,38.96347457516163,33.85173621933588,35.70483900793566,45.95503946803971,48.45319576719607,27.74315357686429,29.55608761046152,36.56986519365019,25.555936507935893,34.081578199023554,67.32549007936538,56.50111822660078
GF,33.512495601172745,56.15593636363549,26.316251043988284,43.49069058441595,26.21210738636295,48.35592354312355,25.1483965625001,73.89024431818055,25.066653872027636,25.80881383399127,25.18185238095264,24.709842620552887,25.59883637762261,24.286430026392967,30.270518484849127,27.48982272727169,40.42569292929214,25.9876870909082,25.999184909091,34.97714718614637,0.0,50.46796456876449,19.97343727272737,24.78403759651349,24.697788111887867,25.084278519480723,22.077056499999795,24.72516909090912,51.93683931203902,44.62233580704969,29.459222287389384,19.27735454545448,89.72398051947883,27.287316259583616,25.344743214284872,23.64473942583748,24.62003075889295,74.1423263157881,35.23839928229658,27.93580898395576,26.25037575757547,26.13092457070617,52.341694348894094,50.62781818181764,26.900214819426843,26.52498018636328,26.303628872726787,31.500091774890816,24.00144927972041,72.01245909090771,62.99788526645562
GL,48.63553101737058,68.67103146853209,49.66935069975089,53.9730572344336,48.00559567307713,53.44882051282186,48.30623511218013,83.79593750000141,50.62894721794819,49.35718383500511,48.434639926741184,44.22903007023361,47.81824953846238,47.94237941356412,50.74903666666744,50.64249999999982,52.74990028490119,50.062079370629874,48.49155201864839,48.31583882783936,50.46796456876449,0.0,49.03152564102554,47.54301663154286,47.290879487179936,47.639854556777664,46.27615083333252,46.91397766899714,57.7637685377697,53.590030350602994,49.424400330852194,48.63253846153806,110.2521996337006,49.83593002131636,47.70103592490752,46.92263476383215,47.83812279152676,94.80657759784184,54.65503869095701,50.7755704223209,48.89909930069896,48.28866014957235,59.14246500346616,60.9417378917391,47.32500249385352,45.50297265209769,49.29306496410205,47.27881074481137,47.486521615385,81.54587179487312,70.13357294429758
GP,31.317458709678384,51.7021799999996,21.928644580645248,43.73110642857215,20.60886625000025,46.25884692307689,21.532984062500173,70.78402249999968,23.320258315384404,19.868304347826,20.6712914285714,19.709877608695493,21.486347230769365,20.194670741935614,26.940802121212744,26.01631666666666,36.1012362962966,21.834963090908587,22.20273490909097,32.8175446031748,19.97343727272737,49.03152564102554,0.0,20.88410000000054,19.220956410256484,21.042429714285884,17.094206500000315,18.83329818181832,49.28666891891913,43.02511102040843,27.22523032258089,12.224966666666557,84.14267142857206,23.72820025301211,21.48866678571393,19.28787842105301,20.603686869565053,68.75976947368402,31.412796842105926,24.65841999999897,21.74406848484832,22.318475277777235,50.369351081081184,47.21044148148116,21.38478616438361,21.176615959090725,22.325246799999675,28.374220158730548,19.91516669230789,67.92641999999962,60.021925172412764
GT,31.7427628236862,53.1068648194279,10.82913777728668,41.27338237769175,23.58064806506892,47.03673863365047,7.142041875000051,65.45479523972689,16.128333444573084,22.19047478856484,18.47942168949796,15.999100984514527,9.847202421496132,7.706704921343192,14.699360963055302,25.447487808219662,34.72377081177147,10.698334749688572,8.039369315068411,34.88499139160756,24.78403759651349,47.54301663154286,20.88410000000054,0.0,19.31012642430644,5.5327581761251095,11.220262897260374,17.229780211706256,48.53920263976393,42.69992570030833,30.50355624539749,19.775520928462942,79.971279236791,11.048349692523416,6.497123077299347,7.637721578947152,7.853302405002812,65.34484645277689,23.095944224946155,11.200508195003934,20.903173827314472,6.211257271689456,50.90600898556192,46.26735059868191,21.328339863013795,18.32009877602721,11.25810374246592,28.925874100892152,7.254351996838612,66.76003369863078,60.79042971658051
GY,26.4113188585611,50.903350582750456,20.973992066170243,41.76649587912141,16.110331570513083,42.47272051282089,19.875991017627957,67.130434294871,21.586335064102336,15.433818060200824,17.01344102564079,15.34277925641017,19.478451641025565,18.59056667245656,25.288277785547987,24.75002948717918,31.04106695156697,20.00941031701611,20.318610083915992,28.17468241758249,24.697788111887867,47.290879487179936,19.220956410256484,19.31012642430644,0.0,18.989317252747327,15.596622884615549,12.16055799533796,44.3391375606378,39.80023239141833,23.26552150537616,18.98075897435904,79.50386373626206,21.889977459067048,19.545514935897117,17.012270175438715,19.08075597101431,70.09378016194243,28.076731403509,23.28428390648488,15.181893006992851,20.236636517093665,46.54173215523242,43.98669430199419,12.69075307341062,15.823727989626782,20.855814523076457,23.117339560439664,17.94701115384606,62.064791666666345,56.70048532272259
HN,31.39354467281172,52.72195784415683,11.474113972350176,40.97297471428644,23.406915821428907,46.95361231501932,7.805411633928567,64.85135078571582,16.53114406483501,21.73598736645981,18.39720657142845,15.817161968944,9.871089164834952,7.677796520737183,14.365563376622982,25.263360666667,34.48095433862496,9.705226545454392,8.03659670129878,34.64344771428631,25.084278519480723,47.639854556777664,21.042429714285884,5.5327581761251095,18.989317252747327,0.0,10.971020357142782,16.74118101298698,48.01617033976927,42.39273938775592,30.38102385560716,19.98280022222229,79.8908500000019,11.748393354561056,5.583881642857138,6.961827413533716,8.37777281987564,65.43566088721974,22.40573314285716,11.002298369747846,20.863466640692675,5.9082252460317,50.64994233976929,45.81918915344021,21.011915064579277,18.096228060389446,11.260190457142754,28.783186698413218,6.79373295604382,66.27977128571584,60.25104866009973
HT,28.81145020967742,50.12422022727177,13.440543274193544,43.282974071428,19.988196250000243,44.14489478205066,12.564267562499923,66.20553799999868,14.538976230769162,18.28660571739133,18.754526547619097,12.676354630434703,13.303343269230524,10.438773596774116,20.70683874242429,25.965755166666163,30.79914709259232,12.832645590909143,13.82205540909052,31.42882353174561,22.077056499999795,46.27615083333252,17.094206500000315,11.220262897260374,15.596622884615549,10.971020357142782,0.0,12.342902954545613,46.87742668918828,41.23756266326497,27.023045338709245,16.08497172222265,74.93516292857127,16.230812222891604,11.95322985714306,8.761181973684069,11.64239323913042,61.16005181578777,27.073276763158137,16.652215558823453,18.237707924242432,12.94050733333328,49.53206314864765,42.94818505555457,18.38984629452043,15.867669368181591,14.128838299999902,24.964371531745957,9.927235961538344,63.81462349999816,58.90288963792916
JM,24.064394310850687,47.958370909090384,19.059737835777103,42.01082811688301,15.656709431818305,41.70354344988319,18.16777411931796,64.24316386363546,19.76857458111852,15.07662727272726,18.1462175757576,14.586802486165915,17.987047132866998,16.302174554252215,24.42672575757604,25.22661121212135,27.87085494949517,17.87521690909072,18.75433381818164,26.69787036075048,24.72516909090912,46.91397766899714,18.83329818181832,17.229780211706256,12.16055799533796,16.74118101298698,12.342902954545613,0.0,42.26926668304634,38.966447717996274,22.51550052785924,17.93133818181816,74.2961768831155,20.63253565936467,17.62531711038951,14.47854019138757,17.10477671936758,66.83053177033388,28.274380334928637,21.988290962566168,18.613423636363667,18.30896603535331,45.8744372972969,41.11003333333304,12.930668692403495,15.482665177272608,19.23455527272699,20.82455471861484,15.83790298601377,59.94941181818094,54.71391247648832
KN,41.76350043592031,60.59090786240813,50.72784600348647,53.9342939189198,44.24493327702685,53.20466112266225,48.9787837753385,77.4795962837834,53.1125343407479,45.01718343125639,47.246121879022944,46.103476696826775,48.80535379625856,48.32643296338196,52.19127979525056,49.40257477477433,44.67005305305361,48.16738539066372,49.07941130712574,43.83833462033464,51.93683931203902,57.7637685377697,49.28666891891913,48.53920263976393,44.3391375606378,48.01617033976927,46.87742668918828,42.26926668304634,0.0,52.77147490347584,45.22576285963357,48.62283603603538,102.8029633204614,50.87382527808557,48.38350580115743,47.08379499288701,48.82808650528738,97.39339118065222,53.32226246088078,51.72135332273258,49.59516216216189,48.61537921171159,46.39245945946006,52.66880480480561,43.47840092558337,45.27583081658455,50.56354877837812,41.40737365937376,47.25312061746407,70.6954729729731,55.70902982292645
KY,40.03092890059308,64.12193599257928,45.01160131797164,45.01450765306184,39.19881186224512,45.00976033490433,43.37853511479637,81.36109056122288,46.73372865541571,39.59652555456933,41.19606734693951,38.74221163354004,43.2974498430148,42.80237200855757,47.01020429808371,42.955543537414925,48.12692894935822,42.87145955102064,43.86372047495398,40.17038548752823,44.62233580704969,53.590030350602994,43.02511102040843,42.69992570030833,39.80023239141833,42.39273938775592,41.23756266326497,38.966447717996274,52.77147490347584,0.0,40.9050792187845,42.24632290249394,103.54992857142535,44.55522991713789,42.81331137755016,41.31631303974212,43.285888308784095,92.87358754027645,48.55992817400583,46.425676242495314,44.25266604823741,43.271256139455446,52.94762989520222,53.947517762661526,40.20248294660354,38.29341372495335,44.74360238367318,39.37748299319731,42.07348709419177,76.505969387754,60.73917452498152
LC,26.93115053763428,56.1964824046914,32.42712956989246,42.40037653609846,21.645677889784764,44.4070620347397,31.19231726478507,72.97959072580534,32.97395272580604,23.708896353435644,26.21844654377904,26.33571077840058,30.738308138958335,30.14840708602159,35.716745620723955,28.29802741935396,35.79594145758595,31.52146715737916,31.69918561485857,26.87863594469984,29.459222287389384,49.424400330852194,27.22523032258089,30.50355624539749,23.26552150537616,30.38102385560716,27.023045338709245,22.51550052785924,45.22576285963357,40.9050792187845,0.0,26.746793548386623,88.16309293394643,33.029996334110336,30.97591252304049,28.77461575551805,30.40332687143475,80.36207470288507,38.47694162422139,34.68481121441957,28.66855229716469,31.44554791218533,47.70475356001153,48.63710633213812,23.36925489762829,25.996770174437668,32.18083895913934,24.69847721454127,29.666193764268236,67.40253091397742,57.37278049684672
MQ,30.2688286738358,50.938273737372846,20.95633787096768,42.97622738095246,20.158049305555718,45.08826324786303,20.581225694444363,69.62074583333231,22.45422940256373,20.003099516908044,20.6138047619048,19.162712845410265,20.573154170940164,19.135236146953407,26.14242777777818,25.71497222222161,34.92659999999977,20.749916020201493,21.30817333333321,32.0771714285712,19.27735454545448,48.63253846153806,12.224966666666557,19.775520928462942,18.98075897435904,19.98280022222229,16.08497172222265,17.93133818181816,48.62283603603538,42.24632290249394,26.746793548386623,0.0,82.82889365079299,22.823476459169857,20.520500119047224,18.233024795321743,19.567932743961173,67.57378947368271,30.875023099415525,23.84663928104464,21.596133333333317,21.24678083333289,49.85504204204141,46.4440703703696,20.94215144596639,21.040444096464327,21.28271377777743,27.29527460317455,18.796433871794868,66.99235555555411,59.46408620689484
MS,88.1160391705078,107.56466233766,81.73024058985928,106.94073214285854,81.85412767857066,105.08640476190595,81.53954861607212,120.67200892857264,82.6914235285709,80.96020621117829,84.91143809523952,79.42183173291971,81.48544019780148,78.96737546082758,89.44889900432652,91.4381714285696,88.83821957671977,80.83221524675425,82.53137670129965,91.20738888888845,89.72398051947883,110.2521996337006,84.14267142857206,79.971279236791,79.50386373626206,79.8908500000019,74.93516292857127,74.2961768831155,102.8029633204614,103.54992857142535,88.16309293394643,82.82889365079299,0.0,84.68421175387314,81.45876321428453,77.53444195488754,80.41714186335449,119.16430451127772,92.67685721804575,85.81121025210041,84.8956774891758,81.99394892857316,107.26980115829882,102.0654417989426,81.04407279843271,81.3539975876618,82.84535302857053,85.32694444444411,78.5602047362631,114.8598214285725,115.69945073891849
MX,34.30061502720552,55.97715206462246,13.971460110765586,42.44946400344247,26.15432829819278,49.35910942570291,11.376688248493895,68.47587093373542,19.601294536885888,24.75628055264527,20.748499195065897,18.16762082242005,12.507406523632984,12.117359875631529,15.57049110149691,27.56350128112434,38.46843712405168,14.830216651697697,11.224234888280384,37.642259636450575,27.287316259583616,49.83593002131636,23.72820025301211,11.048349692523416,21.889977459067048,11.748393354561056,16.230812222891604,20.63253565936467,50.87382527808557,44.55522991713789,33.029996334110336,22.823476459169857,84.68421175387314,0.0,11.940972246987942,12.660545982878872,11.653745342587762,69.91855878566957,23.427113838300457,14.726626201984358,23.79678662102956,11.68017629919678,52.58932442950202,49.32855251271771,23.261623129724374,20.39496435021889,14.67310318795188,32.186982378083684,11.804333049119505,69.75172533734984,62.709622814707686
NI,31.94368388248756,53.116337370128896,11.84885132949305,40.650788928570506,24.185666607142377,47.32110151098818,7.769497098214334,64.88680071428436,17.261227158241617,22.549512344719883,18.642471547618825,16.492681437888074,10.382220972527367,8.381777066820185,14.034190746753032,25.40290273809449,35.4921650925915,10.0857009675324,8.161755785714337,35.35259646825285,25.344743214284872,47.70103592490752,21.48866678571393,6.497123077299347,19.545514935897117,5.583881642857138,11.95322985714306,17.62531711038951,48.38350580115743,42.81331137755016,30.97591252304049,20.520500119047224,81.45876321428453,11.940972246987942,0.0,8.192690958646502,8.773892450310534,66.80101881578825,21.856180169173037,10.58190981092442,20.962139101731296,6.567732936507988,50.75684338802993,46.44861530423165,21.6117382436398,18.757802761688158,11.64199732857126,29.43625146825292,7.139995379120823,66.94589249999879,60.66364887930886
PA,29.856311952462327,51.63470851674568,10.70842803735138,41.28349206766905,21.512477039473875,45.07699789473632,8.943017121710456,65.23462434210434,14.75423706842095,19.580646178489804,17.618253934837227,13.53068719221958,9.401441093117205,7.156150022071163,16.0039434290266,24.44308105263176,32.910495945419264,10.13144450717696,9.552726765550023,32.972797192982526,23.64473942583748,46.92263476383215,19.28787842105301,7.637721578947152,17.012270175438715,6.961827413533716,8.761181973684069,14.47854019138757,47.08379499288701,41.31631303974212,28.77461575551805,18.233024795321743,77.53444195488754,12.660545982878872,8.192690958646502,0.0,7.900806562928939,63.33196315789369,23.02123947368442,12.312259566563482,19.35776092504001,8.786297792397676,49.96298073968633,44.81262947368361,19.17762791636629,16.166920616985472,10.187893515789414,26.92120964076877,6.826567874493773,64.87839842105164,59.46657753175933
PE,32.005771380083715,53.18919768379386,10.222510799439029,41.58774887577592,23.469689163043288,46.88041505908522,7.611198869565239,65.6016404999993,15.966005441137076,21.87986286956495,19.16453909316756,15.809881956521576,8.990027578595239,7.451975098176649,16.09283685112001,25.755419942028688,35.12319058615094,11.406124316205446,8.244883810276717,34.986040636300466,24.62003075889295,47.83812279152676,20.603686869565053,7.853302405002812,19.08075597101431,8.37777281987564,11.64239323913042,17.10477671936758,48.82808650528738,43.285888308784095,30.40332687143475,19.567932743961173,80.41714186335449,11.653745342587762,8.773892450310534,7.900806562928939,0.0,65.40094605491909,23.556725853547068,11.976836460358044,21.14787740974952,9.124805562801932,51.51455843243175,46.97596111755166,21.28497759737925,18.522359972924782,10.7274680000001,28.919642999309435,7.510638143812616,66.97303086956464,61.298503589204586
PM,81.49681663837087,96.7800263157875,66.50857289643305,94.15373590225722,72.97597006578884,93.98975708502152,66.56091725329044,112.85271381579074,67.74416783117347,72.80084370709214,73.5851977443623,65.78953114187584,66.93572523886697,64.31231705772342,73.63259995215222,79.66402631578785,82.00145224171578,66.96914322488153,67.59419595215346,83.79684377610673,74.1423263157881,94.80657759784184,68.75976947368402,65.34484645277689,70.09378016194243,65.43566088721974,61.16005181578777,66.83053177033388,97.39339118065222,92.87358754027645,80.36207470288507,67.57378947368271,119.16430451127772,69.91855878566957,66.80101881578825,63.33196315789369,65.40094605491909,0.0,78.83933210526334,70.07000690402319,72.93257480063662,67.27070381578986,100.42212091038176,93.32060038986435,72.32093590482971,69.48755310215302,67.62156471578899,77.37420885547192,64.09803331578995,109.8096513157906,107.12276769510189
PR,39.23907105263135,59.510702822965314,25.10238468930396,44.01769003759338,31.98165901315819,52.6471845748978,22.776765888157804,69.07174565789373,30.566400221457208,30.59837910755175,27.623533709273698,24.325377375285928,22.386608178137585,24.085516358234376,22.163256299840505,32.16561508771964,45.026830233917366,21.938100382775037,21.69899152153094,42.04618824561345,35.23839928229658,54.65503869095701,31.412796842105926,23.095944224946155,28.076731403509,22.40573314285716,27.073276763158137,28.274380334928637,53.32226246088078,48.55992817400583,38.47694162422139,30.875023099415525,92.67685721804575,23.427113838300457,21.856180169173037,23.02123947368442,23.556725853547068,78.83933210526334,0.0,23.27240746130016,29.998293062201075,22.410433084795496,54.5462172261724,53.281986920076974,27.44797447007953,24.65813430023904,23.65833345263158,38.23908709273155,22.87515180971667,72.3922839473679,62.69164509981715
PY,35.59993333965667,55.73263058823306,12.821616053130835,43.14387449579669,27.84348492646944,50.38854328808269,10.25887068014691,66.59410044117428,19.08218301945681,26.379587212274917,22.57921602240795,20.38363907672615,12.569568271493,12.614339265654523,15.200457896612924,28.50976392156714,39.170482135074096,14.473165914438471,10.925249529411538,38.96347457516163,27.93580898395576,50.7755704223209,24.65841999999897,11.200508195003934,23.28428390648488,11.002298369747846,16.652215558823453,21.988290962566168,51.72135332273258,46.425676242495314,34.68481121441957,23.84663928104464,85.81121025210041,14.726626201984358,10.58190981092442,12.312259566563482,11.976836460358044,70.07000690402319,23.27240746130016,0.0,24.45110035650548,10.798584395424797,53.96551982511733,49.92336836601095,25.12858519742072,22.803718330748566,11.86004395294102,33.05213246498432,12.005552864253168,69.53879852941003,63.51400196754301
SR,31.79981270772245,55.230881818181125,23.101935503421327,44.180099891775285,21.793655871211964,47.11366433566394,21.505921164772488,70.2674374999987,24.2049206850813,20.38323649538824,19.48994761904736,19.23143018313554,21.914199995338144,20.76732242326498,26.376984545455105,26.37151666666605,37.11530572390541,22.680205393939108,22.10763993939384,33.85173621933588,26.25037575757547,48.89909930069896,21.74406848484832,20.903173827314472,15.181893006992851,20.863466640692675,18.237707924242432,18.613423636363667,49.59516216216189,44.25266604823741,28.66855229716469,21.596133333333317,84.8956774891758,23.79678662102956,20.962139101731296,19.35776092504001,21.14787740974952,72.93257480063662,29.998293062201075,24.45110035650548,0.0,21.717972752524915,50.85519868959837,48.79060404040351,18.51016517227046,20.297547759090744,22.763686981817933,28.86460663780645,20.15539506526814,67.58027575757465,62.244680041795846
SV,32.51454414874456,53.40024553030268,12.386404564515985,41.25863424603138,24.748417916666074,47.93077297008512,7.925146041666771,65.15924888888892,17.60044329401697,23.109581871979888,19.23198599206298,16.861079118357384,10.314571260683527,9.320008496415635,13.609341843434096,26.331116944443497,36.0593245370362,11.590313388888877,8.296861661616203,35.70483900793566,26.13092457070617,48.28866014957235,22.318475277777235,6.211257271689456,20.236636517093665,5.9082252460317,12.94050733333328,18.30896603535331,48.61537921171159,43.271256139455446,31.44554791218533,21.24678083333289,81.99394892857316,11.68017629919678,6.567732936507988,8.786297792397676,9.124805562801932,67.27070381578986,22.410433084795496,10.798584395424797,21.717972752524915,0.0,51.30819135885863,46.80291657407373,22.03786038432253,19.130401237878683,11.82236065555552,30.02985242063391,8.496706517093868,67.05874250000046,61.09103569923315
SX,43.04792240627787,60.308721130221485,53.49259200523019,52.48070994208573,46.62076030405399,52.825063756064864,51.39256701013582,78.68022804054023,55.63265322224485,47.86082972972898,49.26316949807048,48.8678683137481,51.22252807900279,50.91512874367825,54.03516226863293,49.717455405405104,47.11180380380446,50.1370532432437,51.47620892383335,45.95503946803971,52.341694348894094,59.14246500346616,50.369351081081184,50.90600898556192,46.54173215523242,50.64994233976929,49.53206314864765,45.8744372972969,46.39245945946006,52.94762989520222,47.70475356001153,49.85504204204141,107.26980115829882,52.58932442950202,50.75684338802993,49.96298073968633,51.51455843243175,100.42212091038176,54.5462172261724,53.96551982511733,50.85519868959837,51.30819135885863,0.0,53.99262162162258,45.64495797852679,47.807597085380856,52.87777409729703,44.2095516945519,49.97319881289033,73.14168581081087,59.99542404473448
