ISO_CODE,AG,AI,AR,AW,BB,BM,BO,BQ,BR,BS,BZ,CA,CL,CO,CR,CW,DM,DO,EC,GD,GF,GL,GP,GT,GY,HN,HT,JM,KN,KY,LC,MQ,MS,MX,NI,PA,PE,PM,PR,PY,SR,SV,SX,TC,TT,US,UY,VC,VE,VG,VI
AG,0.0,43.1474794721408,37.55415499999978,42.17147926267345,21.44270604838714,41.95073655914057,34.23322852318582,61.51460282258013,35.489536074193246,25.52178892005581,28.541878955453708,25.95762367040628,35.95055983374748,30.43788109677428,46.34327494623772,35.94842956989198,26.346333930705192,29.41779277419245,34.577400888563446,23.63340885816685,31.5270217008797,40.97850661703946,28.955408548387528,32.60994793636833,23.39256956162142,31.64877569585319,25.415764048387125,22.271845894428296,34.220273321709094,31.7627337063861,21.501876344086018,29.308591756272666,49.93283640552987,36.40962699572493,33.13397626728038,28.874205449915568,33.43748045722258,60.58318421052619,46.99086483870902,41.08303649904952,30.30801163245351,35.58243870967678,34.80220706190094,34.37143070489863,26.97805536897929,25.91309298841608,36.904077354838286,21.190556323604756,27.786438089330343,46.660868951612784,40.681077308119946
AI,43.1474794721408,0.0,52.955865609969706,57.52796103896164,42.25430568181795,54.73561072261122,50.14999816761453,66.50200568181768,51.711971943356296,44.80307035573052,47.66942380952455,44.214228454545065,52.09642235664424,47.24336936656818,60.56723242424358,52.88933030302962,39.60349494949494,45.70039563636383,50.69060972727299,45.5230288600289,46.99866363636312,54.937433566433874,42.70732863636368,49.20261013698704,42.784522843822906,48.02977010389706,42.830383409090274,40.98063363636341,49.636773955774046,50.070849721707134,43.01785923753641,43.996818181817616,68.75557142857093,52.2028399671421,49.00116435064831,45.82440588516685,49.92640407905076,74.53781818181776,60.72828081339586,55.986920508019296,48.04417575757538,51.13086520201947,43.44442506142518,44.02165656565663,46.210896388543055,43.73257981363611,52.88833341818122,43.20073593073588,44.72600299300754,54.68249431818152,51.572611285266085
AR,37.55415499999978,52.955865609969706,0.0,46.143583221197545,31.121838661290397,51.163783420181154,20.631513265120887,63.79410666128906,29.56295195260515,31.104473224403986,30.355986379416287,27.13334313884982,22.259599260545844,21.75424893548391,33.18460518181819,38.4954545913976,37.43519378614074,23.528737920821104,22.318229073313752,38.80636781925215,34.235137645161146,44.79957545326632,33.4940092903225,22.959710359257546,30.2463750463192,23.115734400921767,27.332299725806493,28.5621239032258,49.74357796251001,43.59600933706336,34.25985291397829,33.211451874552004,58.32715753456117,25.10643391566253,23.89304249769584,22.073154134125616,22.059659305750515,60.68813444651839,38.66155764516115,23.777578895635628,33.28163360997075,25.383154473118417,46.83432280993824,43.74707257228136,33.80020268095445,27.617701218621587,19.552114212903387,34.9409404705579,20.86072168982625,54.72807417741835,52.08637121134487
AW,42.17147926267345,57.52796103896164,46.143583221197545,0.0,40.89114464285735,51.29787362637459,43.325195825893445,60.46391964285795,48.36906522967004,42.33203229813631,42.38328571428657,43.279241807452905,44.973277593407424,41.36865635944661,49.176507878789096,33.968521428571115,45.75846560846633,40.76001981818137,42.60952014285768,42.51580158730189,45.7873603896105,51.873346153847024,44.538273571429066,42.44760534246669,42.93355860805908,41.8002742857152,43.31847464285673,42.213936883116936,49.91532722007792,42.63622959183725,41.62024155145948,44.29868571428567,70.51732142857247,45.093217056799055,42.177012142856285,40.0872110526317,43.46859055900576,75.86903195488838,49.28832992481115,47.33852978991412,41.98456060606074,44.477366031745554,43.853704633205126,49.90647751322828,42.920006849315534,41.92362712402567,44.66832657142811,42.53911507936546,39.71008035164896,61.58488392857223,53.205098522168
BB,21.44270604838714,42.25430568181795,31.121838661290397,40.89114464285735,0.0,39.43609006410283,28.0128076562502,59.34399999999935,28.721616276922852,17.13772880434792,21.260873809523936,18.477103173912862,29.8144440769236,23.783235548387207,41.28642878787971,30.586899999999325,24.413741666666454,23.879410318181137,28.149788136363863,21.644398214285527,25.65310681818141,37.32541250000003,23.10201500000011,26.18142356164428,16.047234615384827,25.25208300000039,18.43437350000024,14.435044318181896,36.00818918918905,30.70325765306127,17.181967741935534,22.742580555555527,46.6359946428569,30.201977012047927,26.81360642857084,22.104781842105474,26.83883378260835,54.14923223684186,42.17323894736788,35.510986617645464,23.803914772727055,29.53453166666604,34.58579290540521,32.17583101851808,19.946438869863016,18.641788786363357,30.97577889999985,19.15192083333332,21.338332846153968,44.90163749999965,40.66014698275814
BM,41.95073655914057,54.73561072261122,51.163783420181154,51.29787362637459,39.43609006410283,0.0,48.53928455528936,72.97940224359063,48.873028366666446,41.14086644370083,44.61565750915848,39.63699769565169,49.61927300000094,45.510404522745375,58.31069871794994,50.04323974358965,43.86105128205202,45.37156630303031,48.87777288345025,41.64520146520182,47.3770575757577,46.94074358974448,46.05835551282067,47.165156262733625,41.2297051282056,46.26241215384726,42.21406419230739,39.98451522144522,47.65040332640406,40.10898063840993,41.17637138130727,45.52757606837589,70.33914652014748,50.39158200185423,47.2911216666659,43.80315310391342,47.93064532664385,75.76456815114815,58.28449391362904,54.057764834085845,46.07169930069918,49.43351405982867,45.52250589050666,45.90491168091248,43.3783757639625,38.59735821363591,50.4627542666662,40.78769352869396,43.69647625641082,60.46308173076992,50.47720247568559
BO,34.23322852318582,50.14999816761453,20.631513265120887,43.325195825893445,28.0128076562502,48.53928455528936,0.0,61.42985453125096,27.872807236057497,28.27231344429364,27.25895430803597,24.79659839809753,20.502355694711493,18.464014714717788,31.39324110322024,35.99029328125027,34.03397801504665,19.50663063920449,17.33015311647705,35.53935697668689,31.65881188920486,42.18512257612243,31.56142765625032,18.655796782962558,26.77753733573724,18.50731711160716,23.498134218750053,25.05300103693184,46.06506341638583,40.83708203762815,31.149541244959916,31.06192727430564,54.98174140625091,22.07713938290652,19.09940859374996,18.561930682565745,17.466723490489244,58.10076925164566,37.06893668585544,22.464198795955653,29.800293574810592,21.487544531249743,43.488131980575005,40.475176059028286,30.462214205907674,24.897657825568047,21.532255893750023,31.71366818700426,16.444168829326728,51.86404734375096,49.6179091433198
BQ,61.51460282258013,66.50200568181768,63.79410666128906,60.46391964285795,59.34399999999935,72.97940224359063,61.42985453125096,0.0,65.04341536923056,60.93370163043358,60.991944642858,60.27772197826033,63.65435626923175,57.57037695161187,67.42293128787948,55.180587499998936,58.20403009259245,57.1710475000009,60.897782500000325,64.14257837301598,64.59800340908994,71.20307211538503,61.80596749999955,60.62077133561729,59.57400480769204,59.58537150000121,58.98817499999876,58.17619022727197,66.94373817567586,66.02670280612229,61.25008266128955,61.60472916666555,82.79183035714298,62.482887343374585,60.30539749999866,57.665992236841085,60.45329049999928,89.81720065789499,67.83725802631452,64.8495257352919,58.97592765151464,61.99004027777725,61.21434966216254,62.76517824074075,60.63003886986307,59.2875048318179,63.39094969999925,60.9260148809524,57.485389730769946,67.30999999999946,68.21085560344753
BR,35.489536074193246,51.711971943356296,29.56295195260515,48.36906522967004,28.721616276922852,48.873028366666446,27.872807236057497,65.04341536923056,0.0,28.99256531605329,31.2003134142854,24.54559652474893,30.32253962307656,24.68091661315102,42.20165093776175,38.83765135640988,35.39368437464359,27.164560886013717,28.66028788321652,36.49123801013395,29.92461868041931,43.287012638461206,31.87514320769208,27.325554506322177,27.920734371794644,27.32707104945029,24.73529770769209,25.619881656643173,48.25023631704744,42.63880922244879,31.68649599561597,31.381234599145,56.3342846340656,30.757961139480656,28.665146486812983,24.854869410930963,27.254960420401208,58.37349036801586,46.20930887084968,32.554028865610505,31.41056084825153,31.08295353076893,45.503723695010194,42.99810655413079,32.45240237081113,25.42179767027967,29.682973899999787,32.84150789975552,23.994671761538235,55.66135858461504,51.48429027400498
BS,25.52178892005581,44.80307035573052,31.104473224403986,42.33203229813631,17.13772880434792,41.14086644370083,28.27231344429364,60.93370163043358,28.99256531605329,0.0,22.191884679088886,18.886082826086792,29.94556048495032,24.04920699579251,41.40190604743168,31.871139130433985,27.22460772946813,23.83263277470292,28.562074723320283,26.29018329882628,26.928439920948065,39.08940535117004,24.64749717391284,26.61752128648055,18.378507580825023,25.670358819876107,18.931800760869727,16.32139300395258,39.56490035252583,32.441097959183345,21.38579280037382,24.628456521738894,49.054322981365445,30.33800649554726,27.2673509627322,22.56231562929078,26.99250321739091,55.38410114416374,42.386533798626544,35.635488554985606,24.878932542819,30.00931710144848,37.37375863689709,32.47924702093321,22.68360202501487,18.33621248201545,31.25709890434744,22.95200772946825,21.74671363879607,47.6195755434772,41.71714302848482
BZ,28.541878955453708,47.66942380952455,30.355986379416287,42.38328571428657,21.260873809523936,44.61565750915848,27.25895430803597,60.991944642858,31.2003134142854,22.191884679088886,0.0,23.03924976190432,29.69730113919468,24.199818654377918,37.41594099567197,32.16150238095244,29.525184656085003,23.52104680519408,27.09230679220813,29.07898888888912,29.506782683982934,41.1548758241766,26.793111666666952,23.22193204174875,21.119529670329776,22.682650761904988,22.68914935714285,21.011614155844345,40.680233590734176,35.89449183673527,24.111877265745107,27.11759047619068,51.52161428571509,27.446692259322777,23.80867357142803,21.840468947368823,26.837064985506835,57.82424235589073,40.4353710526313,33.758737128850115,25.839716450216287,26.52195865079309,39.19821248391311,37.11595714285774,25.444701826484184,21.919916730952124,30.291709809523613,25.941985714285984,21.49907875457885,48.89113154761994,44.66259950738965
CA,25.95762367040628,44.214228454545065,27.13334313884982,43.279241807452905,18.477103173912862,39.63699769565169,24.79659839809753,60.27772197826033,24.54559652474893,18.886082826086792,23.03924976190432,0.0,25.8643135250834,20.306957838709668,38.55953695256898,32.86928357970962,26.572218710144423,21.293241964426528,25.03257013438697,26.519362489302495,26.162572675888864,34.80974801895134,24.229998434782267,22.867540846336816,18.14924108918602,22.44863456521709,16.008543543478254,15.184124636363627,38.92414448766107,32.89637503194264,22.321849244038862,23.74526049758407,46.33975037888149,26.20588552592958,24.094751478260463,19.174647970251563,23.35518473913015,49.844481745994905,40.87896948054888,32.58581508439834,24.653512322792743,26.617235198067217,36.87948096474669,33.74241203703641,22.52254327873707,12.76075081442679,27.63332265217359,22.62630195928183,18.526887909698896,46.93713558695609,42.173129785606655
CL,35.95055983374748,52.09642235664424,22.259599260545844,44.973277593407424,29.8144440769236,49.61927300000094,20.502355694711493,63.65435626923175,30.32253962307656,29.94556048495032,29.69730113919468,25.8643135250834,0.0,21.248864950372266,33.29063435664371,37.64259258974416,36.10847109116863,23.12998581118893,21.43941400000007,37.36425269475036,33.53881167132935,43.68607182051361,32.570514769231366,22.56096967017931,29.265111410256747,22.54892607692327,26.26049626923105,27.38185427272766,47.978147419959285,42.40319978806979,33.16058244251504,32.11316233333382,56.93244992307787,24.793335563484547,23.224909626373744,20.64557343724708,21.29341865217389,59.89236128340176,37.97993133198414,26.844564886877865,32.46604371794953,25.06056890598317,45.06755821413804,42.55793815099787,32.30932936880962,26.27614205069916,22.792917492307925,33.647652865690524,20.447009461538503,54.13427711538552,50.8511835570299
CO,30.43788109677428,47.24336936656818,21.75424893548391,41.36865635944661,23.783235548387207,45.510404522745375,18.464014714717788,57.57037695161187,24.68091661315102,24.04920699579251,24.199818654377918,20.306957838709668,21.248864950372266,0.0,33.25607326490724,33.03916305376356,29.57004627240148,17.1283536304985,17.212488260996935,31.46810015156178,27.757862973607093,39.12646515467293,27.50923300000013,17.052776799823206,22.91356271960299,16.586543788018417,18.251510532258106,20.064632340176026,43.33830437314672,38.18040413693189,26.72448939784947,26.813202179211583,50.77259429492999,21.28166360202081,18.48670258986179,14.072313382003449,16.965485568022668,53.5511092292011,38.171909983021855,26.6930360056926,27.402513683284525,21.055832813620132,40.745783276372734,36.89642581361984,27.5552655598764,20.797494220967582,23.169905793548672,27.37027627342555,11.957437736972585,49.28088604838627,46.12774110789693
CR,46.34327494623772,60.56723242424358,33.18460518181819,49.176507878789096,41.28642878787971,58.31069871794994,31.39324110322024,67.42293128787948,42.20165093776175,41.40190604743168,37.41594099567197,38.55953695256898,33.29063435664371,33.25607326490724,0.0,44.721921818182615,47.00309228956344,32.845132303029835,31.17285778787929,47.71365020202115,44.83974575757673,54.3066794638706,43.15272893939513,30.16386136571279,40.89060752913834,29.833290926407685,38.99302971212188,39.44827333333418,55.159873587224766,49.8992638157091,43.88800151515252,42.70979282828383,67.93365103896159,33.23762513545057,27.485189610389885,29.69324867623656,33.60089671673219,70.17368706539109,37.919155055821705,31.932122468805115,42.23016939394024,29.498779848484613,53.0671473791986,52.52269592592699,41.26892158156981,37.706348140908695,31.23057883636417,45.10101103896217,32.4043952494175,62.27160234848609,58.61432682340769
CW,35.94842956989198,52.88933030302962,38.4954545913976,33.968521428571115,30.586899999999325,50.04323974358965,35.99029328125027,55.180587499998936,38.83765135640988,31.871139130433985,32.16150238095244,32.86928357970962,37.64259258974416,33.03916305376356,44.721921818182615,0.0,38.910072222221466,32.15238915151399,35.680012757576264,36.607699206348464,35.27048181818093,47.71162820512775,34.17481833333309,34.748947625571404,32.12086025640985,33.85409142857194,32.62365583333275,31.911459696969672,46.66778603603545,40.435591496598455,32.36527365591337,34.37016666666604,60.80624523809419,38.01903893975925,35.04597261904667,31.64179701754424,35.11339724637632,67.35192105263052,45.75836368420989,41.614544607841445,31.3507712121206,37.52768777777701,40.46893873873822,45.35230370370304,33.94953995433763,31.64119064090894,37.95344919999945,35.19410873015791,30.97582241025679,56.38928749999891,50.435271264366605
DM,26.346333930705192,39.60349494949494,37.43519378614074,45.75846560846633,24.413741666666454,43.86105128205202,34.03397801504665,58.20403009259245,35.39368437464359,27.22460772946813,29.525184656085003,26.572218710144423,36.10847109116863,29.57004627240148,47.00309228956344,38.910072222221466,0.0,28.828900848483755,34.31283561279503,28.115550264549896,32.3771020202016,40.57828490028532,29.410417222222467,31.733746210046267,23.81509487179491,31.007848730159253,22.68924327777783,21.581501447811576,37.44197497497507,36.77008390022704,24.455710872162253,29.81472592592596,48.54616402116404,35.94192751628744,32.38446126984039,28.10563031189116,32.34405247342945,57.79858869395731,48.31187226120763,41.25999458605477,31.21552323232304,35.422951851851096,36.040781781781945,31.40018518518484,29.097707864028333,26.596540576598937,37.63605548148104,23.518423280423093,26.23892744159564,43.61546064814809,39.84053767560632
DO,29.41779277419245,45.70039563636383,23.528737920821104,40.76001981818137,23.879410318181137,45.37156630303031,19.50663063920449,57.1710475000009,27.164560886013717,23.83263277470292,23.52104680519408,21.293241964426528,23.12998581118893,17.1283536304985,32.845132303029835,32.15238915151399,28.828900848483755,0.0,19.52765081818156,30.794112178931044,27.93635963636259,39.42468205128152,26.604748818181083,18.03973150684946,22.45977967365924,16.712628233766093,18.624675954545456,20.049394727272556,41.584498063881725,36.33269922077863,26.608534443791907,27.040733252524387,49.30594046753304,22.44769610076652,17.60552294805184,15.890369923445135,19.47341412648209,54.8710196363643,35.32636355023894,26.675089673796016,27.115575151514506,21.25128177777762,38.393339557738976,35.34023094949396,26.614823765877546,21.071705731818,24.237727309090516,27.076994476189427,13.487068657342627,47.04638059090944,43.77120942946703
EC,34.577400888563446,50.69060972727299,22.318229073313752,42.60952014285768,28.149788136363863,48.87777288345025,17.33015311647705,60.897782500000325,28.66028788321652,28.562074723320283,27.09230679220813,25.03257013438697,21.43941400000007,17.212488260996935,31.17285778787929,35.680012757576264,34.31283561279503,19.52765081818156,0.0,35.83344831601775,31.92438154545483,42.63766161538499,31.4915194545458,18.61187357036109,27.457973862471004,18.222160558441537,23.676177772727275,25.353321545454538,46.443217594595,41.20904271799672,31.459119631476288,31.098302676767847,54.631427545454855,21.90271178641822,18.7847812597402,17.53400833014323,18.170025505928816,58.3664222153113,36.790449995215575,24.42635527272716,30.649338030303163,21.215081858585663,43.91786503439844,40.85222669023618,31.2856264470736,25.235327813636168,22.931407145454745,32.25279564646503,16.06528232867093,52.222180590909446,49.47780550156782
GD,23.63340885816685,45.5230288600289,38.80636781925215,42.51580158730189,21.644398214285527,41.64520146520182,35.53935697668689,64.14257837301598,36.49123801013395,26.29018329882628,29.07898888888912,26.519362489302495,37.36425269475036,31.46810015156178,47.71365020202115,36.607699206348464,28.115550264549896,30.794112178931044,35.83344831601775,0.0,32.437511832611264,41.29128815628828,30.545190079365145,33.734139621657455,23.518758119658187,32.63315311111168,26.27386634126972,22.69588939393948,37.377139425139326,32.75033106575937,21.69853200204788,30.67259365079355,52.72387301587321,37.35807990629201,33.998692539681656,30.00430552213897,34.65289308488565,62.11551963241491,48.78525843776029,42.68805147992353,31.444324386724062,36.67652793650715,37.3012235092234,36.11936507936482,27.1374287018916,26.723969311615875,38.54424244444401,20.08947619047601,28.714534879121157,48.626995039682605,43.49788177339878
GF,31.5270217008797,46.99866363636312,34.235137645161146,45.7873603896105,25.65310681818141,47.3770575757577,31.65881188920486,64.59800340908994,29.92461868041931,26.928439920948065,29.506782683982934,26.162572675888864,33.53881167132935,27.757862973607093,44.83974575757673,35.27048181818093,32.3771020202016,27.93635963636259,31.92438154545483,32.437511832611264,0.0,42.71220163170149,20.69159772727276,30.368220846824958,25.10221212121204,29.9614238701303,23.07842377272709,24.93567545454544,45.72473931203897,39.69865250463794,26.97635434995081,20.230876767676705,55.652079220778525,34.26138017305575,31.02148694805106,27.04350071770358,30.346796553359223,57.52951913875529,47.467654593300736,38.26769954545288,28.91973636363606,33.885448838383056,41.07522579852551,39.37429124579085,31.67623001245308,27.39112620454509,34.36406090909037,29.31536695526654,25.573015958042173,53.65762159090825,48.1734561128517
GL,40.97850661703946,54.937433566433874,44.79957545326632,51.873346153847024,37.32541250000003,46.94074358974448,42.18512257612243,71.20307211538503,43.287012638461206,39.08940535117004,41.1548758241766,34.80974801895134,43.68607182051361,39.12646515467293,54.3066794638706,47.71162820512775,40.57828490028532,39.42468205128152,42.63766161538499,41.29128815628828,42.71220163170149,0.0,42.33643602564111,40.5040435335449,38.01451538461569,40.26733989011083,35.90836883333305,36.25859191142199,49.58340055440116,43.92508058608119,39.17952522746084,41.61517179487152,66.59556410256474,44.108230914427466,41.43490331501739,38.86977863697713,41.60462202452575,69.10346828610056,56.53907785424957,48.64948395927418,41.61119487179469,43.47475153846096,46.04781774081825,46.035535612536144,42.12578545837752,35.410775857458844,44.46529184615324,38.53551159951176,37.43549564102612,59.239501602564495,52.397654288240446
GP,28.955408548387528,42.70732863636368,33.4940092903225,44.538273571429066,23.10201500000011,46.05835551282067,31.56142765625032,61.80596749999955,31.87514320769208,24.64749717391284,26.793111666666952,24.229998434782267,32.570514769231366,27.50923300000013,43.15272893939513,34.17481833333309,29.410417222222467,26.604748818181083,31.4915194545458,30.545190079365145,20.69159772727276,42.33643602564111,0.0,29.6887255479459,23.638122692307935,29.18491671428628,22.31389550000008,23.219262272727512,41.178236891892055,37.63821520408185,25.416120268817227,13.660461666666563,52.00993071428557,33.607358204819135,30.2706978571422,26.011389210526747,30.108392565216995,54.782399736842,44.744416052631045,38.38689941176316,28.0127377272726,33.03902777777716,37.39022824324356,37.63814462962974,27.684285273972808,25.60784801363609,33.81315299999971,27.276862301587453,25.001537769231074,49.51347249999981,45.09154465517212
GT,32.60994793636833,49.20261013698704,22.959710359257546,42.44760534246669,26.18142356164428,47.165156262733625,18.655796782962558,60.62077133561729,27.325554506322177,26.61752128648055,23.22193204174875,22.867540846336816,22.56096967017931,17.052776799823206,30.16386136571279,34.748947625571404,31.733746210046267,18.03973150684946,18.61187357036109,33.734139621657455,30.368220846824958,40.5040435335449,29.6887255479459,0.0,25.33215459782265,13.788048833659658,21.77493214383588,22.909347085928232,44.65849929655757,38.62324094492664,29.167313913684485,29.167305144597137,52.64377831702623,20.101395512790862,14.99537769080239,15.495750735400408,18.52637727099456,55.91278993511263,36.8166323359773,25.402153178887957,28.933698538813005,16.182231872146353,42.34550613106337,38.75836927448074,29.051029041096264,23.04372880778306,23.536785167123387,29.674802113503592,15.388279239198978,50.486044828767966,47.94331658006669
GY,23.39256956162142,42.784522843822906,30.2463750463192,42.93355860805908,16.047234615384827,41.2297051282056,26.77753733573724,59.57400480769204,27.920734371794644,18.378507580825023,21.119529670329776,18.14924108918602,29.265111410256747,22.91356271960299,40.89060752913834,32.12086025640985,23.81509487179491,22.45977967365924,27.457973862471004,23.518758119658187,25.10221212121204,38.01451538461569,23.638122692307935,25.33215459782265,0.0,24.283597252747565,16.839407987179655,14.372048974358986,37.4388345807348,33.36134364207244,19.421831844499625,23.655951282051383,46.51859377289377,29.121746957676727,25.637115897435308,21.500718151147318,25.83953310144893,53.94159230769229,42.69881183535735,34.57848365761553,19.90278251748234,28.649081752136347,36.31472688842714,32.78007378917375,19.49287379697933,18.39908409172468,30.62789299487147,19.465531013431104,19.79658733333336,44.83826314102554,41.97613412908913
HN,31.64877569585319,48.02977010389706,23.115734400921767,41.8002742857152,25.25208300000039,46.26241215384726,18.50731711160716,59.58537150000121,27.32707104945029,25.670358819876107,22.682650761904988,22.44863456521709,22.54892607692327,16.586543788018417,29.833290926407685,33.85409142857194,31.007848730159253,16.712628233766093,18.222160558441537,32.63315311111168,29.9614238701303,40.26733989011083,29.18491671428628,13.788048833659658,24.283597252747565,0.0,20.405668214285797,21.90237662337676,43.65931242471126,37.52453808163348,28.10184919508493,28.67738911111144,52.007429428572486,21.030689435455944,13.69880957142857,14.332347127819425,18.706525043478223,55.8365032932343,36.26386830075197,25.09687602520958,28.14394911688351,15.9854950158729,40.94727639382327,37.599532179894986,28.439292778865287,22.623537596753057,23.13458720000004,28.583797428571973,14.075028527472377,49.31724550000113,46.98458986206981
HT,25.415764048387125,42.830383409090274,27.332299725806493,43.31847464285673,18.43437350000024,42.21406419230739,23.498134218750053,58.98817499999876,24.73529770769209,18.931800760869727,22.68914935714285,16.008543543478254,26.26049626923105,18.251510532258106,38.99302971212188,32.62365583333275,22.68924327777783,18.624675954545456,23.676177772727275,26.27386634126972,23.07842377272709,35.90836883333305,22.31389550000008,21.77493214383588,16.839407987179655,20.405668214285797,0.0,13.24222659090923,39.83271152702665,34.561797540816144,20.987467801075287,21.915980277777795,44.47062007142805,26.324661451807017,21.83441049999983,17.35435692105292,21.62744858695632,48.8252253421046,42.48420223684163,32.20353802941068,23.458882015151364,25.47636383333285,36.62322468918892,31.00045705555528,23.628676924657537,17.678058513636145,27.95451489999976,21.292344007936588,14.510755269230604,46.29305499999913,42.08388963793028
JM,22.271845894428296,40.98063363636341,28.5621239032258,42.213936883116936,14.435044318181896,39.98451522144522,25.05300103693184,58.17619022727197,25.619881656643173,16.32139300395258,21.011614155844345,15.184124636363627,27.38185427272766,20.064632340176026,39.44827333333418,31.911459696969672,21.581501447811576,20.049394727272556,25.353321545454538,22.69588939393948,24.93567545454544,36.25859191142199,23.219262272727512,22.909347085928232,14.372048974358986,21.90237662337676,13.24222659090923,0.0,36.86286444717444,31.030104471243305,18.577676510263917,22.816499494949607,43.65871701298672,27.326356573931907,23.384150779220484,18.662040861244197,23.376816996047296,50.13931267942549,41.57064258373179,33.27796788769932,22.97206515151519,26.54986252525225,35.21277334152343,29.85485316498332,19.43671383561653,16.28336452272698,28.90363374545444,18.53993929292937,16.935407216783126,43.71255568181793,40.36656360501544
KN,34.220273321709094,49.636773955774046,49.74357796251001,49.91532722007792,36.00818918918905,47.65040332640406,46.06506341638583,66.94373817567586,48.25023631704744,39.56490035252583,40.680233590734176,38.92414448766107,47.978147419959285,43.33830437314672,55.159873587224766,46.66778603603545,37.44197497497507,41.584498063881725,46.443217594595,37.377139425139326,45.72473931203897,49.58340055440116,41.178236891892055,44.65849929655757,37.4388345807348,43.65931242471126,39.83271152702665,36.86286444717444,0.0,41.83327523441852,36.44585905260087,41.89163603603577,61.27444787644827,47.78128735070065,44.81455913127319,41.71931571834968,46.19778958636852,71.59268421052649,53.81091184921642,51.59430905405208,42.20903423423406,46.54601849849803,39.30497297297328,43.52531531531567,37.28419733432078,38.53305605343933,48.2877466918913,34.9821265551265,41.16014299376346,51.73403547297333,47.11438024231121
KY,31.7627337063861,50.070849721707134,43.59600933706336,42.63622959183725,30.70325765306127,40.10898063840993,40.83708203762815,66.02670280612229,42.63880922244879,32.441097959183345,35.89449183673527,32.89637503194264,42.40319978806979,38.18040413693189,49.8992638157091,40.435591496598455,36.77008390022704,36.33269922077863,41.20904271799672,32.75033106575937,39.69865250463794,43.92508058608119,37.63821520408185,38.62324094492664,33.36134364207244,37.52453808163348,34.561797540816144,31.030104471243305,41.83327523441852,0.0,32.25081522931756,37.3740054421768,62.70248979591886,42.3388189436936,39.24969877550937,35.93692834586492,40.435069845607394,68.62558216971027,50.02903287862439,46.234651350538506,38.41379604205316,41.5105782993192,40.49411472697233,38.91056235827697,34.4255968129719,32.392054947959096,42.9497627510199,32.118741496598545,36.03533560753582,54.1203660714288,44.78861083743824
LC,21.501876344086018,43.01785923753641,34.25985291397829,41.62024155145948,17.181967741935534,41.17637138130727,31.149541244959916,61.25008266128955,31.68649599561597,21.38579280037382,24.111877265745107,22.321849244038862,33.16058244251504,26.72448939784947,43.88800151515252,32.36527365591337,24.455710872162253,26.608534443791907,31.459119631476288,21.69853200204788,26.97635434995081,39.17952522746084,25.416120268817227,29.167313913684485,19.421831844499625,28.10184919508493,20.987467801075287,18.577676510263917,36.44585905260087,32.25081522931756,0.0,25.49902150537617,49.270215053763074,33.24736730768219,29.59210585253373,25.436860786644285,29.8970849808317,57.56308885115987,45.23284198641698,38.37839927577316,27.244242228738628,32.390150824372014,34.861632374309664,33.49899999999959,23.98272800117828,22.47479517844537,34.236355032257634,18.514639016897043,24.20373614722925,45.93921706989192,41.38833185020333
MQ,29.308591756272666,43.996818181817616,33.211451874552004,44.29868571428567,22.742580555555527,45.52757606837589,31.06192727430564,61.60472916666555,31.381234599145,24.628456521738894,27.11759047619068,23.74526049758407,32.11316233333382,26.813202179211583,42.70979282828383,34.37016666666604,29.81472592592596,27.040733252524387,31.098302676767847,30.67259365079355,20.230876767676705,41.61517179487152,13.660461666666563,29.167305144597137,23.655951282051383,28.67738911111144,21.915980277777795,22.816499494949607,41.89163603603577,37.3740054421768,25.49902150537617,0.0,52.35032222222134,33.027154741633026,29.906752619046948,25.49781362573123,29.81041319806717,54.21369415204592,44.55195514619804,37.77145421568462,27.67744747474736,32.49147777777729,38.18648588588576,37.46565555555529,27.69827031963467,25.05753866111076,33.38527604444419,27.704261904761854,24.872808444444647,50.42481527777695,45.11723716475028
MS,49.93283640552987,68.75557142857093,58.32715753456117,70.51732142857247,46.6359946428569,70.33914652014748,54.98174140625091,82.79183035714298,56.3342846340656,49.054322981365445,51.52161428571509,46.33975037888149,56.93244992307787,50.77259429492999,67.93365103896159,60.80624523809419,48.54616402116404,49.30594046753304,54.631427545454855,52.72387301587321,55.652079220778525,66.59556410256474,52.00993071428557,52.64377831702623,46.51859377289377,52.007429428572486,44.47062007142805,43.65871701298672,61.27444787644827,62.70248979591886,49.270215053763074,52.35032222222134,0.0,57.92568145611102,52.71115785714181,48.88505571428499,53.57239505590001,71.42593984962402,68.9041554135331,62.30174390756067,52.91720865800831,56.33814523809465,62.91053667953717,60.269671957672216,51.07916712328781,48.49930887207757,56.97550737142786,47.85369841269848,47.17618134065992,70.10784821428562,69.94464039408818
MX,36.40962699572493,52.2028399671421,25.10643391566253,45.093217056799055,30.201977012047927,50.39158200185423,22.07713938290652,62.482887343374585,30.757961139480656,30.33800649554726,27.446692259322777,26.20588552592958,24.793335563484547,21.28166360202081,33.23762513545057,38.01903893975925,35.94192751628744,22.44769610076652,21.90271178641822,37.35807990629201,34.26138017305575,44.108230914427466,33.607358204819135,20.101395512790862,29.121746957676727,21.030689435455944,26.324661451807017,27.326356573931907,47.78128735070065,42.3388189436936,33.24736730768219,33.027154741633026,57.92568145611102,0.0,21.12016088468141,21.130664204184985,22.27680635515957,60.84417721750255,38.14299166899186,28.486695423812687,32.86638987513676,23.230651502007877,45.42614280364747,42.21487287104012,32.90566409605541,25.539533008707444,26.211574645783,34.096512506789,19.679265023169577,54.21537954819362,51.222478531783096
NI,33.13397626728038,49.00116435064831,23.89304249769584,42.177012142856285,26.81360642857084,47.2911216666659,19.09940859374996,60.30539749999866,28.665146486812983,27.2673509627322,23.80867357142803,24.094751478260463,23.224909626373744,18.48670258986179,27.485189610389885,35.04597261904667,32.38446126984039,17.60552294805184,18.7847812597402,33.998692539681656,31.02148694805106,41.43490331501739,30.2706978571422,14.99537769080239,25.637115897435308,13.69880957142857,21.83441049999983,23.384150779220484,44.81455913127319,39.24969877550937,29.59210585253373,29.906752619046948,52.71115785714181,21.12016088468141,0.0,16.125979398496497,19.75169618633524,57.10898796992368,35.41657748120276,24.873568025209227,28.952356515150985,16.352706666666656,42.24815113899516,38.60730568782967,29.71463265166323,24.318609330519376,23.848205257142503,29.95466015872937,15.37595515384603,50.18983749999886,47.78865899014662
PA,28.874205449915568,45.82440588516685,22.073154134125616,40.0872110526317,22.104781842105474,43.80315310391342,18.561930682565745,57.665992236841085,24.854869410930963,22.56231562929078,21.840468947368823,19.174647970251563,20.64557343724708,14.072313382003449,29.69324867623656,31.64179701754424,28.10563031189116,15.890369923445135,17.53400833014323,30.00430552213897,27.04350071770358,38.86977863697713,26.011389210526747,15.495750735400408,21.500718151147318,14.332347127819425,17.35435692105292,18.662040861244197,41.71931571834968,35.93692834586492,25.436860786644285,25.49781362573123,48.88505571428499,21.130664204184985,16.125979398496497,0.0,16.76077117620147,52.18436894736768,35.62791789473702,25.696577321980733,25.772005885167516,18.898321608187008,39.36040584637274,35.53943865497091,25.407063943763664,19.685915803109857,21.81340661052629,26.014421445280156,12.308983846153652,47.95259039473613,44.986542232304345
PE,33.43748045722258,49.92640407905076,22.059659305750515,43.46859055900576,26.83883378260835,47.93064532664385,17.466723490489244,60.45329049999928,27.254960420401208,26.99250321739091,26.837064985506835,23.35518473913015,21.29341865217389,16.965485568022668,33.60089671673219,35.11339724637632,32.34405247342945,19.47341412648209,18.170025505928816,34.65289308488565,30.346796553359223,41.60462202452575,30.108392565216995,18.52637727099456,25.83953310144893,18.706525043478223,21.62744858695632,23.376816996047296,46.19778958636852,40.435069845607394,29.8970849808317,29.81041319806717,53.57239505590001,22.27680635515957,19.75169618633524,16.76077117620147,0.0,56.1920579405027,39.20151214187604,26.527822401534117,29.54850108300358,22.617617903381475,43.45964857344248,39.6511188631235,30.37000819773649,23.772852080829782,23.38876953043471,30.3969329772252,15.05946978595327,51.43051741304287,49.19674991903988
PM,60.58318421052619,74.53781818181776,60.68813444651839,75.86903195488838,54.14923223684186,75.76456815114815,58.10076925164566,89.81720065789499,58.37349036801586,55.38410114416374,57.82424235589073,49.844481745994905,59.89236128340176,53.5511092292011,70.17368706539109,67.35192105263052,57.79858869395731,54.8710196363643,58.3664222153113,62.11551963241491,57.52951913875529,69.10346828610056,54.782399736842,55.91278993511263,53.94159230769229,55.8365032932343,48.8252253421046,50.13931267942549,71.59268421052649,68.62558216971027,57.56308885115987,54.21369415204592,71.42593984962402,60.84417721750255,57.10898796992368,52.18436894736768,56.1920579405027,0.0,74.41171105263086,65.23771738389871,58.3005129186599,59.66976722222172,70.56432290184948,66.98796296296342,58.563979524153055,52.98689105047818,60.39307332631505,57.09385296574795,51.29329623481844,79.00194407894743,76.88919237749542
PR,46.99086483870902,60.72828081339586,38.66155764516115,49.28832992481115,42.17323894736788,58.28449391362904,37.06893668585544,67.83725802631452,46.20930887084968,42.386533798626544,40.4353710526313,40.87896948054888,37.97993133198414,38.171909983021855,37.919155055821705,45.75836368420989,48.31187226120763,35.32636355023894,36.790449995215575,48.78525843776029,47.467654593300736,56.53907785424957,44.744416052631045,36.8166323359773,42.69881183535735,36.26386830075197,42.48420223684163,41.57064258373179,53.81091184921642,50.02903287862439,45.23284198641698,44.55195514619804,68.9041554135331,38.14299166899186,35.41657748120276,35.62791789473702,39.20151214187604,74.41171105263086,0.0,38.37752044891577,44.85137175438546,37.3550709941521,52.50558459459349,53.049327660817646,41.67370855803885,37.309805719377735,36.534086989473664,46.03164949874609,36.44999110121478,61.82743381578807,55.9860552268589
PY,41.08303649904952,55.986920508019296,23.777578895635628,47.33852978991412,35.510986617645464,54.057764834085845,22.464198795955653,64.8495257352919,32.554028865610505,35.635488554985606,33.758737128850115,32.58581508439834,26.844564886877865,26.6930360056926,31.932122468805115,41.614544607841445,41.25999458605477,26.675089673796016,24.42635527272716,42.68805147992353,38.26769954545288,48.64948395927418,38.38689941176316,25.402153178887957,34.57848365761553,25.09687602520958,32.20353802941068,33.27796788769932,51.59430905405208,46.234651350538506,38.37839927577316,37.77145421568462,62.30174390756067,28.486695423812687,24.873568025209227,25.696577321980733,26.527822401534117,65.23771738389871,38.37752044891577,0.0,36.30069478609505,26.789595457515524,48.99589436406803,47.079721165575336,37.04685235696908,32.35706573395698,22.869302882352425,39.12192553221108,24.88675685520347,57.9057113235272,55.23882619675246
SR,30.30801163245351,48.04417575757538,33.28163360997075,41.98456060606074,23.803914772727055,46.07169930069918,29.800293574810592,58.97592765151464,31.41056084825153,24.878932542819,25.839716450216287,24.653512322792743,32.46604371794953,27.402513683284525,42.23016939394024,31.3507712121206,31.21552323232304,27.115575151514506,30.649338030303163,31.444324386724062,28.91973636363606,41.61119487179469,28.0127377272726,28.933698538813005,19.90278251748234,28.14394911688351,23.458882015151364,22.97206515151519,42.20903423423406,38.41379604205316,27.244242228738628,27.67744747474736,52.91720865800831,32.86638987513676,28.952356515150985,25.772005885167516,29.54850108300358,58.3005129186599,44.85137175438546,36.30069478609505,0.0,32.180234494949,38.3532566748566,39.35614680134668,25.696264923204428,25.0458789469695,32.89043082424217,28.54683549783527,25.07769742191164,50.69762840909049,47.2477598746076
SV,35.58243870967678,51.13086520201947,25.383154473118417,44.477366031745554,29.53453166666604,49.43351405982867,21.487544531249743,61.99004027777725,31.08295353076893,30.00931710144848,26.52195865079309,26.617235198067217,25.06056890598317,21.055832813620132,29.498779848484613,37.52768777777701,35.422951851851096,21.25128177777762,21.215081858585663,36.67652793650715,33.885448838383056,43.47475153846096,33.03902777777716,16.182231872146353,28.649081752136347,15.9854950158729,25.47636383333285,26.54986252525225,46.54601849849803,41.5105782993192,32.390150824372014,32.49147777777729,56.33814523809465,23.230651502007877,16.352706666666656,18.898321608187008,22.617617903381475,59.66976722222172,37.3550709941521,26.789595457515524,32.180234494949,0.0,44.48703072072004,41.46034666666601,32.1295785388125,26.270528689393814,25.57647175555513,33.05172365079288,18.974652649572462,53.08112083333268,50.25360021072722
SX,34.80220706190094,43.44442506142518,46.83432280993824,43.853704633205126,34.58579290540521,45.52250589050666,43.488131980575005,61.21434966216254,45.503723695010194,37.37375863689709,39.19821248391311,36.87948096474669,45.06755821413804,40.745783276372734,53.0671473791986,40.46893873873822,36.040781781781945,38.393339557738976,43.91786503439844,37.3012235092234,41.07522579852551,46.04781774081825,37.39022824324356,42.34550613106337,36.31472688842714,40.94727639382327,36.62322468918892,35.21277334152343,39.30497297297328,40.49411472697233,34.861632374309664,38.18648588588576,62.91053667953717,45.42614280364747,42.24815113899516,39.36040584637274,43.45964857344248,70.56432290184948,52.50558459459349,48.99589436406803,38.3532566748566,44.48703072072004,0.0,40.8555895895899,38.522433543132365,36.49200104164582,45.52149363243191,35.88137151437151,38.54283739708988,53.464913851351696,45.76004846225546
