ISO_CODE,AD,AL,AT,BA,BE,BG,BY,CH,CY,CZ,DE,DK,EE,ES,FI,FO,FR,GB,GI,GR,HR,HU,IE,IM,IS,IT,LI,LT,LU,LV,MC,MD,ME,MK,MT,NL,NO,PL,PT,RO,RS,RU,SE,SI,SK,SM,UA
AD,0.0,309.77397765567565,283.9583841604007,316.64401505953083,271.3317485513184,302.52139908730425,308.700325949712,268.9468987594021,321.5713525346187,284.17758156866364,285.55983239137134,287.1942128446097,288.65764036961565,249.726073744022,285.526603103448,360.6044841270055,276.9712221176428,290.6068416538764,500.3239513457996,298.33090038096304,317.61072408519715,293.91117894736817,324.1938238095338,380.9227142857427,315.804359890133,300.624981276504,541.9808809524154,347.267640565478,288.7273567099492,286.4665533662149,492.20380952386944,294.122629493128,312.62040519480297,324.1985109957064,362.9031686507634,283.91556770564614,288.6276538095258,287.5741526369197,301.63316325651834,300.2848041837014,300.97157199133704,303.61363910710594,283.92534910709986,295.48941875900266,290.13144687620326,877.7691806722004,292.08393135496755
AL,309.77397765567565,0.0,163.93439275303498,153.98420240384618,159.61162206934213,159.314424551286,180.1075244598098,150.837747712545,182.0833488172204,162.5144111010635,160.19008691106134,172.32377054655956,162.015448220436,171.17120874678545,166.76347647214843,339.6549304273444,168.4550792352961,180.54906774859413,494.5465434113808,160.68017524475954,178.17602085019422,170.26150483130488,217.01594016482764,373.8365041025689,209.8892176923149,181.52227291563457,486.7937820512795,221.17110120192345,190.77544722610827,154.9276383908014,447.3365534615469,153.94978287841235,163.09971617715564,144.57421958041238,253.7234906410431,165.7540798601355,169.3929547863286,165.11444925000995,206.66143870968253,161.15513489010388,148.3725214219089,178.27904782692107,164.4026418749877,163.4884938772285,160.2565241538467,810.8195161084585,164.10178906993193
AT,283.9583841604007,163.93439275303498,0.0,158.2817275657819,106.82778171237416,145.43588630116838,158.26730270844996,85.7685755263106,176.05973111489112,115.32176059854376,84.15560291611891,121.17312184209337,130.70253726628408,134.33857719078318,121.68465012702762,316.9535380701669,127.33120808359322,131.53759248523488,477.3544323798304,147.76332058374038,160.97143157894283,130.19909684209526,175.86415763157262,345.9314350877024,177.91623129554063,157.60140144142534,442.68934701751033,203.2216708881621,145.76771468898997,126.89617265576108,428.2507128947084,140.88559945669746,166.5624823763924,178.07722593301918,243.38614500000597,115.69173035618874,125.14660397660496,128.5296725723788,181.6362028862539,146.1929297475882,139.78666956937147,153.7361927324581,115.99011231907228,131.8462779425677,118.89235305262788,809.7901136223375,140.23223966027996
BA,316.64401505953083,153.98420240384618,158.2817275657819,0.0,161.2391923063493,149.32179847222795,185.058943174174,156.412153157885,184.70689581990555,150.26005213235936,162.86108153125596,168.22416302631325,163.6570309701616,173.7012580416556,163.84344155173028,344.3730674999995,174.4581892500032,179.04203311585357,496.1958647825979,159.59942720455356,133.57939197369268,156.10489596490595,213.02816642856365,373.280591250005,218.5897962500189,192.9891727419407,487.7942220833174,210.4891593750145,197.7909871969701,154.52483297415193,455.05815624999,155.58178841398868,127.58115946969816,141.90603625000966,261.8523363889267,165.00828587120716,168.19946652778347,159.3190125000128,207.99082524194017,155.25237915815683,102.4817229924171,182.85341516666008,161.18120312498854,143.27739441919363,145.37294910000787,818.6956330881139,157.25404272728375
BE,271.3317485513184,159.61162206934213,106.82778171237416,161.2391923063493,0.0,140.4536834937414,137.5902689175523,80.94983422905565,176.1250785658132,110.16282636564412,98.18515992649849,109.22928058931986,113.30286045196394,118.42155499119649,107.21191418164103,303.3593932863859,83.36147216238582,119.07034410168158,476.022778450685,143.52858576441022,166.3993902001558,131.88764875957153,174.04368318914348,342.3815554929584,159.76935759480793,151.10649680190733,464.5656997652434,202.81911426938416,128.31569075117463,114.56568981544233,408.940901197168,128.79154333938914,164.95033215963193,181.3765871062813,242.81750906887223,82.22178149523066,109.40771151016874,115.1350186267582,173.10219393912735,137.7640437525148,137.11760351685766,132.6829685551646,99.41251336707704,136.72228807369868,120.27271882816852,813.3061164291714,131.27550219334236
BG,302.52139908730425,159.314424551286,145.43588630116838,149.32179847222795,140.4536834937414,0.0,175.54093708801693,138.8616766520417,169.71758486559796,131.12619024509746,147.57893485069513,151.29051092105385,146.72893511194852,159.472823819433,148.60817742337352,331.4277963889031,155.98561876143904,158.7915992994607,480.63811467395067,128.42529640909663,152.64698738303974,130.97343150584763,195.5589141666652,356.15700638890223,202.05249638888756,170.26307038889124,478.4182013889187,195.1530197916701,181.559799065652,138.8113180747262,434.6798875000263,145.00160612008435,166.45076280302908,155.54946184343942,244.33372694442951,145.7662815909024,154.88864916667382,134.69854400001194,187.8001189336926,118.4496981349208,131.18950073232915,171.09246052777985,147.0406368402768,143.22312542929944,127.44356058890544,802.3387480881876,144.07858398485666
BY,308.700325949712,180.1075244598098,158.26730270844996,185.058943174174,137.5902689175523,175.54093708801693,0.0,125.4486950472909,225.2794776972556,131.73662430050092,119.33877629038288,150.0943862063754,103.85519979874884,145.76172303884596,108.63937009299428,318.0438757802771,118.0303870310609,164.52656944970943,530.9833051783246,187.84896595710717,212.6516799704079,173.8746966646895,234.6073024638644,393.1607385768045,178.71660920485797,203.91701518702524,496.7544483146068,237.18322975423345,199.0767500851164,104.19085003228072,441.7765665730452,102.90929822399087,190.1512325502206,222.8160928702832,309.9214683832726,120.69025125182851,127.57421333959454,134.86894207445584,235.946600137726,170.46770432126445,160.1379242253819,39.56907685487153,117.9764989922719,181.99197233003773,156.32767771235785,851.3787678122758,98.78812822165996
CH,268.9468987594021,150.837747712545,85.7685755263106,156.412153157885,80.94983422905565,138.8616766520417,125.4486950472909,0.0,178.39840003679242,105.47718504126956,76.72642677138124,108.90127263157036,107.4149892340805,113.43399184429504,100.47231216877287,300.5636158187088,89.5383243993826,120.39916932605752,482.11909850111584,143.08853462679923,165.64910868420787,131.1916635964817,177.6792503759355,348.17456719296734,153.51844572873182,149.0459935823406,447.4062234210239,205.5205696381583,130.41064476075397,107.87562258619354,411.73106894734536,122.74680008770542,158.76368386761692,176.52083796651158,247.5860183040988,93.22027813662812,103.69152722221662,114.48493881579394,177.04791080645714,138.1018933082705,131.4050245693683,120.73200144298328,95.2504317763116,132.07689962518117,117.97156525262729,814.9574053096408,126.0932003157778
CY,321.5713525346187,182.0833488172204,176.05973111489112,184.70689581990555,176.1250785658132,169.71758486559796,225.2794776972556,178.39840003679242,0.0,180.12260781784306,191.28066057090243,181.17577946520467,186.6781635532143,191.91816117336555,191.4978788246276,359.6234724014705,198.8548826255512,180.5073368481443,473.680348293694,138.76532817986447,180.8480412959776,172.63210930389806,192.78921629030765,353.16861370974414,226.9881145988764,187.62689583870173,490.0783440860697,210.3050634744856,192.25116451612183,177.16773670746576,456.76127419362,183.0960010752776,190.29420029325675,172.6986024242484,214.4643357527129,187.23966965135895,192.30221007168848,184.38731964383396,195.21374913977908,175.49296744679646,177.54254200389062,224.98206177687396,186.2996743279413,166.64094183772875,171.61526864947447,804.2795687537607,190.03916606941468
CZ,284.17758156866364,162.5144111010635,115.32176059854376,150.26005213235936,110.16282636564412,131.12619024509746,131.73662430050092,105.47718504126956,180.12260781784306,0.0,109.52894084742982,116.7501318111316,111.36283187590064,127.67205003185305,104.82664495605792,309.3464150327057,117.25259723529268,130.9717354634072,482.48766502985694,140.8838993155079,154.8702259958852,114.32313242517664,183.50041700281008,347.3613400000268,173.85606529413678,160.66255624477466,463.195797254896,191.7567286642303,166.4228281639951,106.77297043947388,422.7786010784362,121.12438705880612,163.19236563280694,179.67149672015054,254.76551428107427,110.39392329173256,115.88832777777591,105.83719112500432,185.1702053636932,132.10147470387278,128.7095626202998,127.89094440685896,105.46173164215637,129.9961668092745,77.35606203136794,811.7202274510454,112.06384926737076
DE,285.55983239137134,160.19008691106134,84.15560291611891,162.86108153125596,98.18515992649849,147.57893485069513,119.33877629038288,76.72642677138124,191.28066057090243,109.52894084742982,0.0,118.02982272532972,107.66088175606654,123.2205176562518,101.42472840625165,302.5197324826352,95.46166329228188,126.78869491997256,494.2296139007894,153.06942636648057,176.6022836003274,137.15835729660108,193.1155504419685,360.1617978437355,163.12732155048565,161.82778993044602,453.6107736354023,216.98717515626092,150.98051413731432,112.6231992819697,428.2174508437306,125.98617281015096,168.9623051164802,189.6662085710261,264.8335947395824,93.57104933301828,110.5641486979183,112.0646190312558,195.31996825303048,143.45078570982326,138.80101091951082,112.872619864585,100.61863546875368,146.86563990688236,126.86861060625482,826.1299122774861,128.99642829830026
DK,287.1942128446097,172.32377054655956,121.17312184209337,168.22416302631325,109.22928058931986,151.29051092105385,150.0943862063754,108.90127263157036,181.17577946520467,116.7501318111316,118.02982272532972,0.0,119.9715999175014,139.34451965130816,103.57223942829889,295.7996845906423,128.1302357244594,126.56801103594267,476.2629109038596,154.97753222489,169.6746692105243,134.09903587718242,172.80089304510628,336.73222324559725,165.70675819837172,169.4343291307317,466.4950897368108,195.3862873355268,160.1593975837293,121.21168667572628,429.91141631576056,139.02430592245858,177.12998047049047,190.355287488044,245.7039780117016,108.07603613237134,93.00472868420884,129.152666309221,188.88687759762996,150.22993277121876,148.1776327990388,144.6083027938611,87.73992527960323,142.68763646197712,126.50454622104871,814.4180627090308,137.64142105262425
EE,288.65764036961565,162.015448220436,130.70253726628408,163.6570309701616,113.30286045196394,146.72893511194852,103.85519979874884,107.4149892340805,186.6781635532143,111.36283187590064,107.66088175606654,119.9715999175014,0.0,134.155151275489,88.46959811116976,305.6375157545925,113.900690127304,137.64296102875613,499.8299295912343,156.21599763365708,177.87234519244225,139.24071225974686,196.73143864604097,359.43207388064576,157.2985171641778,175.1056671405864,476.5697218905812,197.8501235354697,161.5784846675671,84.4747097615325,429.36754701498086,108.89752752365736,165.33431714156163,190.49310374490952,260.20974174962413,104.48565976480134,107.53516647596906,117.34920158583434,200.30492931631895,142.3878842506875,140.56839092264147,102.57664829727524,100.1760323973846,143.24043205186416,128.20242392237316,829.4293331870356,116.43579998235968
ES,249.726073744022,171.17120874678545,134.33857719078318,173.7012580416556,118.42155499119649,159.472823819433,145.76172303884596,113.43399184429504,191.91816117336555,127.67205003185305,123.2205176562518,139.34451965130816,134.155151275489,0.0,127.351204688211,321.26882812499275,117.4875479485273,145.02828673475116,473.81243006704807,154.74185901135465,181.58898323024957,149.7593382565749,195.26190205356608,363.3532203749973,184.67210728523605,154.7476296518753,478.5856624583529,217.6662118333194,168.03568839013448,127.93452616809532,427.1502609583461,137.8832253050931,177.68710636740315,194.42727770073884,262.27242851386615,122.04671944065156,137.00358940277258,131.6003187916611,172.44074768950645,152.91802836479147,150.95184070831937,139.75037862499013,124.98896268750102,155.877515337109,140.41750589166256,810.8984638700896,136.07855434469218
FI,285.526603103448,166.76347647214843,121.68465012702762,163.84344155173028,107.21191418164103,148.60817742337352,108.63937009299428,100.47231216877287,191.4978788246276,104.82664495605792,101.42472840625165,103.57223942829889,88.46959811116976,127.351204688211,0.0,302.153823639857,109.73621953752456,131.08398840033524,495.7560377961887,154.6681044953054,174.42861473683325,134.49450064730146,189.7966426354624,354.51977327590623,161.24877692307922,171.22692148943372,472.1323778161767,203.48063786638448,168.0878273249699,98.8036014942552,426.5320150000735,117.11866635151053,172.71961815046592,194.85804454544743,267.40279116856874,96.44736784743338,89.21545994253285,115.81657969828542,197.87478018910167,145.58520152357775,141.25891772203596,103.44786150862974,80.46851337284502,146.0445630477207,124.49119246896376,824.3577059025637,115.3944252570601
FO,360.6044841270055,339.6549304273444,316.9535380701669,344.3730674999995,303.3593932863859,331.4277963889031,318.0438757802771,300.5636158187088,359.6234724014705,309.3464150327057,302.5197324826352,295.7996845906423,305.6375157545925,321.26882812499275,302.153823639857,0.0,306.6231026078341,302.9806845311436,479.8383985506991,328.4533417777894,347.6820528070066,324.5999716959215,342.5842938889098,391.93184722224544,306.3717482906129,348.90192175268174,544.0596222221917,388.7641185416549,338.9342929292511,313.9654030651783,507.0898055555264,324.5860727598891,345.40488989895675,355.0444894949864,395.9011249999387,305.477266868704,295.79430277778573,312.7152364305784,361.5581286379604,332.5815335261036,323.79202494950096,313.2693385832852,296.5878607291095,326.74011616160533,319.0543971111408,891.5592973856436,323.52909742422526
FR,276.9712221176428,168.4550792352961,127.33120808359322,174.4581892500032,83.36147216238582,155.98561876143904,118.0303870310609,89.5383243993826,198.8548826255512,117.25259723529268,95.46166329228188,128.1302357244594,113.900690127304,117.4875479485273,109.73621953752456,306.6231026078341,0.0,133.6198253974088,493.69551019183854,158.60751002673686,186.24271868421803,148.61763693601975,198.74617023529612,363.0097536274485,165.77032546153671,162.15662070018473,476.0825416862672,222.94428956618185,151.77692802317134,117.36197289587476,399.8618007058787,128.5535238659022,176.7575068556107,199.27744636363616,271.3558718627527,103.72731587284524,118.71517793463993,118.9993765661754,193.6324292352857,150.4249670900391,147.51130887878267,110.80227341666414,109.79544931617814,157.22390143256365,135.9363854352961,824.9750985293767,130.25667894652148
GB,290.6068416538764,180.54906774859413,131.53759248523488,179.04203311585357,119.07034410168158,158.7915992994607,164.52656944970943,120.39916932605752,180.5073368481443,130.9717354634072,126.78869491997256,126.56801103594267,137.64296102875613,145.02828673475116,131.08398840033524,302.9806845311436,133.6198253974088,0.0,446.28384231812896,155.43304701552108,177.37600734275185,146.71385846812203,126.56927520208838,300.439860146331,163.7482294821772,170.82407330054218,470.1048344715031,214.3900664176848,165.38703582408655,136.2043175435911,427.35720473167055,152.64467187935173,182.76112489430167,194.1417483813737,228.4129949241209,122.33413761418652,129.6220902439023,138.64077468292732,189.4830864862207,158.31472174365635,156.75085203694985,159.92141401829292,120.90944471951424,150.56954009953097,139.40235918048683,814.487900263946,151.1524788314846
GI,500.3239513457996,494.5465434113808,477.3544323798304,496.1958647825979,476.022778450685,480.63811467395067,530.9833051783246,482.11909850111584,473.680348293694,482.48766502985694,494.2296139007894,476.2629109038596,499.8299295912343,473.81243006704807,495.7560377961887,479.8383985506991,493.69551019183854,446.28384231812896,0.0,469.06708515415545,479.3224348512719,472.6422431426831,447.2724554037888,481.6029039855396,504.5074653846646,480.24062335907206,604.9126811593759,510.44851127716,489.74889552040696,494.2779950525441,570.0759891304386,499.1738924264552,500.7591600790502,486.9752565218022,472.63592693227673,488.38996002638567,489.0282516667162,486.4920298098118,479.4648659046405,488.2795301996628,487.9166709223589,525.735971148489,485.7656163857752,477.3801692138954,479.0060642609348,914.4734578003928,495.8574026046993
GR,298.33090038096304,160.68017524475954,147.76332058374038,159.59942720455356,143.52858576441022,128.42529640909663,187.84896595710717,143.08853462679923,138.76532817986447,140.8838993155079,153.06942636648057,154.97753222489,156.21599763365708,154.74185901135465,154.6681044953054,328.4533417777894,158.60751002673686,155.43304701552108,469.06708515415545,0.0,152.7209446411528,138.38944995853657,183.73367181817267,348.38249548485817,198.40991825175715,154.57261412023223,479.6195511515266,204.339439079556,178.52765078787868,148.79194368652634,433.72930427273286,156.5526162267917,166.71934242424632,158.78262800000306,229.7002661515359,150.93117236362875,161.51301116161935,142.86476753409468,173.56958442228486,134.15570392021482,138.1501996969712,183.52158053788332,152.1427681534066,146.84793422222938,138.9621260000029,798.2616492406007,155.60260645455023
HR,317.61072408519715,178.17602085019422,160.97143157894283,133.57939197369268,166.3993902001558,152.64698738303974,212.6516799704079,165.64910868420787,180.8480412959776,154.8702259958852,176.6022836003274,169.6746692105243,177.87234519244225,181.58898323024957,174.42861473683325,347.6820528070066,186.24271868421803,177.37600734275185,479.3224348512719,152.7209446411528,0.0,150.34294438595418,195.5634899623914,362.39197736842186,218.82950777326687,184.54437435484272,488.0099668421248,203.51706694079115,197.2231167942512,169.25855252872705,451.97693157895856,177.74136748725536,161.3293202073309,160.15736215310804,243.67836587717267,175.12437335991694,178.09563704677728,165.3247965131663,196.67740758914417,161.80231973684866,133.16097550238652,210.15956327630232,172.1941775657793,132.9481348272293,146.12967941052852,804.0063737770453,174.0221847416264
HU,293.91117894736817,170.26150483130488,130.19909684209526,156.10489596490595,131.88764875957153,130.97343150584763,173.8746966646895,131.1916635964817,172.63210930389806,114.32313242517664,137.15835729660108,134.09903587718242,139.24071225974686,149.7593382565749,134.49450064730146,324.5999716959215,148.61763693601975,146.71385846812203,472.6422431426831,138.38944995853657,150.34294438595418,0.0,181.91678041352887,341.8469098245826,193.9712795546457,161.75042282003474,469.06244280706886,189.34329816885412,172.71715767144408,131.33756055655337,431.9914357895138,144.00030448216293,170.53818082933685,173.15554800636963,240.04368646199555,135.41219110047265,142.8188366081866,127.42642337281568,182.18613471420844,129.45535901718316,137.95381258371836,168.8190440306928,134.61792654056336,134.65470296649616,113.8695935508708,803.9596374200819,138.80098143061943
IE,324.1938238095338,217.01594016482764,175.86415763157262,213.02816642856365,174.04368318914348,195.5589141666652,234.6073024638644,177.6792503759355,192.78921629030765,183.50041700281008,193.1155504419685,172.80089304510628,196.73143864604097,195.26190205356608,189.7966426354624,342.5842938889098,198.74617023529612,126.56927520208838,447.2724554037888,183.73367181817267,195.5634899623914,181.91678041352887,0.0,309.8276547619056,207.69500681316717,198.3851005622124,488.814322857208,230.98760276785055,200.6715637878673,190.16178287354768,457.9574107143511,205.60659721195984,217.20156976188727,212.1001348051891,212.05330190475044,183.98443170273623,183.64888849206392,189.87699250000432,200.29709649769663,198.58950520407436,198.6439188528046,231.18253889284568,180.5638644196353,180.4491047907552,178.5471710285671,807.8397740335687,202.90480283115716
IM,380.9227142857427,373.8365041025689,345.9314350877024,373.280591250005,342.3815554929584,356.15700638890223,393.1607385768045,348.17456719296734,353.16861370974414,347.3613400000268,360.1617978437355,336.73222324559725,359.43207388064576,363.3532203749973,354.51977327590623,391.93184722224544,363.0097536274485,300.439860146331,481.6029039855396,348.38249548485817,362.39197736842186,341.8469098245826,309.8276547619056,0.0,365.81291153849367,361.122212268821,573.2130000000562,377.2581968750029,352.2303924242204,356.2026034483254,548.5884166667313,365.34286693554793,373.6928507575677,369.8906554545943,350.7354888888537,352.5707918182088,351.1738555555771,354.398288041685,367.7710748386983,359.9032930952624,363.0261971212378,389.058960416602,349.0161615624318,347.7791780303069,349.15255326670336,897.7991348040259,363.593635363614
IS,315.804359890133,209.8892176923149,177.91623129554063,218.5897962500189,159.76935759480793,202.05249638888756,178.71660920485797,153.51844572873182,226.9881145988764,173.85606529413678,163.12732155048565,165.70675819837172,157.2985171641778,184.67210728523605,161.24877692307922,306.3717482906129,165.77032546153671,163.7482294821772,504.5074653846646,198.40991825175715,218.82950777326687,193.9712795546457,207.69500681316717,365.81291153849367,0.0,216.1121484143933,505.4556371794945,258.1389317788667,178.4425469696997,168.56421551724608,463.5807211538788,186.8463698511345,198.8841005827614,228.4328460839296,255.9502844017295,164.5897108546964,156.61086094017818,175.42592750963007,232.52540771712484,202.0926214521297,191.3595912354133,177.06528495512168,153.29896052882938,185.8841247474788,184.2266667076928,854.8832622169767,192.8482839090998
IT,300.624981276504,181.52227291563457,157.60140144142534,192.9891727419407,151.10649680190733,170.26307038889124,203.91701518702524,149.0459935823406,187.62689583870173,160.66255624477466,161.82778993044602,169.4343291307317,175.1056671405864,154.7476296518753,171.22692148943372,348.90192175268174,162.15662070018473,170.82407330054218,480.24062335907206,154.57261412023223,184.54437435484272,161.75042282003474,198.3851005622124,361.122212268821,216.1121484143933,0.0,484.87390930107983,226.90753918146007,180.5485697311757,167.47142081979726,434.16078432258223,176.69414125805733,193.38398190321743,193.1724519266864,231.5157503010811,162.8996849941308,177.87832903942822,158.06496381854456,174.5514537096713,166.59236439104896,172.93111524046293,198.26338555107628,168.3286001774211,168.51875329977403,162.53085097419577,746.7286146355941,177.8245710498514
LI,541.9808809524154,486.7937820512795,442.68934701751033,487.7942220833174,464.5656997652434,478.4182013889187,496.7544483146068,447.4062234210239,490.0783440860697,463.195797254896,453.6107736354023,466.4950897368108,476.5697218905812,478.5856624583529,472.1323778161767,544.0596222221917,476.0825416862672,470.1048344715031,604.9126811593759,479.6195511515266,488.0099668421248,469.06244280706886,488.814322857208,573.2130000000562,505.4556371794945,484.87390930107983,0.0,505.6253347916479,483.668057575713,474.7458678161527,534.1439750000077,480.31868709680674,500.7226636363304,492.85369151521184,525.8756249999002,469.3332315151741,469.1777038889337,470.62968654169487,498.2352606451351,482.9631086054592,480.7292851515873,491.4593217499238,468.3703880207435,472.7167464646562,465.15246760007307,868.4695882351946,475.68641263632935
LT,347.267640565478,221.17110120192345,203.2216708881621,210.4891593750145,202.81911426938416,195.1530197916701,237.18322975423345,205.5205696381583,210.3050634744856,191.7567286642303,216.98717515626092,195.3862873355268,197.8501235354697,217.6662118333194,203.48063786638448,388.7641185416549,222.94428956618185,214.3900664176848,510.44851127716,204.339439079556,203.51706694079115,189.34329816885412,230.98760276785055,377.2581968750029,258.1389317788667,226.90753918146007,505.6253347916479,0.0,231.30608638257613,178.77115388651794,476.4511243749867,199.98458047717224,227.6921791856128,218.71335278411857,269.5701313194792,206.482074981062,206.50617187500623,202.75867212501976,234.50482570564765,200.9498171556081,204.8998715719707,235.01823329165003,200.6177934374797,195.0072474557963,184.84814637500983,818.5489061395796,194.52660242046795
LU,288.7273567099492,190.77544722610827,145.76771468898997,197.7909871969701,128.31569075117463,181.559799065652,199.0767500851164,130.41064476075397,192.25116451612183,166.4228281639951,150.98051413731432,160.1593975837293,161.5784846675671,168.03568839013448,168.0878273249699,338.9342929292511,151.77692802317134,165.38703582408655,489.74889552040696,178.52765078787868,197.2231167942512,172.71715767144408,200.6715637878673,352.2303924242204,178.4425469696997,180.5485697311757,483.668057575713,231.30608638257613,0.0,162.2706142110659,438.93817499996624,174.82294252198017,175.71627878786285,200.373280606058,220.53712146465423,157.11484161615596,168.2625817676731,169.32319184849308,185.90557209187992,180.77371360853945,180.94305484847047,198.02453262877847,160.49439262309508,164.8933737373671,166.9660751151481,828.787962388553,185.75206566666395
LV,286.4665533662149,154.9276383908014,126.89617265576108,154.52483297415193,114.56568981544233,138.8113180747262,104.19085003228072,107.87562258619354,177.16773670746576,106.77297043947388,112.6231992819697,121.21168667572628,84.4747097615325,127.93452616809532,98.8036014942552,313.9654030651783,117.36197289587476,136.2043175435911,494.2779950525441,148.79194368652634,169.25855252872705,131.33756055655337,190.16178287354768,356.2026034483254,168.56421551724608,167.47142081979726,474.7458678161527,178.77115388651794,162.2706142110659,0.0,426.6021847701848,93.83945235445898,158.59225726227194,178.99655847439752,255.45738093873243,106.45283661441168,113.60594662837036,115.50104526006956,193.36053364849823,135.57246623152795,134.57786809820593,102.79983762357328,102.71907493893386,136.7966852664621,120.01568132872671,822.3670503717752,97.57986816405705
MC,492.20380952386944,447.3365534615469,428.2507128947084,455.05815624999,408.940901197168,434.6798875000263,441.7765665730452,411.73106894734536,456.76127419362,422.7786010784362,428.2174508437306,429.91141631576056,429.36754701498086,427.1502609583461,426.5320150000735,507.0898055555264,399.8618007058787,427.35720473167055,570.0759891304386,433.72930427273286,451.97693157895856,431.9914357895138,457.9574107143511,548.5884166667313,463.5807211538788,434.16078432258223,534.1439750000077,476.4511243749867,438.93817499996624,426.6021847701848,0.0,428.87500618286026,458.405692424224,460.954363636416,497.0066416665648,422.9797689899311,431.02743222226223,425.7711266250267,451.0023588709505,435.6841402041036,438.5577516667214,435.6577224165932,423.8207999999144,438.8629972222376,427.7745650000599,860.448227941099,426.7588314545064
MD,294.122629493128,153.94978287841235,140.88559945669746,155.58178841398868,128.79154333938914,145.00160612008435,102.90929822399087,122.74680008770542,183.0960010752776,121.12438705880612,125.98617281015096,139.02430592245858,108.89752752365736,137.8832253050931,117.11866635151053,324.5860727598891,128.5535238659022,152.64467187935173,499.1738924264552,156.5526162267917,177.74136748725536,144.00030448216293,205.60659721195984,365.34286693554793,186.8463698511345,176.69414125805733,480.31868709680674,199.98458047717224,174.82294252198017,93.83945235445898,428.87500618286026,0.0,161.03021388073466,181.4750307722414,265.77375206096553,121.88673784293,131.64308801077192,126.39636110082274,204.4896394623619,129.0389933388105,137.4071348093616,102.4314127446318,120.52706050738864,152.06966288693036,132.69673744945678,822.3643177101789,91.49211141055586
ME,312.62040519480297,163.09971617715564,166.5624823763924,127.58115946969816,164.95033215963193,166.45076280302908,190.1512325502206,158.76368386761692,190.29420029325675,163.19236563280694,168.9623051164802,177.12998047049047,165.33431714156163,177.68710636740315,172.71961815046592,345.40488989895675,176.7575068556107,182.76112489430167,500.7591600790502,166.71934242424632,161.3293202073309,170.53818082933685,217.20156976188727,373.6928507575677,198.8841005827614,193.38398190321743,500.7226636363304,227.6921791856128,175.71627878786285,158.59225726227194,458.405692424224,161.03021388073466,0.0,153.86111272726538,245.43970227274968,169.7292525252519,175.84417747474512,168.03511041289045,212.48809384163388,166.99823168522647,112.00507606059315,189.36641820453696,169.6511707102103,153.18607474747168,159.55659198787504,828.3387709447048,168.74145154545295
MK,324.1985109957064,144.57421958041238,178.07722593301918,141.90603625000966,181.3765871062813,155.54946184343942,222.8160928702832,176.52083796651158,172.6986024242484,179.67149672015054,189.6662085710261,190.355287488044,190.49310374490952,194.42727770073884,194.85804454544743,355.0444894949864,199.27744636363616,194.1417483813737,486.9752565218022,158.78262800000306,160.15736215310804,173.15554800636963,212.1001348051891,369.8906554545943,228.4328460839296,193.1724519266864,492.85369151521184,218.71335278411857,200.373280606058,178.99655847439752,460.954363636416,181.4750307722414,153.86111272726538,0.0,236.3403000505137,189.814469494956,194.91521777777743,182.2349016250121,202.89205278592613,167.01255548238518,140.0914718181674,222.2092367499901,190.78625960225568,154.41161252524608,168.96186243637007,806.6991824598019,190.19048609091263
MT,362.9031686507634,253.7234906410431,243.38614500000597,261.8523363889267,242.81750906887223,244.33372694442951,309.9214683832726,247.5860183040988,214.4643357527129,254.76551428107427,264.8335947395824,245.7039780117016,260.20974174962413,262.27242851386615,267.40279116856874,395.9011249999387,271.3558718627527,228.4129949241209,472.63592693227673,229.7002661515359,243.67836587717267,240.04368646199555,212.05330190475044,350.7354888888537,255.9502844017295,231.5157503010811,525.8756249999002,269.5701313194792,220.53712146465423,255.45738093873243,497.0066416665648,265.77375206096553,245.43970227274968,236.3403000505137,0.0,259.2355662121311,262.358144999984,257.21542566667745,239.30399431899508,248.86002612247916,254.7908448989672,309.65707736108084,258.04259093746464,228.35735429292137,243.39066517779548,816.1263527777171,272.56439563637304
NL,283.91556770564614,165.7540798601355,115.69173035618874,165.00828587120716,82.22178149523066,145.7662815909024,120.69025125182851,93.22027813662812,187.23966965135895,110.39392329173256,93.57104933301828,108.07603613237134,104.48565976480134,122.04671944065156,96.44736784743338,305.477266868704,103.72731587284524,122.33413761418652,488.38996002638567,150.93117236362875,175.12437335991694,135.41219110047265,183.98443170273623,352.5707918182088,164.5897108546964,162.8996849941308,469.3332315151741,206.482074981062,157.11484161615596,106.45283661441168,422.9797689899311,121.88673784293,169.7292525252519,189.814469494956,259.2355662121311,0.0,101.79865126261932,112.58245528914313,188.52248276311175,139.5296368903239,139.85907767676082,114.04479560858314,91.06450821022244,144.5938175757488,126.2468635191848,821.1017016755472,122.61117564645556
NO,288.6276538095258,169.3929547863286,125.14660397660496,168.19946652778347,109.40771151016874,154.88864916667382,127.57421333959454,103.69152722221662,192.30221007168848,115.88832777777591,110.5641486979183,93.00472868420884,107.53516647596906,137.00358940277258,89.21545994253285,295.79430277778573,118.71517793463993,129.6220902439023,489.0282516667162,161.51301116161935,178.09563704677728,142.8188366081866,183.64888849206392,351.1738555555771,156.61086094017818,177.87832903942822,469.1777038889337,206.50617187500623,168.2625817676731,113.60594662837036,431.02743222226223,131.64308801077192,175.84417747474512,194.91521777777743,262.358144999984,101.79865126261932,0.0,125.38689216667866,198.4017160573475,152.62828592971036,144.75525065657249,121.19027597223786,75.00575937500027,146.80370757576463,129.6597192222425,822.787597418244,129.06201916163022
PL,287.5741526369197,165.11444925000995,128.5296725723788,159.3190125000128,115.1350186267582,134.69854400001194,134.86894207445584,114.48493881579394,184.38731964383396,105.83719112500432,112.0646190312558,129.152666309221,117.34920158583434,131.6003187916611,115.81657969828542,312.7152364305784,118.9993765661754,138.64077468292732,486.4920298098118,142.86476753409468,165.3247965131663,127.42642337281568,189.87699250000432,354.398288041685,175.42592750963007,158.06496381854456,470.62968654169487,202.75867212501976,169.32319184849308,115.50104526006956,425.7711266250267,126.39636110082274,168.03511041289045,182.2349016250121,257.21542566667745,112.58245528914313,125.38689216667866,0.0,183.66627252420037,129.23535771173678,133.35875753410195,127.58957320833925,117.56416650000185,142.88025452526347,116.46155182500854,811.0538112425509,125.05454873864112
PT,301.63316325651834,206.66143870968253,181.6362028862539,207.99082524194017,173.10219393912735,187.8001189336926,235.946600137726,177.04791080645714,195.21374913977908,185.1702053636932,195.31996825303048,188.88687759762996,200.30492931631895,172.44074768950645,197.87478018910167,361.5581286379604,193.6324292352857,189.4830864862207,479.4648659046405,173.56958442228486,196.67740758914417,182.18613471420844,200.29709649769663,367.7710748386983,232.52540771712484,174.5514537096713,498.2352606451351,234.50482570564765,185.90557209187992,193.36053364849823,451.0023588709505,204.4896394623619,212.48809384163388,202.89205278592613,239.30399431899508,188.52248276311175,198.4017160573475,183.66627252420037,0.0,185.85915230743856,191.71322192569812,231.1979018091318,190.6629511491898,182.826728993166,179.90539095483862,796.6321866413117,201.7668691818186
RO,300.2848041837014,161.15513489010388,146.1929297475882,155.25237915815683,137.7640437525148,118.4496981349208,170.46770432126445,138.1018933082705,175.49296744679646,132.10147470387278,143.45078570982326,150.22993277121876,142.3878842506875,152.91802836479147,145.58520152357775,332.5815335261036,150.4249670900391,158.31472174365635,488.2795301996628,134.15570392021482,161.80231973684866,129.45535901718316,198.58950520407436,359.9032930952624,202.0926214521297,166.59236439104896,482.9631086054592,200.9498171556081,180.77371360853945,135.57246623152795,435.6841402041036,129.0389933388105,166.99823168522647,167.01255548238518,248.86002612247916,139.5296368903239,152.62828592971036,129.23535771173678,185.85915230743856,0.0,134.3803281539838,165.19348034523486,143.78525122448286,147.91032838280609,129.00042855917746,806.6884315786355,142.7001221892435
RS,300.97157199133704,148.3725214219089,139.78666956937147,102.4817229924171,137.11760351685766,131.18950073232915,160.1379242253819,131.4050245693683,177.54254200389062,128.7095626202998,138.80101091951082,148.1776327990388,140.56839092264147,150.95184070831937,141.25891772203596,323.79202494950096,147.51130887878267,156.75085203694985,487.9166709223589,138.1501996969712,133.16097550238652,137.95381258371836,198.6439188528046,363.0261971212378,191.3595912354133,172.93111524046293,480.7292851515873,204.8998715719707,180.94305484847047,134.57786809820593,438.5577516667214,137.4071348093616,112.00507606059315,140.0914718181674,254.7908448989672,139.85907767676082,144.75525065657249,133.35875753410195,191.71322192569812,134.3803281539838,0.0,155.64070723484588,137.33069071968598,129.83896757574794,125.44730535757289,812.5884622995244,137.65274651513565
RU,303.61363910710594,178.27904782692107,153.7361927324581,182.85341516666008,132.6829685551646,171.09246052777985,39.56907685487153,120.73200144298328,224.98206177687396,127.89094440685896,112.872619864585,144.6083027938611,102.57664829727524,139.75037862499013,103.44786150862974,313.2693385832852,110.80227341666414,159.92141401829292,525.735971148489,183.52158053788332,210.15956327630232,168.8190440306928,231.18253889284568,389.058960416602,177.06528495512168,198.26338555107628,491.4593217499238,235.01823329165003,198.02453262877847,102.79983762357328,435.6577224165932,102.4314127446318,189.36641820453696,222.2092367499901,309.65707736108084,114.04479560858314,121.19027597223786,127.58957320833925,231.1979018091318,165.19348034523486,155.64070723484588,0.0,111.07446347916724,180.96499271969307,152.86168291666542,845.6787716617717,91.70564438636816
SE,283.92534910709986,164.4026418749877,115.99011231907228,161.18120312498854,99.41251336707704,147.0406368402768,117.9764989922719,95.2504317763116,186.2996743279413,105.46173164215637,100.61863546875368,87.73992527960323,100.1760323973846,124.98896268750102,80.46851337284502,296.5878607291095,109.79544931617814,120.90944471951424,485.7656163857752,152.1427681534066,172.1941775657793,134.61792654056336,180.5638644196353,349.0161615624318,153.29896052882938,168.3286001774211,468.3703880207435,200.6177934374797,160.49439262309508,102.71907493893386,423.8207999999144,120.52706050738864,169.6511707102103,190.78625960225568,258.04259093746464,91.06450821022244,75.00575937500027,117.56416650000185,190.6629511491898,143.78525122448286,137.33069071968598,111.07446347916724,0.0,139.92248740845707,121.72815714999903,819.5586856984182,116.1891724204566
SI,295.48941875900266,163.4884938772285,131.8462779425677,143.27739441919363,136.72228807369868,143.22312542929944,181.99197233003773,132.07689962518117,166.64094183772875,129.9961668092745,146.86563990688236,142.68763646197712,143.24043205186416,155.877515337109,146.0445630477207,326.74011616160533,157.22390143256365,150.56954009953097,477.3801692138954,146.84793422222938,132.9481348272293,134.65470296649616,180.4491047907552,347.7791780303069,185.8841247474788,168.51875329977403,472.7167464646562,195.0072474557963,164.8933737373671,136.7966852664621,438.8629972222376,152.06966288693036,153.18607474747168,154.41161252524608,228.35735429292137,144.5938175757488,146.80370757576463,142.88025452526347,182.826728993166,147.91032838280609,129.83896757574794,180.96499271969307,139.92248740845707,0.0,123.55797446060664,804.2059305405793,154.73823750505468
SK,290.13144687620326,160.2565241538467,118.89235305262788,145.37294910000787,120.27271882816852,127.44356058890544,156.32767771235785,117.97156525262729,171.61526864947447,77.35606203136794,126.86861060625482,126.50454622104871,128.20242392237316,140.41750589166256,124.49119246896376,319.0543971111408,135.9363854352961,139.40235918048683,479.0060642609348,138.9621260000029,146.12967941052852,113.8695935508708,178.5471710285671,349.15255326670336,184.2266667076928,162.53085097419577,465.15246760007307,184.84814637500983,166.9660751151481,120.01568132872671,427.7745650000599,132.69673744945678,159.55659198787504,168.96186243637007,243.39066517779548,126.2468635191848,129.6597192222425,116.46155182500854,179.90539095483862,129.00042855917746,125.44730535757289,152.86168291666542,121.72815714999903,123.55797446060664,0.0,807.314520070592,125.85834379999667
SM,877.7691806722004,810.8195161084585,809.7901136223375,818.6956330881139,813.3061164291714,802.3387480881876,851.3787678122758,814.9574053096408,804.2795687537607,811.7202274510454,826.1299122774861,814.4180627090308,829.4293331870356,810.8984638700896,824.3577059025637,891.5592973856436,824.9750985293767,814.487900263946,914.4734578003928,798.2616492406007,804.0063737770453,803.9596374200819,807.8397740335687,897.7991348040259,854.8832622169767,746.7286146355941,868.4695882351946,818.5489061395796,828.787962388553,822.3670503717752,860.448227941099,822.3643177101789,828.3387709447048,806.6991824598019,816.1263527777171,821.1017016755472,822.787597418244,811.0538112425509,796.6321866413117,806.6884315786355,812.5884622995244,845.6787716617717,819.5586856984182,804.2059305405793,807.314520070592,0.0,817.5128841336136
