ISO_CODE,AE,AF,AM,AZ,BD,BH,BN,BT,CN,GE,HK,ID,IL,IN,IQ,JO,JP,KG,KH,KR,KW,KZ,LA,LB,LK,MM,MN,MO,MV,MY,NP,OM,PH,PK,PS,QA,SA,SG,TH,TJ,TM,TR,TW,UZ,VN,YE
AE,0.0,6.798555882352926,6.258551179775275,6.008727779246516,5.7830201262172025,3.730055258426962,7.386072108393921,7.268232974571252,8.433957161048689,6.28425015730337,10.97183413233456,6.155830479515957,7.087469818774911,6.917776428089859,7.299883943159283,12.19384487723678,7.614411523595467,5.880802003745299,6.03573312359548,8.72794489292794,3.610312977528084,5.755925339753864,6.354300044943814,6.294834591557841,5.554458766016139,6.156827901241847,7.100305011235945,10.934021966292152,8.860608374091203,10.495216144601828,5.577673513576759,4.990445227675925,6.055633381031043,5.313901882683396,10.351649486356312,3.704242423756016,4.343637183988732,5.170056247713603,14.735683000449416,7.408522395032514,11.663821856607768,7.165556905005087,14.102266625073884,5.970910720566674,13.284536260945355,7.985311637239159
AF,6.798555882352926,0.0,6.761075784313724,4.552094117647036,4.573089899999983,6.22443235294119,8.981944705882313,4.094759938080481,4.336626823529393,5.507990941176489,14.35823688453154,4.4733940914027,9.84807481973432,4.647645975381247,7.71370976470587,14.544768671023924,4.185619463529394,4.766844999999981,5.692896549019563,10.453242176470557,6.570033823529414,4.904150196078415,5.974594752941184,8.841456025437186,5.688017832817324,5.769250139318872,7.125430705882361,13.952366470588276,10.715445294117613,13.902597355498695,5.04509612745096,4.146173777089757,5.01625932352939,5.990716264705855,12.438791932773102,5.525078823529415,4.5015241691176415,7.787129001367984,17.491442983529407,4.381929721362203,7.859442464985958,6.831519973262022,16.97721915479872,4.567449833759576,15.596640268762696,3.757762605042007
AM,6.258551179775275,6.761075784313724,0.0,4.624202647058812,6.213570166666661,6.124987666666658,8.598190882352903,6.546495350877183,7.522076666666671,4.289377933333333,12.776142037037,6.746790928205111,8.019380967741943,7.190413581481453,8.05596221568628,13.251594074074037,6.933751653333323,5.35233833333332,6.079001399999952,10.106592078431362,6.312445333333329,5.016042619047607,6.687733466666676,6.890286036036001,6.203651929824544,6.60819378947366,5.754041666666664,12.12682500000004,9.596407549019563,12.7522714637681,6.166282499999982,6.1061221052631565,6.537625686274495,6.661491441176456,11.009678095238094,6.207499523809519,5.844629916666647,7.246722984496117,16.186825853333325,6.647684473684192,10.812838095238083,7.541258090909082,15.6993980877193,5.417009492753614,14.172117235632184,7.510305952380949
AZ,6.008727779246516,4.552094117647036,4.624202647058812,0.0,4.8096383862744805,5.493061882352948,8.602839411764682,4.370904055727537,4.585123686274486,3.836420588235293,13.753341764705857,5.04468594027147,8.909085673624269,5.158110745751613,7.946495529411747,14.385146100217831,4.326575284705871,3.7343769607842896,5.273352399999942,9.788343470588222,5.864216294117648,3.697385630252085,5.939318141176461,7.923246454689933,5.816018338493274,5.4946100402476565,5.670149529411761,13.416260882352988,10.618074117647026,13.691078358056254,5.22687469362743,4.307878792569632,5.161717205882324,5.685074029411745,12.087155546218495,5.07845626050418,4.48323674999998,7.16736108071134,17.117084369411753,4.235402538699671,8.31581372549015,6.609758844919775,16.591143780185718,3.531256764705873,15.156256897565948,4.469639663865528
BD,5.7830201262172025,4.573089899999983,6.213570166666661,4.8096383862744805,0.0,5.748551099999999,8.204701637254875,5.086099257894727,5.596286166666663,5.161368566666665,13.335979048148106,4.072016176923058,8.983381117204273,4.327671614814803,7.275986962745085,14.121282418518476,5.110529220000001,4.636613366666645,4.720618699999974,9.674839162745087,5.831529233333316,4.92876419523808,5.586907166666666,8.028864056756722,4.509638457894707,4.701028271929815,6.521692233333328,13.073791433333332,9.862681578431342,12.892290389855027,3.740142641666636,4.323931766666635,4.787333282352925,4.352778352941168,11.81244885238092,4.945929423809517,4.1931032083333255,6.8330152193798055,16.550886886666657,5.341021026315778,9.031383204761877,6.214477275757555,16.118929952631543,4.967614427536215,14.666140891954004,5.35695188095238
BH,3.730055258426962,6.22443235294119,6.124987666666658,5.493061882352948,5.748551099999999,0.0,7.640547999999954,6.808539789473673,7.861274666666692,6.02233560000001,11.742410148148103,6.1939514,7.7054006451612915,6.751425714814824,7.063539294117643,12.41081437037032,7.2040276,5.5491616666666514,5.888200933333328,9.656676764705894,3.5963609999999995,5.486622952380955,6.570360000000007,6.41165962162161,6.046179192982462,6.221621210526317,7.2042319999999815,11.579984000000024,9.451452352941118,11.122917217391295,5.700362916666659,4.514223157894755,5.901224235294122,5.881713735294114,10.989178571428566,3.0987051428571446,4.037567375000002,5.384269813953487,15.482546080000002,6.940861052631572,11.274748666666667,7.584980090909099,14.754651842105243,5.536550999999993,13.683504982758624,7.342880571428589
BN,7.386072108393921,8.981944705882313,8.598190882352903,8.602839411764682,8.204701637254875,7.640547999999954,0.0,9.029495975232154,10.980326941176449,9.120118023529365,11.447854030501055,8.154669112217166,9.001322447817818,9.926941247712376,8.485822941176448,12.590148671023922,10.167923016470546,8.444879313725435,7.751220501960726,10.780604882352907,7.338285666666656,8.204471204481747,7.934104564705842,8.41200904610489,8.059226295149626,7.490081173374568,9.276021470588194,11.296110882352917,8.839473529411725,8.61714595907927,7.794861078431345,8.24477529411761,8.176119970588212,8.059876441176456,11.33869815126046,7.188622983193256,7.693232022058769,6.755246922024604,15.148446637647028,9.6753586687306,13.600448039215603,8.890268181818161,14.098293086687264,8.49686950127872,14.060099856997974,10.392401988795475
BT,7.268232974571252,4.094759938080481,6.546495350877183,4.370904055727537,5.086099257894727,6.808539789473673,9.029495975232154,0.0,3.861090385964896,5.657669221052639,14.7360170175438,4.691023875303631,10.190310696095048,4.169015491422998,9.09987430340557,15.819249317738736,3.655638901052625,4.556137982456121,6.273134385964862,10.288826486068084,7.170739280701754,4.806172030075173,6.499815747368426,9.247046500711232,5.590502807017525,6.179892999999979,7.189779631578936,14.112756315789506,10.599839164086625,14.41008222883295,4.565234989035062,4.550517894736817,5.190578103715151,6.197524246130018,13.335185037593966,6.266489999999983,5.307212690789461,7.958394834761307,17.974004341052627,3.660692105263138,7.53910313283204,6.698243476076544,17.434089526315766,4.460170308924478,16.105695372958273,4.018337318295733
CN,8.433957161048689,4.336626823529393,7.522076666666671,4.585123686274486,5.596286166666663,7.861274666666692,10.980326941176449,3.861090385964896,0.0,5.804506933333361,16.662100296296288,4.673136492307666,11.831742817204264,4.221872329629608,10.061735607843124,17.270287037036994,2.331731013333325,5.233922999999993,6.711450399999987,11.158611313725473,8.035094333333365,5.368133714285708,7.419954000000029,10.706029801801778,6.937030982456141,7.110476403508754,7.597084333333353,16.25669833333334,12.851596980392143,16.439706086956537,6.298600833333329,4.600352526315772,5.883529205882339,7.297767852941174,14.890049904761897,6.944404809523815,5.455473291666659,9.540046372093006,19.839934906666684,3.4823742456140128,5.407430190476172,7.822855742424237,19.321685631578905,4.8755218115942025,17.65946470689654,2.3006392380952287
GE,6.28425015730337,5.507990941176489,4.289377933333333,3.836420588235293,5.161368566666665,6.02233560000001,9.120118023529365,5.657669221052639,5.804506933333361,0.0,13.637839925925848,5.623916984615378,8.828393974193538,5.876203922222217,8.354178329411756,14.431348770370288,5.43508560000001,4.760244466666672,5.587459466666655,9.919392952941164,6.321412999999999,4.657220685714299,6.363097600000013,7.935783016216197,6.025366484210533,5.9515645789473774,5.093645399999997,13.070033399999971,10.534819270588184,13.624210730434804,5.515512341666655,5.275566778947369,5.571947211764706,6.092852194117642,12.067277999999952,5.740905771428573,5.354269424999997,7.213370660465096,17.207958199999982,5.388484189473696,9.491715790476189,7.26926173636364,16.601102157894694,4.55148560869566,15.16059004482759,6.037759180952416
HK,10.97183413233456,14.35823688453154,12.776142037037,13.753341764705857,13.335979048148106,11.742410148148103,11.447854030501055,14.7360170175438,16.662100296296288,13.637839925925848,0.0,13.906634443874626,9.84093701314216,15.327918648148112,11.559912618736352,13.118661111111065,15.663488465185123,13.04755870370365,12.381946622222172,11.158816411764674,11.209080851851828,12.63401999999996,10.863633288888815,10.640026656656644,12.73530955165688,11.322804270955109,13.017082555555524,5.866714444444443,12.5423952723311,9.554952940418662,12.283459074074054,13.689197231968794,12.994802510893242,12.1790825043573,12.902189047619038,11.854386878306864,12.92391929166662,9.48573061154176,12.109568759999954,15.18307697855744,18.68585396825387,13.27738397138044,8.330387693957078,13.202286932367096,10.99947543358874,16.004285555555505
ID,6.155830479515957,4.4733940914027,6.746790928205111,5.04468594027147,4.072016176923058,6.1939514,8.154669112217166,4.691023875303631,4.673136492307666,5.623916984615378,13.906634443874626,0.0,9.4070030739454,4.516891787749275,7.936767783710388,14.407141607407365,4.172480418461535,4.49188365128204,5.265090692307672,9.305501726696814,6.278920246153823,4.734541044688633,6.1093978307692325,8.779714827858596,5.566928953036404,5.50690517489877,6.951604076923082,13.6427374769231,10.506805943891376,13.223215886287615,4.625794376282026,3.99619900323884,4.548617388235272,5.576938087330299,12.33961469670328,5.338782397802183,4.271729996153846,7.092201246511595,17.074924541538476,4.732965063967596,8.342294822710603,6.164912209090889,16.757162716599193,4.661118367892964,15.279965801856752,4.691006063003648
IL,7.087469818774911,9.84807481973432,8.019380967741943,8.909085673624269,8.983381117204273,7.7054006451612915,9.001322447817818,10.190310696095048,11.831742817204264,8.828393974193538,9.84093701314216,9.4070030739454,0.0,10.81216127921143,7.293173092979116,10.093776344085994,11.02191507354834,8.552833924731148,8.2193200817204,9.64114768311194,7.030243301075267,8.192470476190465,7.99025450322581,5.916934385353086,8.33347409734012,8.25869544821729,8.479649258064482,9.586411290322587,9.74265314990508,9.74462440112202,8.233253064516136,9.16376853989811,9.04904044212523,8.02726067647057,8.037779953917061,7.527295944700449,8.466732608870926,7.065713683420845,13.712484512258047,10.523038505942242,14.117684654377774,9.045400321114348,12.514507869269911,8.697270315567998,12.14968726307004,11.107196943164332
IN,6.917776428089859,4.647645975381247,7.190413581481453,5.158110745751613,4.327671614814803,6.751425714814824,9.926941247712376,4.169015491422998,4.221872329629608,5.876203922222217,15.327918648148112,4.516891787749275,10.81216127921143,0.0,9.2394882533769,16.109966203703653,3.9398575251851695,5.208154114814796,6.231339611111104,10.695233196732008,6.948000292592578,5.342537701058169,6.977223285185177,9.60775479989988,5.461932142884968,6.359584225925907,7.480552455555538,14.9823546925926,11.566216195424795,14.867034444605473,4.798451324074058,4.068707886354752,5.233244294771223,5.959931544662296,13.730970646031718,5.951316069312154,4.9141637407407375,8.171361947372912,18.419965846666692,4.470462601364513,8.088298671428534,7.229889548821537,17.93841052027291,5.060967994685972,16.34183201609193,4.426138164550257
IQ,7.299883943159283,7.71370976470587,8.05596221568628,7.946495529411747,7.275986962745085,7.063539294117643,8.485822941176448,9.09987430340557,10.061735607843124,8.354178329411756,11.559912618736352,7.936767783710388,7.293173092979116,9.2394882533769,0.0,10.053968592592556,9.38122726588233,7.417932058823523,6.74272650196075,10.090552529411738,6.663119980392149,7.171250946778705,7.041188399999998,6.998179799682002,7.475995450980365,7.0663242136222735,8.477673588235293,11.222324470588262,9.830236470588218,10.614766849104852,7.450698291666643,7.780492185758499,8.038454088235282,7.562893558823512,8.748562873949558,6.96716079831932,6.892637639705863,7.683988834473307,14.077585270588234,9.2395834241486,12.870403142857104,8.331831034759354,13.797074089783257,7.613903086956518,12.385309540567954,9.042090431372529
JO,12.19384487723678,14.544768671023924,13.251594074074037,14.385146100217831,14.121282418518476,12.41081437037032,12.590148671023922,15.819249317738736,17.270287037036994,14.431348770370288,13.118661111111065,14.407141607407365,10.093776344085994,16.109966203703653,10.053968592592556,0.0,16.497918151111033,14.222763888888837,12.883398162962896,13.44969971023961,11.676645518518468,13.792337354497295,12.49477949629624,9.797612602602564,13.37508925925925,13.030792282651053,13.611376333333316,12.868703148148107,13.03664893246182,11.794174917874402,13.52428942129628,14.480876822612018,14.50679312962964,13.254532029411754,7.93259296296293,12.46648634920634,13.182575300925896,12.47243925064593,13.626438959999964,16.04793795321627,19.27879296296287,13.834424542087522,14.237276816764108,14.335966867954848,13.47261552681992,16.139595185185126
JP,7.614411523595467,4.185619463529394,6.933751653333323,4.326575284705871,5.110529220000001,7.2040276,10.167923016470546,3.655638901052625,2.331731013333325,5.43508560000001,15.663488465185123,4.172480418461535,11.02191507354834,3.9398575251851695,9.38122726588233,16.497918151111033,0.0,4.587600413333331,6.216866373333316,10.063385677647036,7.407292013333325,4.643385028571428,6.729574320000017,9.957710177297256,6.397167755789451,6.514588254736812,7.192760920000009,15.24817515999995,12.186355717646997,15.489052187826058,5.686296818333322,4.233844762105242,5.269276682352929,6.657178194117631,14.118166537142807,6.361744039999971,4.95381840499999,8.682537343255749,18.856007399999992,3.215595528421053,6.426271196190482,7.115099489090885,18.342022789473624,4.228347424347818,16.788183385517215,3.166071771428573
KG,5.880802003745299,4.766844999999981,5.35233833333332,3.7343769607842896,4.636613366666645,5.5491616666666514,8.444879313725435,4.556137982456121,5.233922999999993,4.760244466666672,13.04755870370365,4.49188365128204,8.552833924731148,5.208154114814796,7.417932058823523,14.222763888888837,4.587600413333331,0.0,5.518357666666618,9.091992274509808,5.920587333333327,2.6238678571428475,5.928903266666661,7.8748559009008385,5.349598157894709,5.756416736842069,6.231494333333322,12.69300333333338,10.138280686274449,13.12983992753622,4.595079166666643,4.535042894736805,4.918451431372525,5.460689852941165,11.840655476190465,5.369386904761893,4.76987049999998,6.703806705426337,16.63731393333334,4.117016228070167,8.57463833333329,6.289425287878772,15.982028105263122,2.8867585507246303,14.679196534482786,5.024900238095232
KH,6.03573312359548,5.692896549019563,6.079001399999952,5.273352399999942,4.720618699999974,5.888200933333328,7.751220501960726,6.273134385964862,6.711450399999987,5.587459466666655,12.381946622222172,5.265090692307672,8.2193200817204,6.231339611111104,6.74272650196075,12.883398162962896,6.216866373333316,5.518357666666618,0.0,9.182499792156834,5.718161399999984,5.418904952380908,4.567608533333319,7.393066180180123,5.187461024561369,4.125801007017523,5.870895533333306,11.709137333333326,9.394259945097978,12.003612353623186,5.095245516666632,5.462356252631538,5.189472025490187,5.622897947058805,10.96013001904758,5.3254730190476085,5.019499658333307,6.42222076279068,14.920167880000006,6.480472863157825,10.349271066666576,7.01989016363635,15.224559301754354,5.565704530434725,13.38498736666664,6.428954952380907
KR,8.72794489292794,10.453242176470557,10.106592078431362,9.788343470588222,9.674839162745087,9.656676764705894,10.780604882352907,10.288826486068084,11.158611313725473,9.919392952941164,11.158816411764674,9.305501726696814,9.64114768311194,10.695233196732008,10.090552529411738,13.44969971023961,10.063385677647036,9.091992274509808,9.182499792156834,0.0,8.943811411764706,8.859542831932774,8.227450929411763,9.524321429252764,9.51524227141382,9.184871715170274,10.21073929411767,11.308375588235323,11.991470411764674,11.692303102301786,8.909310284313715,9.590045990712072,9.4703758235294,9.010443382352948,11.82694958823529,9.04049346218487,9.278534088235276,9.300955582763322,13.383161350588226,10.475340869969036,14.015207414565802,9.753601668449177,12.925357851393146,9.469053851662398,12.578411824543586,11.064923140056004
KW,3.610312977528084,6.570033823529414,6.312445333333329,5.864216294117648,5.831529233333316,3.5963609999999995,7.338285666666656,7.170739280701754,8.035094333333365,6.321412999999999,11.209080851851828,6.278920246153823,7.030243301075267,6.948000292592578,6.663119980392149,11.676645518518468,7.407292013333325,5.920587333333327,5.718161399999984,8.943811411764706,0.0,5.6681209047618974,6.326297533333346,6.01582860360357,5.97497763157895,6.116293578947346,7.031713999999997,11.146793666666678,8.934433980392152,10.574788304347829,5.874716833333334,4.772830052631567,6.173925205882342,5.896589872549019,10.235910523809496,3.5133375714285617,3.969796791666644,5.5566326124031,14.69494596000002,7.275554578947363,11.455795095238075,7.364181060606057,13.990574070175407,6.040225130434779,13.333039637931034,7.3992887142857215
KZ,5.755925339753864,4.904150196078415,5.016042619047607,3.697385630252085,4.92876419523808,5.486622952380955,8.204471204481747,4.806172030075173,5.368133714285708,4.657220685714299,12.63401999999996,4.734541044688633,8.192470476190465,5.342537701058169,7.171250946778705,13.792337354497295,4.643385028571428,2.6238678571428475,5.418904952380908,8.859542831932774,5.6681209047618974,0.0,5.75253200000001,7.583654864864825,5.224569824561388,5.894799421052598,6.211899523809507,12.326522380952436,10.101490224089584,12.677638339544515,4.856149166666648,4.442588571428544,4.933594554621827,5.527801810924365,11.682916190476188,5.167061666666663,4.535796160714274,6.472831627906958,16.27060393904761,4.540040626566407,8.702929047619026,6.132394506493496,15.657707586466149,3.119517070393368,14.33681795977014,5.126209999999998
LA,6.354300044943814,5.974594752941184,6.687733466666676,5.939318141176461,5.586907166666666,6.570360000000007,7.934104564705842,6.499815747368426,7.419954000000029,6.363097600000013,10.863633288888815,6.1093978307692325,7.99025450322581,6.977223285185177,7.041188399999998,12.49477949629624,6.729574320000017,5.928903266666661,4.567608533333319,8.227450929411763,6.326297533333346,5.75253200000001,0.0,7.318979881081035,5.519827817543848,4.535941673684216,6.758087999999998,10.646041199999972,9.144290376470538,10.936364069565212,5.395002733333314,5.967583621052603,5.838082841176459,5.91763301764705,10.884061885714248,6.009509514285711,5.680561475000006,6.595938158139522,13.326436039999953,6.917812610526325,10.66541053333331,7.069372072727269,13.667509842105208,6.0773158695652185,12.45150912068966,7.080262533333358
LB,6.294834591557841,8.841456025437186,6.890286036036001,7.923246454689933,8.028864056756722,6.41165962162161,8.41200904610489,9.247046500711232,10.706029801801778,7.935783016216197,10.640026656656644,8.779714827858596,5.916934385353086,9.60775479989988,6.998179799682002,9.797612602602564,9.957710177297256,7.8748559009008385,7.393066180180123,9.524321429252764,6.01582860360357,7.583654864864825,7.318979881081035,0.0,7.23989522522521,7.6888019644380785,7.863821648648637,10.164466216216276,8.914269252782168,10.184954368977648,7.316564966216181,7.958727724039808,8.480522949920514,7.311076139109679,8.583753667953657,6.374350521235522,7.180514929054001,6.839544582023875,13.963222085405388,9.602974850640091,13.549435881595898,8.415894509827995,13.152783085348482,7.878362168037559,12.44658370037277,10.007541209781204
LK,5.554458766016139,5.688017832817324,6.203651929824544,5.816018338493274,4.509638457894707,6.046179192982462,8.059226295149626,5.590502807017525,6.937030982456141,6.025366484210533,12.73530955165688,5.566928953036404,8.33347409734012,5.461932142884968,7.475995450980365,13.37508925925925,6.397167755789451,5.349598157894709,5.187461024561369,9.51524227141382,5.97497763157895,5.224569824561388,5.519827817543848,7.23989522522521,0.0,5.522890929824536,6.825194912280701,12.314057105263217,8.76500543859649,11.97623881006866,4.0310098793859375,5.14621333333332,5.370254314241465,4.754675874612977,11.24566528822057,5.391287543859655,5.132364434210508,6.356282798857599,15.685123534035103,6.39486719298242,10.154688245614022,6.626579952950531,15.420296859649136,5.47352856216627,13.931221608892924,6.588896416040092
MM,6.156827901241847,5.769250139318872,6.60819378947366,5.4946100402476565,4.701028271929815,6.221621210526317,7.490081173374568,6.179892999999979,7.110476403508754,5.9515645789473774,11.322804270955109,5.50690517489877,8.25869544821729,6.359584225925907,7.0663242136222735,13.030792282651053,6.514588254736812,5.756416736842069,4.125801007017523,9.184871715170274,6.116293578947346,5.894799421052598,4.535941673684216,7.6888019644380785,5.522890929824536,0.0,6.18514221052631,11.27098515789473,9.574422089783235,11.252423608695612,4.743215280701738,5.60087647368418,5.149149424148598,5.638329691950444,11.528735210526271,5.623893691729323,5.286030164473672,6.04079548959606,14.651333014736869,6.606104157894708,10.335246664160351,7.1089191124401845,14.204762631578934,5.794283029748263,13.237181830308538,6.9248555614034935
MN,7.100305011235945,7.125430705882361,5.754041666666664,5.670149529411761,6.521692233333328,7.2042319999999815,9.276021470588194,7.189779631578936,7.597084333333353,5.093645399999997,13.017082555555524,6.951604076923082,8.479649258064482,7.480552455555538,8.477673588235293,13.611376333333316,7.192760920000009,6.231494333333322,5.870895533333306,10.21073929411767,7.031713999999997,6.211899523809507,6.758087999999998,7.863821648648637,6.825194912280701,6.18514221052631,0.0,12.425310000000042,10.582342235294108,13.077447391304355,6.427551499999984,7.0020867368420845,6.657242882352934,7.138977970588214,11.422924714285733,6.740146571428571,6.757580124999985,7.438292883720919,16.438502279999994,7.185839421052621,11.028706095238151,8.423370818181807,15.891720210526293,6.261881999999977,14.57717887931036,7.717354571428579
MO,10.934021966292152,13.952366470588276,12.12682500000004,13.416260882352988,13.073791433333332,11.579984000000024,11.296110882352917,14.112756315789506,16.25669833333334,13.070033399999971,5.866714444444443,13.6427374769231,9.586411290322587,14.9823546925926,11.222324470588262,12.868703148148107,15.24817515999995,12.69300333333338,11.709137333333326,11.308375588235323,11.146793666666678,12.326522380952436,10.646041199999972,10.164466216216276,12.314057105263217,11.27098515789473,12.425310000000042,0.0,11.900034705882314,10.080344391304374,11.973991875000024,13.454305526315848,12.559463529411795,12.04186032352944,12.322045714285762,11.5857021428572,12.628038375000012,9.603072209302349,12.209070599999968,14.64223394736846,18.37420023809529,13.140881227272752,9.752609947368414,12.780142826086967,11.450882155172444,15.49265404761913
MV,8.860608374091203,10.715445294117613,9.596407549019563,10.618074117647026,9.862681578431342,9.451452352941118,8.839473529411725,10.599839164086625,12.851596980392143,10.534819270588184,12.5423952723311,10.506805943891376,9.74265314990508,11.566216195424795,9.830236470588218,13.03664893246182,12.186355717646997,10.138280686274449,9.394259945097978,11.991470411764674,8.934433980392152,10.101490224089584,9.144290376470538,8.914269252782168,8.76500543859649,9.574422089783235,10.582342235294108,11.900034705882314,0.0,11.258299529411754,9.238380735294102,10.218467832817325,10.386488823529398,8.98150961764705,11.471431008403302,9.42849029411763,9.51349232352937,9.33742833105332,14.941537110588188,11.576623839009237,15.284976750700176,10.29996480481283,14.5070718421052,10.344586381074125,14.01395033975658,12.268430588235235
MY,10.495216144601828,13.902597355498695,12.7522714637681,13.691078358056254,12.892290389855027,11.122917217391295,8.61714595907927,14.41008222883295,16.439706086956537,13.624210730434804,9.554952940418662,13.223215886287615,9.74462440112202,14.867034444605473,10.614766849104852,11.794174917874402,15.489052187826058,13.12983992753622,12.003612353623186,11.692303102301786,10.574788304347829,12.677638339544515,10.936364069565212,10.184954368977648,11.97623881006866,11.252423608695612,13.077447391304355,10.080344391304374,11.258299529411754,0.0,11.827558164855072,13.14921329977116,12.583704494884904,11.617924072890014,11.425965204968936,11.386715931677012,12.194682809782575,9.141353862487378,12.30244656347824,14.93370507551488,18.276246033126277,12.42896366600789,11.10939349885584,13.139688826086957,12.084453359070466,15.678743834368513
NP,5.577673513576759,5.04509612745096,6.166282499999982,5.22687469362743,3.740142641666636,5.700362916666659,7.794861078431345,4.565234989035062,6.298600833333329,5.515512341666655,12.283459074074054,4.625794376282026,8.233253064516136,4.798451324074058,7.450698291666643,13.52428942129628,5.686296818333322,4.595079166666643,5.095245516666632,8.909310284313715,5.874716833333334,4.856149166666648,5.395002733333314,7.316564966216181,4.0310098793859375,4.743215280701738,6.427551499999984,11.973991875000024,9.238380735294102,11.827558164855072,0.0,4.653750646929801,4.760043647058804,4.813255607843115,11.422549523809522,5.213256071428554,4.75610016666665,6.037424462209283,15.657359311666657,5.680610646929798,9.436076517857115,6.029446162878767,14.900671392543853,5.0198936775362135,13.847666077586188,6.066329553571417
OM,4.990445227675925,4.146173777089757,6.1061221052631565,4.307878792569632,4.323931766666635,4.514223157894755,8.24477529411761,4.550517894736817,4.600352526315772,5.275566778947369,13.689197231968794,3.99619900323884,9.16376853989811,4.068707886354752,7.780492185758499,14.480876822612018,4.233844762105242,4.535042894736805,5.462356252631538,9.590045990712072,4.772830052631567,4.442588571428544,5.967583621052603,7.958727724039808,5.14621333333332,5.60087647368418,7.0020867368420845,13.454305526315848,10.218467832817325,13.14921329977116,4.653750646929801,0.0,4.652064998451995,5.344200908668719,12.220988872180474,3.881072443609018,2.808893184210512,6.8226483720930045,17.123926884210512,4.433437368421014,8.594008997493683,6.523504038277489,16.45856721052629,4.168861864988526,15.101873788566254,4.361085588972408
PH,6.055633381031043,5.01625932352939,6.537625686274495,5.161717205882324,4.787333282352925,5.901224235294122,8.176119970588212,5.190578103715151,5.883529205882339,5.571947211764706,12.994802510893242,4.548617388235272,9.04904044212523,5.233244294771223,8.038454088235282,14.50679312962964,5.269276682352929,4.918451431372525,5.189472025490187,9.4703758235294,6.173925205882342,4.933594554621827,5.838082841176459,8.480522949920514,5.370254314241465,5.149149424148598,6.657242882352934,12.559463529411795,10.386488823529398,12.583704494884904,4.760043647058804,4.652064998451995,0.0,5.699786558823521,12.361142105042,5.170419550420151,4.6576072426470425,6.340448140902854,16.203527525882322,5.530833877708956,9.429392403361328,7.080538911764691,15.703525160990695,4.704811441176454,14.467684331643012,5.722006672268901
PK,5.313901882683396,5.990716264705855,6.661491441176456,5.685074029411745,4.352778352941168,5.881713735294114,8.059876441176456,6.197524246130018,7.297767852941174,6.092852194117642,12.1790825043573,5.576938087330299,8.02726067647057,5.959931544662296,7.562893558823512,13.254532029411754,6.657178194117631,5.460689852941165,5.622897947058805,9.010443382352948,5.896589872549019,5.527801810924365,5.91763301764705,7.311076139109679,4.754675874612977,5.638329691950444,7.138977970588214,12.04186032352944,8.98150961764705,11.617924072890014,4.813255607843115,5.344200908668719,5.699786558823521,0.0,10.899694138655477,5.318677600840327,5.244471683823526,6.50904270519833,15.21903171176472,6.684753630030947,10.483534390756263,6.305354425133681,14.73064353095972,5.676027405370842,13.481012529411757,7.02733674649858
PS,10.351649486356312,12.438791932773102,11.009678095238094,12.087155546218495,11.81244885238092,10.989178571428566,11.33869815126046,13.335185037593966,14.890049904761897,12.067277999999952,12.902189047619038,12.33961469670328,8.037779953917061,13.730970646031718,8.748562873949558,7.93259296296293,14.118166537142807,11.840655476190465,10.96013001904758,11.82694958823529,10.235910523809496,11.682916190476188,10.884061885714248,8.583753667953657,11.24566528822057,11.528735210526271,11.422924714285733,12.322045714285762,11.471431008403302,11.425965204968936,11.422549523809522,12.220988872180474,12.361142105042,10.899694138655477,0.0,10.802027857142852,11.195835910714257,11.088277807308945,14.306612348571427,13.760600751879702,17.124924761904783,11.788617999999984,13.91384339097743,11.978743695652184,13.0990848596059,13.856926666666704
QA,3.704242423756016,5.525078823529415,6.207499523809519,5.07845626050418,4.945929423809517,3.0987051428571446,7.188622983193256,6.266489999999983,6.944404809523815,5.740905771428573,11.854386878306864,5.338782397802183,7.527295944700449,5.951316069312154,6.96716079831932,12.46648634920634,6.361744039999971,5.369386904761893,5.3254730190476085,9.04049346218487,3.5133375714285617,5.167061666666663,6.009509514285711,6.374350521235522,5.391287543859655,5.623893691729323,6.740146571428571,11.5857021428572,9.42849029411763,11.386715931677012,5.213256071428554,3.881072443609018,5.170419550420151,5.318677600840327,10.802027857142852,0.0,3.178066053571404,5.198327192691019,15.69438261142857,6.243536804511256,10.55568571428572,6.952638201298686,14.72097775939846,5.167426894409915,13.78926961822658,6.512822380952388
SA,4.343637183988732,4.5015241691176415,5.844629916666647,4.48323674999998,4.1931032083333255,4.037567375000002,7.693232022058769,5.307212690789461,5.455473291666659,5.354269424999997,12.92391929166662,4.271729996153846,8.466732608870926,4.9141637407407375,6.892637639705863,13.182575300925896,4.95381840499999,4.76987049999998,5.019499658333307,9.278534088235276,3.969796791666644,4.535796160714274,5.680561475000006,7.180514929054001,5.132364434210508,5.286030164473672,6.757580124999985,12.628038375000012,9.51349232352937,12.194682809782575,4.75610016666665,2.808893184210512,4.6576072426470425,5.244471683823526,11.195835910714257,3.178066053571404,0.0,6.194155936046468,16.32094798499999,5.163102138157884,9.27979839285713,6.479374352272722,15.42890284210524,4.510134309782588,14.149614396551703,4.816448297619047
SG,5.170056247713603,7.787129001367984,7.246722984496117,7.16736108071134,6.8330152193798055,5.384269813953487,6.755246922024604,7.958394834761307,9.540046372093006,7.213370660465096,9.48573061154176,7.092201246511595,7.065713683420845,8.171361947372912,7.683988834473307,12.47243925064593,8.682537343255749,6.703806705426337,6.42222076279068,9.300955582763322,5.5566326124031,6.472831627906958,6.595938158139522,6.839544582023875,6.356282798857599,6.04079548959606,7.438292883720919,9.603072209302349,9.33742833105332,9.141353862487378,6.037424462209283,6.8226483720930045,6.340448140902854,6.50904270519833,11.088277807308945,5.198327192691019,6.194155936046468,0.0,14.364930533953446,8.378679228886144,12.424138947951189,7.933354447145849,12.895323286413678,6.611585222446897,12.57404992662388,9.16412196013287
TH,14.735683000449416,17.491442983529407,16.186825853333325,17.117084369411753,16.550886886666657,15.482546080000002,15.148446637647028,17.974004341052627,19.839934906666684,17.207958199999982,12.109568759999954,17.074924541538476,13.712484512258047,18.419965846666692,14.077585270588234,13.626438959999964,18.856007399999992,16.63731393333334,14.920167880000006,13.383161350588226,14.69494596000002,16.27060393904761,13.326436039999953,13.963222085405388,15.685123534035103,14.651333014736869,16.438502279999994,12.209070599999968,14.941537110588188,12.30244656347824,15.657359311666657,17.123926884210512,16.203527525882322,15.21903171176472,14.306612348571427,15.69438261142857,16.32094798499999,14.364930533953446,0.0,18.41168023368421,21.517199186666694,15.97139792909093,12.192189503157904,16.923726902608706,11.869569967586182,19.07493632571428
TJ,7.408522395032514,4.381929721362203,6.647684473684192,4.235402538699671,5.341021026315778,6.940861052631572,9.6753586687306,3.660692105263138,3.4823742456140128,5.388484189473696,15.18307697855744,4.732965063967596,10.523038505942242,4.470462601364513,9.2395834241486,16.04793795321627,3.215595528421053,4.117016228070167,6.480472863157825,10.475340869969036,7.275554578947363,4.540040626566407,6.917812610526325,9.602974850640091,6.39486719298242,6.606104157894708,7.185839421052621,14.64223394736846,11.576623839009237,14.93370507551488,5.680610646929798,4.433437368421014,5.530833877708956,6.684753630030947,13.760600751879702,6.243536804511256,5.163102138157884,8.378679228886144,18.41168023368421,0.0,7.100058145363386,7.400484105263144,17.875853421052586,3.8279879290617767,16.40629995735029,3.670919348370918
TM,11.663821856607768,7.859442464985958,10.812838095238083,8.31581372549015,9.031383204761877,11.274748666666667,13.600448039215603,7.53910313283204,5.407430190476172,9.491715790476189,18.68585396825387,8.342294822710603,14.117684654377774,8.088298671428534,12.870403142857104,19.27879296296287,6.426271196190482,8.57463833333329,10.349271066666576,14.015207414565802,11.455795095238075,8.702929047619026,10.66541053333331,13.549435881595898,10.154688245614022,10.335246664160351,11.028706095238151,18.37420023809529,15.284976750700176,18.276246033126277,9.436076517857115,8.594008997493683,9.429392403361328,10.483534390756263,17.124924761904783,10.55568571428572,9.27979839285713,12.424138947951189,21.517199186666694,7.100058145363386,0.0,9.861648800865776,21.01594013283199,8.133624689440934,19.74775941789817,6.23463809523808
TR,7.165556905005087,6.831519973262022,7.541258090909082,6.609758844919775,6.214477275757555,7.584980090909099,8.890268181818161,6.698243476076544,7.822855742424237,7.26926173636364,13.27738397138044,6.164912209090889,9.045400321114348,7.229889548821537,8.331831034759354,13.834424542087522,7.115099489090885,6.289425287878772,7.01989016363635,9.753601668449177,7.364181060606057,6.132394506493496,7.069372072727269,8.415894509827995,6.626579952950531,7.1089191124401845,8.423370818181807,13.140881227272752,10.29996480481283,12.42896366600789,6.029446162878767,6.523504038277489,7.080538911764691,6.305354425133681,11.788617999999984,6.952638201298686,6.479374352272722,7.933354447145849,15.97139792909093,7.400484105263144,9.861648800865776,0.0,15.842466344497568,6.680732164031605,14.889019526645756,7.686863800865788
TW,14.102266625073884,16.97721915479872,15.6993980877193,16.591143780185718,16.118929952631543,14.754651842105243,14.098293086687264,17.434089526315766,19.321685631578905,16.601102157894694,8.330387693957078,16.757162716599193,12.514507869269911,17.93841052027291,13.797074089783257,14.237276816764108,18.342022789473624,15.982028105263122,15.224559301754354,12.925357851393146,13.990574070175407,15.657707586466149,13.667509842105208,13.152783085348482,15.420296859649136,14.204762631578934,15.891720210526293,9.752609947368414,14.5070718421052,11.10939349885584,14.900671392543853,16.45856721052629,15.703525160990695,14.73064353095972,13.91384339097743,14.72097775939846,15.42890284210524,12.895323286413678,12.192189503157904,17.875853421052586,21.01594013283199,15.842466344497568,0.0,16.06667233409608,10.719987376587993,18.52311316541353
UZ,5.970910720566674,4.567449833759576,5.417009492753614,3.531256764705873,4.967614427536215,5.536550999999993,8.49686950127872,4.460170308924478,4.8755218115942025,4.55148560869566,13.202286932367096,4.661118367892964,8.697270315567998,5.060967994685972,7.613903086956518,14.335966867954848,4.228347424347818,2.8867585507246303,5.565704530434725,9.469053851662398,6.040225130434779,3.119517070393368,6.0773158695652185,7.878362168037559,5.47352856216627,5.794283029748263,6.261881999999977,12.780142826086967,10.344586381074125,13.139688826086957,5.0198936775362135,4.168861864988526,4.704811441176454,5.676027405370842,11.978743695652184,5.167426894409915,4.510134309782588,6.611585222446897,16.923726902608706,3.8279879290617767,8.133624689440934,6.680732164031605,16.06667233409608,0.0,14.664172341079476,4.440598706004139
VN,13.284536260945355,15.596640268762696,14.172117235632184,15.156256897565948,14.666140891954004,13.683504982758624,14.060099856997974,16.105695372958273,17.65946470689654,15.16059004482759,10.99947543358874,15.279965801856752,12.14968726307004,16.34183201609193,12.385309540567954,13.47261552681992,16.788183385517215,14.679196534482786,13.38498736666664,12.578411824543586,13.333039637931034,14.33681795977014,12.45150912068966,12.44658370037277,13.931221608892924,13.237181830308538,14.57717887931036,11.450882155172444,14.01395033975658,12.084453359070466,13.847666077586188,15.101873788566254,14.467684331643012,13.481012529411757,13.0990848596059,13.78926961822658,14.149614396551703,12.57404992662388,11.869569967586182,16.40629995735029,19.74775941789817,14.889019526645756,10.719987376587993,14.664172341079476,0.0,16.902597987684736
YE,7.985311637239159,3.757762605042007,7.510305952380949,4.469639663865528,5.35695188095238,7.342880571428589,10.392401988795475,4.018337318295733,2.3006392380952287,6.037759180952416,16.004285555555505,4.691006063003648,11.107196943164332,4.426138164550257,9.042090431372529,16.139595185185126,3.166071771428573,5.024900238095232,6.428954952380907,11.064923140056004,7.3992887142857215,5.126209999999998,7.080262533333358,10.007541209781204,6.588896416040092,6.9248555614034935,7.717354571428579,15.49265404761913,12.268430588235235,15.678743834368513,6.066329553571417,4.361085588972408,5.722006672268901,7.02733674649858,13.856926666666704,6.512822380952388,4.816448297619047,9.16412196013287,19.07493632571428,3.670919348370918,6.23463809523808,7.686863800865788,18.52311316541353,4.440598706004139,16.902597987684736,0.0
